"(Benchmark_method, commit)",Add Class Annotation,Extract Variable,Change Return Type,Remove Method Annotation,Extract Method,Inline Variable,Add Parameter,Pull Up Method,Extract And Move Method,Add Method Annotation,Change Variable Type,Modify Method Annotation,Move Method,Change Attribute Type,Change Parameter Type,Add Attribute Annotation,Extract Class,Pull Up Attribute,Remove Parameter,Modify Class Annotation,Remove Class Annotation,Remove Attribute Annotation,Push Down Method,Move Class,Extract Superclass,Extract Interface,sum,delta
"(org.eclipse.collections.impl.jmh.SumOfDoubleTest.serial_lazy_directSumOfDouble_ec,6a4e99a2f144a3c258909ef9be7134abaabd45de)",0,0,0,0,0,0,0,0,0,0,0,0,0,0,0,0,0,0,0,0,0,0,0,0,0,0,0,
"(org.eclipse.collections.impl.jmh.IntIntMapSmallStressTest.ecGet,6a4e99a2f144a3c258909ef9be7134abaabd45de)",0,0,0,0,0,0,0,0,0,0,0,0,0,0,0,0,0,0,0,0,0,0,0,0,0,0,0,
"(org.eclipse.collections.impl.jmh.SummarizeIntTest.serial_lazy_mapToIntSum_jdk,6a4e99a2f144a3c258909ef9be7134abaabd45de)",0,0,0,0,0,0,0,0,0,0,0,0,0,0,0,0,0,0,0,0,0,0,0,0,0,0,0,
"(org.eclipse.collections.impl.jmh.FunctionalInterfaceTest.parallel_lazy_ec,6a4e99a2f144a3c258909ef9be7134abaabd45de)",0,0,0,0,0,0,0,0,0,0,0,0,0,0,0,0,0,0,0,0,0,0,0,0,0,0,0,
"(org.eclipse.collections.impl.jmh.LongLongMapSmallStressTest.kolobokeGet,6a4e99a2f144a3c258909ef9be7134abaabd45de)",0,0,0,0,0,0,0,0,0,0,0,0,0,0,0,0,0,0,0,0,0,0,0,0,0,0,0,
"(org.eclipse.collections.impl.jmh.SumOfDoubleTest.serial_lazy_collectDoubleSum_jdk,6a4e99a2f144a3c258909ef9be7134abaabd45de)",0,0,0,0,0,0,0,0,0,0,0,0,0,0,0,0,0,0,0,0,0,0,0,0,0,0,0,
"(org.eclipse.collections.impl.jmh.set.sorted.SortedSetContainsTest.contains_mutable_ec,6a4e99a2f144a3c258909ef9be7134abaabd45de)",0,0,0,0,0,0,0,0,0,0,0,0,0,0,0,0,0,0,0,0,0,0,0,0,0,0,0,
"(org.eclipse.collections.impl.jmh.MinByDoubleTest.minByMarketValue_serial_lazy_collect_lambda_jdk,6a4e99a2f144a3c258909ef9be7134abaabd45de)",0,0,0,0,0,0,0,0,0,0,0,0,0,0,0,0,0,0,0,0,0,0,0,0,0,0,0,
"(org.eclipse.collections.impl.jmh.GroupByListTest.groupBy_100_keys_serial_eager_guava,6a4e99a2f144a3c258909ef9be7134abaabd45de)",0,0,0,0,0,0,0,0,0,0,0,0,0,0,0,0,0,0,0,0,0,0,0,0,0,0,0,
"(org.eclipse.collections.impl.jmh.AnagramSetTest.parallel_lazy_ec,6a4e99a2f144a3c258909ef9be7134abaabd45de)",0,0,0,1,0,0,0,1,0,0,0,0,0,0,0,0,0,0,0,0,0,0,0,0,0,0,2,
"(org.eclipse.collections.impl.jmh.MaxByIntTest.maxByQuantity_parallel_lazy_direct_lambda_jdk,6a4e99a2f144a3c258909ef9be7134abaabd45de)",0,0,0,0,0,0,0,0,0,0,0,0,0,0,0,0,0,0,0,0,0,0,0,0,0,0,0,
"(org.eclipse.collections.impl.jmh.MinTest.serial_eager_ec,6a4e99a2f144a3c258909ef9be7134abaabd45de)",0,0,0,0,0,0,0,0,0,0,0,0,0,0,0,0,0,0,0,0,0,0,0,0,0,0,0,
"(org.eclipse.collections.impl.jmh.GroupBySetTest.groupBy_2_keys_parallel_lazy_ec,6a4e99a2f144a3c258909ef9be7134abaabd45de)",0,0,0,0,0,0,0,0,0,0,0,0,0,0,0,0,0,0,0,0,0,0,0,0,0,0,0,
"(org.eclipse.collections.impl.jmh.AggregateByTest.aggregateByAccount_parallel_lazy_ec,6a4e99a2f144a3c258909ef9be7134abaabd45de)",0,0,0,0,0,0,0,0,0,0,0,0,0,0,0,0,0,0,0,0,0,0,0,0,0,0,0,
"(org.eclipse.collections.impl.jmh.CollectTest.parallel_lazy_jdk,6a4e99a2f144a3c258909ef9be7134abaabd45de)",0,0,0,0,0,0,0,0,0,0,0,0,0,0,0,0,0,0,0,0,0,0,0,0,0,0,0,
"(org.eclipse.collections.impl.jmh.IntIntMapTest.put,6a4e99a2f144a3c258909ef9be7134abaabd45de)",0,0,0,0,0,0,0,0,0,0,0,0,0,0,0,0,0,0,0,0,0,0,0,0,0,0,0,
"(org.eclipse.collections.impl.jmh.RejectTest.serial_lazy_streams_ec_lambda_negate,6a4e99a2f144a3c258909ef9be7134abaabd45de)",0,0,0,0,0,0,0,0,0,0,0,0,0,0,0,0,0,0,0,0,0,0,0,0,0,0,0,
"(org.eclipse.collections.impl.jmh.AggregateByTest.aggregateByProduct_serial_lazy_ec,6a4e99a2f144a3c258909ef9be7134abaabd45de)",0,0,0,0,0,0,0,0,0,0,0,0,0,0,0,0,0,0,0,0,0,0,0,0,0,0,0,
"(org.eclipse.collections.impl.jmh.IntIntMapLargeStressTest.jdkGet,6a4e99a2f144a3c258909ef9be7134abaabd45de)",0,0,0,0,0,0,0,0,0,0,0,0,0,0,0,0,0,0,0,0,0,0,0,0,0,0,0,
"(org.eclipse.collections.impl.jmh.GroupByListTest.groupBy_100_keys_serial_eager_ec,6a4e99a2f144a3c258909ef9be7134abaabd45de)",0,0,0,0,0,0,0,0,0,0,0,0,0,0,0,0,0,0,0,0,0,0,0,0,0,0,0,
"(org.eclipse.collections.impl.jmh.AggregateByTest.aggregateByProduct_serial_eager_ec,6a4e99a2f144a3c258909ef9be7134abaabd45de)",0,0,0,0,0,0,0,0,0,0,0,0,0,0,0,0,0,0,0,0,0,0,0,0,0,0,0,
"(org.eclipse.collections.impl.jmh.MaxTest.serial_lazy_intstream_jdk,6a4e99a2f144a3c258909ef9be7134abaabd45de)",0,0,0,0,0,0,0,0,0,0,0,0,0,0,0,0,0,0,0,0,0,0,0,0,0,0,0,
"(org.eclipse.collections.impl.jmh.FlatCollectTest.serial_lazy_jdk,6a4e99a2f144a3c258909ef9be7134abaabd45de)",0,0,0,0,0,0,0,0,0,0,0,0,0,0,0,0,0,0,0,0,0,0,0,0,0,0,0,
"(org.eclipse.collections.impl.jmh.CollectorJoiningTest.serial_lazy_mapToStringJoining_ec,6a4e99a2f144a3c258909ef9be7134abaabd45de)",0,0,0,0,0,0,0,0,0,0,0,0,0,0,0,0,0,0,0,0,0,0,0,0,0,0,0,
"(org.eclipse.collections.impl.jmh.GroupBySetTest.groupBy_unordered_lists_2_keys_serial_eager_guava,6a4e99a2f144a3c258909ef9be7134abaabd45de)",0,0,0,0,0,0,0,0,0,0,0,0,0,0,0,0,0,0,0,0,0,0,0,0,0,0,0,
"(org.eclipse.collections.impl.jmh.AnagramListTest.parallel_eager_forkjoin_ec,6a4e99a2f144a3c258909ef9be7134abaabd45de)",0,0,0,7,0,0,0,4,0,0,0,0,3,0,0,0,0,0,0,0,0,0,0,0,0,0,14,
"(org.eclipse.collections.impl.jmh.AnySatisfyTest.process_all_serial_lazy_ec,6a4e99a2f144a3c258909ef9be7134abaabd45de)",0,0,0,0,0,0,0,0,0,0,0,0,0,0,0,0,0,0,0,0,0,0,0,0,0,0,0,
"(org.eclipse.collections.impl.jmh.FunctionalInterfaceSetTest.serial_lazy_jdk,6a4e99a2f144a3c258909ef9be7134abaabd45de)",0,0,0,0,0,0,0,0,0,0,0,0,0,0,0,0,0,0,0,0,0,0,0,0,0,0,0,
"(org.eclipse.collections.impl.jmh.MaxByIntTest.maxByQuantity_serial_lazy_direct_lambda_jdk,6a4e99a2f144a3c258909ef9be7134abaabd45de)",0,0,0,0,0,0,0,0,0,0,0,0,0,0,0,0,0,0,0,0,0,0,0,0,0,0,0,
"(org.eclipse.collections.impl.jmh.MaxTest.parallel_lazy_intstream_jdk,6a4e99a2f144a3c258909ef9be7134abaabd45de)",0,0,0,0,0,0,0,0,0,0,0,0,0,0,0,0,0,0,0,0,0,0,0,0,0,0,0,
"(org.eclipse.collections.impl.jmh.SumOfDoubleTest.serial_lazy_collectDoubleSum_ec,6a4e99a2f144a3c258909ef9be7134abaabd45de)",0,0,0,0,0,0,0,0,0,0,0,0,0,0,0,0,0,0,0,0,0,0,0,0,0,0,0,
"(org.eclipse.collections.impl.jmh.AggregateByTest.aggregateByCategory_serial_eager_ec,6a4e99a2f144a3c258909ef9be7134abaabd45de)",0,0,0,0,0,0,0,0,0,0,0,0,0,0,0,0,0,0,0,0,0,0,0,0,0,0,0,
"(org.eclipse.collections.impl.jmh.CollectorJoiningTest.parallel_lazy_mapToStringJoining_jdk,6a4e99a2f144a3c258909ef9be7134abaabd45de)",0,0,0,0,0,0,0,0,0,0,0,0,0,0,0,0,0,0,0,0,0,0,0,0,0,0,0,
"(org.eclipse.collections.impl.jmh.IntIntMapTest.get,6a4e99a2f144a3c258909ef9be7134abaabd45de)",0,0,0,0,0,0,0,0,0,0,0,0,0,0,0,0,0,0,0,0,0,0,0,0,0,0,0,
"(org.eclipse.collections.impl.jmh.AggregateByTest.aggregateInPlaceByProduct_serial_eager_ec,6a4e99a2f144a3c258909ef9be7134abaabd45de)",0,0,0,0,0,0,0,0,0,0,0,0,0,0,0,0,0,0,0,0,0,0,0,0,0,0,0,
"(org.eclipse.collections.impl.jmh.LongLongMapLargeStressTest.kolobokePut,6a4e99a2f144a3c258909ef9be7134abaabd45de)",0,0,0,0,0,0,0,0,0,0,0,0,0,0,0,0,0,0,0,0,0,0,0,0,0,0,0,
"(org.eclipse.collections.impl.jmh.MaxTest.serial_lazy_reverse_ec,6a4e99a2f144a3c258909ef9be7134abaabd45de)",0,0,0,0,0,0,0,0,0,0,0,0,0,0,0,0,0,0,0,0,0,0,0,0,0,0,0,
"(org.eclipse.collections.impl.jmh.GroupBySetTest.groupBy_2_keys_serial_lazy_scala,6a4e99a2f144a3c258909ef9be7134abaabd45de)",0,0,0,0,0,0,0,0,0,0,0,0,0,0,0,0,0,0,0,0,0,0,0,0,0,0,0,
"(org.eclipse.collections.impl.jmh.GroupByListTest.groupBy_2_keys_serial_eager_guava,6a4e99a2f144a3c258909ef9be7134abaabd45de)",0,0,0,0,0,0,0,0,0,0,0,0,0,0,0,0,0,0,0,0,0,0,0,0,0,0,0,
"(org.eclipse.collections.impl.jmh.AnySatisfyTest.short_circuit_middle_serial_lazy_scala,6a4e99a2f144a3c258909ef9be7134abaabd45de)",0,0,0,0,0,0,0,0,0,0,0,0,0,0,0,0,0,0,0,0,0,0,0,0,0,0,0,
"(org.eclipse.collections.impl.jmh.GroupBySetTest.groupBy_2_keys_parallel_lazy_scala,6a4e99a2f144a3c258909ef9be7134abaabd45de)",0,0,0,0,0,0,0,0,0,0,0,0,0,0,0,0,0,0,0,0,0,0,0,0,0,0,0,
"(org.eclipse.collections.impl.jmh.FunctionalInterfaceTest.parallel_eager_ec,6a4e99a2f144a3c258909ef9be7134abaabd45de)",0,0,0,1,0,0,0,1,0,0,0,0,0,0,1,0,0,0,0,0,0,0,0,0,0,0,3,
"(org.eclipse.collections.impl.jmh.AggregateByTest.aggregateByProduct_serial_lazy_streams_ec,6a4e99a2f144a3c258909ef9be7134abaabd45de)",0,0,0,0,0,0,0,0,0,0,0,0,0,0,0,0,0,0,0,0,0,0,0,0,0,0,0,
"(org.eclipse.collections.impl.jmh.FunctionalInterfaceTest.serial_eager_ec_hand_coded,6a4e99a2f144a3c258909ef9be7134abaabd45de)",0,0,0,0,0,0,0,0,0,0,0,0,0,0,0,0,0,0,0,0,0,0,0,0,0,0,0,
"(org.eclipse.collections.impl.jmh.SumByDoubleTest.sumByAccount_serial_lazy_streams_ec,6a4e99a2f144a3c258909ef9be7134abaabd45de)",0,0,0,0,0,0,0,0,0,0,0,0,0,0,0,0,0,0,0,0,0,0,0,0,0,0,0,
"(org.eclipse.collections.impl.jmh.AllSatisfyTest.short_circuit_middle_parallel_lazy_jdk,6a4e99a2f144a3c258909ef9be7134abaabd45de)",0,0,0,0,0,0,0,0,0,0,0,0,0,0,0,0,0,0,0,0,0,0,0,0,0,0,0,
"(org.eclipse.collections.impl.jmh.map.JdkMutableMapGetTest.get,6a4e99a2f144a3c258909ef9be7134abaabd45de)",0,0,0,0,0,0,0,0,0,0,0,0,0,0,0,0,0,0,0,0,0,0,0,0,0,0,0,
"(org.eclipse.collections.impl.jmh.GroupBySetTest.groupBy_unordered_lists_100_keys_serial_eager_guava,6a4e99a2f144a3c258909ef9be7134abaabd45de)",0,0,0,0,0,0,0,0,0,0,0,0,0,0,0,0,0,0,0,0,0,0,0,0,0,0,0,
"(org.eclipse.collections.impl.jmh.AggregateByTest.aggregateInPlaceByCategory_serial_eager_ec,6a4e99a2f144a3c258909ef9be7134abaabd45de)",0,0,0,0,0,0,0,0,0,0,0,0,0,0,0,0,0,0,0,0,0,0,0,0,0,0,0,
"(org.eclipse.collections.impl.jmh.MaxTest.parallel_lazy_streams_ec,6a4e99a2f144a3c258909ef9be7134abaabd45de)",0,0,0,0,0,0,0,0,0,0,0,0,0,0,0,0,0,0,0,0,0,0,0,0,0,0,0,
"(org.eclipse.collections.impl.jmh.SumOfDoubleTest.parallel_lazy_directSumOfDouble_ec,6a4e99a2f144a3c258909ef9be7134abaabd45de)",0,0,0,0,0,0,0,0,0,0,0,0,0,0,0,0,0,0,0,0,0,0,0,0,0,0,0,
"(org.eclipse.collections.impl.jmh.GroupBySetTest.groupBy_10000_keys_serial_lazy_scala,6a4e99a2f144a3c258909ef9be7134abaabd45de)",0,0,0,0,0,0,0,0,0,0,0,0,0,0,0,0,0,0,0,0,0,0,0,0,0,0,0,
"(org.eclipse.collections.impl.jmh.GroupBySetTest.groupBy_100_keys_serial_eager_ec,6a4e99a2f144a3c258909ef9be7134abaabd45de)",0,0,0,0,0,0,0,0,0,0,0,0,0,0,0,0,0,0,0,0,0,0,0,0,0,0,0,
"(org.eclipse.collections.impl.jmh.SumOfIntTest.serial_lazy_sumOfInt_ec,6a4e99a2f144a3c258909ef9be7134abaabd45de)",0,0,0,0,0,0,0,0,0,0,0,0,0,0,0,0,0,0,0,0,0,0,0,0,0,0,0,
"(org.eclipse.collections.impl.jmh.MinTest.serial_eager_reverse_ec,6a4e99a2f144a3c258909ef9be7134abaabd45de)",0,0,0,0,0,0,0,0,0,0,0,0,0,0,0,0,0,0,0,0,0,0,0,0,0,0,0,
"(org.eclipse.collections.impl.jmh.AggregateByTest.aggregateByProduct_parallel_lazy_jdk,6a4e99a2f144a3c258909ef9be7134abaabd45de)",0,0,0,0,0,0,0,0,0,0,0,0,0,0,0,0,0,0,0,0,0,0,0,0,0,0,0,
"(org.eclipse.collections.impl.jmh.AggregateByTest.aggregateByAccount_serial_eager_ec,6a4e99a2f144a3c258909ef9be7134abaabd45de)",0,0,0,0,0,0,0,0,0,0,0,0,0,0,0,0,0,0,0,0,0,0,0,0,0,0,0,
"(org.eclipse.collections.impl.jmh.AggregateByTest.aggregateInPlaceByAccount_serial_eager_ec,6a4e99a2f144a3c258909ef9be7134abaabd45de)",0,0,0,0,0,0,0,0,0,0,0,0,0,0,0,0,0,0,0,0,0,0,0,0,0,0,0,
"(org.eclipse.collections.impl.jmh.GroupBySetTest.groupBy_100_keys_serial_lazy_scala,6a4e99a2f144a3c258909ef9be7134abaabd45de)",0,0,0,0,0,0,0,0,0,0,0,0,0,0,0,0,0,0,0,0,0,0,0,0,0,0,0,
"(org.eclipse.collections.impl.jmh.map.ChainMapPutTest.hppc,6a4e99a2f144a3c258909ef9be7134abaabd45de)",0,0,0,0,0,0,0,0,0,0,0,0,0,0,0,0,0,0,0,0,0,0,0,0,0,0,0,
"(org.eclipse.collections.impl.jmh.SelectTest.serial_lazy_jdk,6a4e99a2f144a3c258909ef9be7134abaabd45de)",0,0,0,0,0,0,0,0,0,0,0,0,0,0,0,0,0,0,0,0,0,0,0,0,0,0,0,
"(org.eclipse.collections.impl.jmh.MaxTest.parallel_lazy_jdk,6a4e99a2f144a3c258909ef9be7134abaabd45de)",0,0,0,0,0,0,0,0,0,0,0,0,0,0,0,0,0,0,0,0,0,0,0,0,0,0,0,
"(org.eclipse.collections.impl.jmh.AnySatisfyTest.process_all_serial_eager_scala,6a4e99a2f144a3c258909ef9be7134abaabd45de)",0,0,0,0,0,0,0,0,0,0,0,0,0,0,0,0,0,0,0,0,0,0,0,0,0,0,0,
"(org.eclipse.collections.impl.jmh.SumByBigDecimalTest.sumByBigDecimalProduct_parallel_eager_ec,6a4e99a2f144a3c258909ef9be7134abaabd45de)",0,0,0,0,0,0,0,0,0,0,0,0,0,0,0,0,0,0,0,0,0,0,0,0,0,0,0,
"(org.eclipse.collections.impl.jmh.CollectTest.parallel_eager_ec,6a4e99a2f144a3c258909ef9be7134abaabd45de)",0,0,0,0,0,0,0,0,0,0,0,0,0,0,0,0,0,0,0,0,0,0,0,0,0,0,0,
"(org.eclipse.collections.impl.jmh.FunctionalInterfaceSetTest.parallel_lazy_jdk,6a4e99a2f144a3c258909ef9be7134abaabd45de)",0,0,0,0,0,0,0,0,0,0,0,0,0,0,0,0,0,0,0,0,0,0,0,0,0,0,0,
"(org.eclipse.collections.impl.jmh.GroupByListTest.groupBy_2_keys_serial_lazy_scala,6a4e99a2f144a3c258909ef9be7134abaabd45de)",0,0,0,0,0,0,0,0,0,0,0,0,0,0,0,0,0,0,0,0,0,0,0,0,0,0,0,
"(org.eclipse.collections.impl.jmh.GroupBySetTest.groupBy_10000_keys_serial_eager_ec,6a4e99a2f144a3c258909ef9be7134abaabd45de)",0,0,0,0,0,0,0,0,0,0,0,0,0,0,0,0,0,0,0,0,0,0,0,0,0,0,0,
"(org.eclipse.collections.impl.jmh.MinTest.parallel_lazy_reverse_jdk,6a4e99a2f144a3c258909ef9be7134abaabd45de)",0,0,0,0,0,0,0,0,0,0,0,0,0,0,0,0,0,0,0,0,0,0,0,0,0,0,0,
"(org.eclipse.collections.impl.jmh.MinTest.serial_lazy_reverse_streams_ec,6a4e99a2f144a3c258909ef9be7134abaabd45de)",0,0,0,0,0,0,0,0,0,0,0,0,0,0,0,0,0,0,0,0,0,0,0,0,0,0,0,
"(org.eclipse.collections.impl.jmh.FunctionalInterfaceTest.parallel_lazy_scala_hand_coded,6a4e99a2f144a3c258909ef9be7134abaabd45de)",0,0,0,0,0,0,0,0,0,0,0,0,0,0,0,0,0,0,0,0,0,0,0,0,0,0,0,
"(org.eclipse.collections.impl.jmh.SumByDoubleTest.sumByProduct_parallel_eager_ec,6a4e99a2f144a3c258909ef9be7134abaabd45de)",0,0,0,0,0,0,0,0,0,0,0,0,0,0,0,0,0,0,0,0,0,0,0,0,0,0,0,
"(org.eclipse.collections.impl.jmh.MaxByDoubleTest.maxByMarketValue_parallel_lazy_collect_lambda_jdk,6a4e99a2f144a3c258909ef9be7134abaabd45de)",0,0,0,0,0,0,0,0,0,0,0,0,0,0,0,0,0,0,0,0,0,0,0,0,0,0,0,
"(org.eclipse.collections.impl.jmh.LongLongMapSmallStressTest.kolobokePut,6a4e99a2f144a3c258909ef9be7134abaabd45de)",0,0,0,0,0,0,0,0,0,0,0,0,0,0,0,0,0,0,0,0,0,0,0,0,0,0,0,
"(org.eclipse.collections.impl.jmh.GroupBySetTest.groupBy_2_keys_parallel_lazy_streams_ec,6a4e99a2f144a3c258909ef9be7134abaabd45de)",0,0,0,0,0,0,0,0,0,0,0,0,0,0,0,0,0,0,0,0,0,0,0,0,0,0,0,
"(org.eclipse.collections.impl.jmh.NoneSatisfyTest.short_circuit_middle_serial_lazy_jdk,6a4e99a2f144a3c258909ef9be7134abaabd45de)",0,0,0,0,0,0,0,0,0,0,0,0,0,0,0,0,0,0,0,0,0,0,0,0,0,0,0,
"(org.eclipse.collections.impl.jmh.NoneSatisfyTest.short_circuit_middle_parallel_lazy_jdk,6a4e99a2f144a3c258909ef9be7134abaabd45de)",0,0,0,0,0,0,0,0,0,0,0,0,0,0,0,0,0,0,0,0,0,0,0,0,0,0,0,
"(org.eclipse.collections.impl.jmh.IntIntMapTest.presizedPut,6a4e99a2f144a3c258909ef9be7134abaabd45de)",0,0,0,0,0,0,0,0,0,0,0,0,0,0,0,0,0,0,0,0,0,0,0,0,0,0,0,
"(org.eclipse.collections.impl.jmh.AnagramListTest.parallel_lazy_jdk,6a4e99a2f144a3c258909ef9be7134abaabd45de)",0,0,0,0,0,0,0,0,0,0,0,0,0,0,0,0,0,0,0,0,0,0,0,0,0,0,0,
"(org.eclipse.collections.impl.jmh.CountTest.parallel_lazy_streams_ec,6a4e99a2f144a3c258909ef9be7134abaabd45de)",0,0,0,0,0,0,0,0,0,0,0,0,0,0,0,0,0,0,0,0,0,0,0,0,0,0,0,
"(org.eclipse.collections.impl.jmh.IntIntMapSmallStressTest.ecRemove,6a4e99a2f144a3c258909ef9be7134abaabd45de)",0,0,0,0,0,0,0,0,0,0,0,0,0,0,0,0,0,0,0,0,0,0,0,0,0,0,0,
"(org.eclipse.collections.impl.jmh.SumByDoubleTest.sumByCategory_serial_lazy_jdk,6a4e99a2f144a3c258909ef9be7134abaabd45de)",0,0,0,0,0,0,0,0,0,0,0,0,0,0,0,0,0,0,0,0,0,0,0,0,0,0,0,
"(org.eclipse.collections.impl.jmh.list.ListIterationTest.parallel_mutable_scala,6a4e99a2f144a3c258909ef9be7134abaabd45de)",0,0,0,0,0,0,0,0,0,0,0,0,0,0,0,0,0,0,0,0,0,0,0,0,0,0,0,
"(org.eclipse.collections.impl.jmh.SumByDoubleTest.sumByCategory_parallel_lazy_streams_ec,6a4e99a2f144a3c258909ef9be7134abaabd45de)",0,0,0,0,0,0,0,0,0,0,0,0,0,0,0,0,0,0,0,0,0,0,0,0,0,0,0,
"(org.eclipse.collections.impl.jmh.MinByIntTest.minByQuantity_parallel_lazy_direct_lambda_jdk,6a4e99a2f144a3c258909ef9be7134abaabd45de)",0,0,0,0,0,0,0,0,0,0,0,0,0,0,0,0,0,0,0,0,0,0,0,0,0,0,0,
"(org.eclipse.collections.impl.jmh.set.sorted.SortedSetContainsTest.contains_immutable_scala,6a4e99a2f144a3c258909ef9be7134abaabd45de)",0,0,0,0,0,0,0,0,0,0,0,0,0,0,0,0,0,0,0,0,0,0,0,0,0,0,0,
"(org.eclipse.collections.impl.jmh.MinTest.serial_lazy_reverse_jdk,6a4e99a2f144a3c258909ef9be7134abaabd45de)",0,0,0,0,0,0,0,0,0,0,0,0,0,0,0,0,0,0,0,0,0,0,0,0,0,0,0,
"(org.eclipse.collections.impl.jmh.MinTest.parallel_lazy_intstream_streams_ec,6a4e99a2f144a3c258909ef9be7134abaabd45de)",0,0,0,0,0,0,0,0,0,0,0,0,0,0,0,0,0,0,0,0,0,0,0,0,0,0,0,
"(org.eclipse.collections.impl.jmh.AggregateByTest.aggregateByCategory_parallel_lazy_ec,6a4e99a2f144a3c258909ef9be7134abaabd45de)",0,0,0,0,0,0,0,0,0,0,0,0,0,0,0,0,0,0,0,0,0,0,0,0,0,0,0,
"(org.eclipse.collections.impl.jmh.CollectorJoiningTest.serial_lazy_collectToStringJoining_ec,6a4e99a2f144a3c258909ef9be7134abaabd45de)",0,0,0,0,0,0,0,0,0,0,0,0,0,0,0,0,0,0,0,0,0,0,0,0,0,0,0,
"(org.eclipse.collections.impl.jmh.MaxTest.parallel_lazy_intstream_streams_ec,6a4e99a2f144a3c258909ef9be7134abaabd45de)",0,0,0,0,0,0,0,0,0,0,0,0,0,0,0,0,0,0,0,0,0,0,0,0,0,0,0,
"(org.eclipse.collections.impl.jmh.AggregateByTest.aggregateByAccount_serial_lazy_jdk,6a4e99a2f144a3c258909ef9be7134abaabd45de)",0,0,0,0,0,0,0,0,0,0,0,0,0,0,0,0,0,0,0,0,0,0,0,0,0,0,0,
"(org.eclipse.collections.impl.jmh.FunctionalInterfaceSetTest.serial_lazy_ec,6a4e99a2f144a3c258909ef9be7134abaabd45de)",0,0,0,0,0,0,0,0,0,0,0,0,0,0,0,0,0,0,0,0,0,0,0,0,0,0,0,
"(org.eclipse.collections.impl.jmh.set.sorted.SortedSetIterationTest.serial_mutable_scala,6a4e99a2f144a3c258909ef9be7134abaabd45de)",0,0,0,0,0,0,0,0,0,0,0,0,0,0,0,0,0,0,0,0,0,0,0,0,0,0,0,
"(org.eclipse.collections.impl.jmh.GroupByListTest.groupBy_10000_keys_serial_lazy_ec,6a4e99a2f144a3c258909ef9be7134abaabd45de)",0,0,0,0,0,0,0,0,0,0,0,0,0,0,0,0,0,0,0,0,0,0,0,0,0,0,0,
"(org.eclipse.collections.impl.jmh.MaxTest.serial_lazy_reverse_streams_ec,6a4e99a2f144a3c258909ef9be7134abaabd45de)",0,0,0,0,0,0,0,0,0,0,0,0,0,0,0,0,0,0,0,0,0,0,0,0,0,0,0,
"(org.eclipse.collections.impl.jmh.AnagramSetTest.parallel_lazy_scala,6a4e99a2f144a3c258909ef9be7134abaabd45de)",0,0,0,0,0,0,0,0,0,0,0,0,0,0,0,0,0,0,0,0,0,0,0,0,0,0,0,
"(org.eclipse.collections.impl.jmh.MaxByDoubleTest.maxByMarketValue_parallel_lazy_direct_methodref_jdk,6a4e99a2f144a3c258909ef9be7134abaabd45de)",0,0,0,0,0,0,0,0,0,0,0,0,0,0,0,0,0,0,0,0,0,0,0,0,0,0,0,
"(org.eclipse.collections.impl.jmh.map.ScalaAnyRefMapGetTest.get,6a4e99a2f144a3c258909ef9be7134abaabd45de)",0,0,0,0,0,0,0,0,0,0,0,0,0,0,0,0,0,0,0,0,0,0,0,0,0,0,0,
"(org.eclipse.collections.impl.jmh.map.ScalaAnyRefMapPutTest.scalaAnyRef,6a4e99a2f144a3c258909ef9be7134abaabd45de)",0,0,0,0,0,0,0,0,0,0,0,0,0,0,0,0,0,0,0,0,0,0,0,0,0,0,0,
"(org.eclipse.collections.impl.jmh.CollectIfTest.serial_eager_ec,6a4e99a2f144a3c258909ef9be7134abaabd45de)",0,0,0,0,0,0,0,0,0,0,0,0,0,0,0,0,0,0,0,0,0,0,0,0,0,0,0,
"(org.eclipse.collections.impl.jmh.AllSatisfyTest.process_all_parallel_lazy_streams_ec,6a4e99a2f144a3c258909ef9be7134abaabd45de)",0,0,0,0,0,0,0,0,0,0,0,0,0,0,0,0,0,0,0,0,0,0,0,0,0,0,0,
"(org.eclipse.collections.impl.jmh.ListAddAllTest.ec,6a4e99a2f144a3c258909ef9be7134abaabd45de)",0,0,0,0,0,0,0,0,0,0,0,0,0,0,0,0,0,0,0,0,0,0,0,0,0,0,0,
"(org.eclipse.collections.impl.jmh.AggregateByTest.aggregateByCategory_parallel_lazy_streams_ec,6a4e99a2f144a3c258909ef9be7134abaabd45de)",0,0,0,0,0,0,0,0,0,0,0,0,0,0,0,0,0,0,0,0,0,0,0,0,0,0,0,
"(org.eclipse.collections.impl.jmh.CountTest.parallel_eager_ec,6a4e99a2f144a3c258909ef9be7134abaabd45de)",0,0,0,0,0,0,0,0,0,0,0,0,0,0,0,0,0,0,0,0,0,0,0,0,0,0,0,
"(org.eclipse.collections.impl.jmh.IntIntMapLargeStressTest.jdkRemove,6a4e99a2f144a3c258909ef9be7134abaabd45de)",0,0,0,0,0,0,0,0,0,0,0,0,0,0,0,0,0,0,0,0,0,0,0,0,0,0,0,
"(org.eclipse.collections.impl.jmh.AggregateByTest.aggregateByCategory_serial_lazy_streams_ec,6a4e99a2f144a3c258909ef9be7134abaabd45de)",0,0,0,0,0,0,0,0,0,0,0,0,0,0,0,0,0,0,0,0,0,0,0,0,0,0,0,
"(org.eclipse.collections.impl.jmh.AnagramSetTest.parallel_eager_forkjoin_ec,6a4e99a2f144a3c258909ef9be7134abaabd45de)",0,0,0,0,0,0,0,0,0,0,0,0,0,0,0,0,0,0,0,0,0,0,0,0,0,0,0,
"(org.eclipse.collections.impl.jmh.MinByIntTest.minByQuantity_parallel_lazy_collect_methodref_jdk,6a4e99a2f144a3c258909ef9be7134abaabd45de)",0,0,0,0,0,0,0,0,0,0,0,0,0,0,0,0,0,0,0,0,0,0,0,0,0,0,0,
"(org.eclipse.collections.impl.jmh.AggregateByTest.aggregateByAccount_serial_lazy_streams_ec,6a4e99a2f144a3c258909ef9be7134abaabd45de)",0,0,0,0,0,0,0,0,0,0,0,0,0,0,0,0,0,0,0,0,0,0,0,0,0,0,0,
"(org.eclipse.collections.impl.jmh.GroupBySetTest.groupBy_2_keys_serial_eager_ec,6a4e99a2f144a3c258909ef9be7134abaabd45de)",0,0,0,0,0,0,0,0,0,0,0,0,0,0,0,0,0,0,0,0,0,0,0,0,0,0,0,
"(org.eclipse.collections.impl.jmh.GroupByListTest.groupBy_10000_keys_serial_lazy_jdk,6a4e99a2f144a3c258909ef9be7134abaabd45de)",0,0,0,0,0,0,0,0,0,0,0,0,0,0,0,0,0,0,0,0,0,0,0,0,0,0,0,
"(org.eclipse.collections.impl.jmh.GroupByListTest.groupBy_2_keys_serial_eager_ec,6a4e99a2f144a3c258909ef9be7134abaabd45de)",0,0,0,0,0,0,0,0,0,0,0,0,0,0,0,0,0,0,0,0,0,0,0,0,0,0,0,
"(org.eclipse.collections.impl.jmh.GroupBySetTest.groupBy_unordered_lists_2_keys_serial_lazy_ec,6a4e99a2f144a3c258909ef9be7134abaabd45de)",0,0,0,0,0,0,0,0,0,0,0,0,0,0,0,0,0,0,0,0,0,0,0,0,0,0,0,
"(org.eclipse.collections.impl.jmh.MaxTest.serial_lazy_intstream_streams_ec,6a4e99a2f144a3c258909ef9be7134abaabd45de)",0,0,0,0,0,0,0,0,0,0,0,0,0,0,0,0,0,0,0,0,0,0,0,0,0,0,0,
"(org.eclipse.collections.impl.jmh.AllSatisfyTest.process_all_serial_lazy_ec,6a4e99a2f144a3c258909ef9be7134abaabd45de)",0,0,0,0,0,0,0,0,0,0,0,0,0,0,0,0,0,0,0,0,0,0,0,0,0,0,0,
"(org.eclipse.collections.impl.jmh.IntIntMapLargeStressTest.kolobokeGet,6a4e99a2f144a3c258909ef9be7134abaabd45de)",0,0,0,0,0,0,0,0,0,0,0,0,0,0,0,0,0,0,0,0,0,0,0,0,0,0,0,
"(org.eclipse.collections.impl.jmh.GroupByListTest.groupBy_10000_keys_serial_eager_guava,6a4e99a2f144a3c258909ef9be7134abaabd45de)",0,0,0,0,0,0,0,0,0,0,0,0,0,0,0,0,0,0,0,0,0,0,0,0,0,0,0,
"(org.eclipse.collections.impl.jmh.LongLongMapSmallStressTest.ecPut,6a4e99a2f144a3c258909ef9be7134abaabd45de)",0,0,0,0,0,0,0,0,0,0,0,0,0,0,0,0,0,0,0,0,0,0,0,0,0,0,0,
"(org.eclipse.collections.impl.jmh.GroupByListTest.groupBy_100_keys_serial_lazy_streams_ec,6a4e99a2f144a3c258909ef9be7134abaabd45de)",0,0,0,0,0,0,0,0,0,0,0,0,0,0,0,0,0,0,0,0,0,0,0,0,0,0,0,
"(org.eclipse.collections.impl.jmh.AllSatisfyTest.short_circuit_middle_serial_lazy_jdk,6a4e99a2f144a3c258909ef9be7134abaabd45de)",0,0,0,0,0,0,0,0,0,0,0,0,0,0,0,0,0,0,0,0,0,0,0,0,0,0,0,
"(org.eclipse.collections.impl.jmh.MaxByIntTest.maxByQuantity_serial_lazy_ec,6a4e99a2f144a3c258909ef9be7134abaabd45de)",0,0,0,0,0,0,0,0,0,0,0,0,0,0,0,0,0,0,0,0,0,0,0,0,0,0,0,
"(org.eclipse.collections.impl.jmh.MinByIntTest.minByQuantity_parallel_lazy_direct_methodref_jdk,6a4e99a2f144a3c258909ef9be7134abaabd45de)",0,0,0,0,0,0,0,0,0,0,0,0,0,0,0,0,0,0,0,0,0,0,0,0,0,0,0,
"(org.eclipse.collections.impl.jmh.GroupByListTest.groupBy_2_keys_serial_lazy_streams_ec,6a4e99a2f144a3c258909ef9be7134abaabd45de)",0,0,0,0,0,0,0,0,0,0,0,0,0,0,0,0,0,0,0,0,0,0,0,0,0,0,0,
"(org.eclipse.collections.impl.jmh.AggregateByTest.aggregateInPlaceByProduct_parallel_lazy_ec,6a4e99a2f144a3c258909ef9be7134abaabd45de)",0,0,0,0,0,0,0,0,0,0,0,0,0,0,0,0,0,0,0,0,0,0,0,0,0,0,0,
"(org.eclipse.collections.impl.jmh.CollectIfTest.serial_lazy_jdk,6a4e99a2f144a3c258909ef9be7134abaabd45de)",0,0,0,0,0,0,0,0,0,0,0,0,0,0,0,0,0,0,0,0,0,0,0,0,0,0,0,
"(org.eclipse.collections.impl.jmh.AnagramListTest.serial_eager_ec,6a4e99a2f144a3c258909ef9be7134abaabd45de)",0,0,0,7,0,0,0,4,0,0,0,0,3,0,0,0,0,0,0,0,0,0,0,0,0,0,14,
"(org.eclipse.collections.impl.jmh.SumOfIntTest.parallel_lazy_mapToLongSum_streams_ec,6a4e99a2f144a3c258909ef9be7134abaabd45de)",0,0,0,0,0,0,0,0,0,0,0,0,0,0,0,0,0,0,0,0,0,0,0,0,0,0,0,
"(org.eclipse.collections.impl.jmh.CollectIfTest.parallel_eager_ec,6a4e99a2f144a3c258909ef9be7134abaabd45de)",0,0,0,1,0,0,0,1,0,0,0,0,0,0,1,0,0,0,0,0,0,0,0,0,0,0,3,
"(org.eclipse.collections.impl.jmh.IntIntMapSmallStressTest.jdkGet,6a4e99a2f144a3c258909ef9be7134abaabd45de)",0,0,0,0,0,0,0,0,0,0,0,0,0,0,0,0,0,0,0,0,0,0,0,0,0,0,0,
"(org.eclipse.collections.impl.jmh.IntIntMapTest.remove,6a4e99a2f144a3c258909ef9be7134abaabd45de)",0,0,0,0,0,0,0,0,0,0,0,0,0,0,0,0,0,0,0,0,0,0,0,0,0,0,0,
"(org.eclipse.collections.impl.jmh.AnagramSetTest.serial_eager_scala,6a4e99a2f144a3c258909ef9be7134abaabd45de)",0,0,0,0,0,0,0,0,0,0,0,0,0,0,0,0,0,0,0,0,0,0,0,0,0,0,0,
"(org.eclipse.collections.impl.jmh.CountTest.serial_eager_scala,6a4e99a2f144a3c258909ef9be7134abaabd45de)",0,0,0,0,0,0,0,0,0,0,0,0,0,0,0,0,0,0,0,0,0,0,0,0,0,0,0,
"(org.eclipse.collections.impl.jmh.AnagramListTest.parallel_eager_ec,6a4e99a2f144a3c258909ef9be7134abaabd45de)",0,0,0,7,0,0,0,4,0,0,0,0,3,0,0,0,0,0,0,0,0,0,0,0,0,0,14,
"(org.eclipse.collections.impl.jmh.LongLongMapLargeStressTest.kolobokeRemove,6a4e99a2f144a3c258909ef9be7134abaabd45de)",0,0,0,0,0,0,0,0,0,0,0,0,0,0,0,0,0,0,0,0,0,0,0,0,0,0,0,
"(org.eclipse.collections.impl.jmh.map.ScalaMutableMapGetTest.get,6a4e99a2f144a3c258909ef9be7134abaabd45de)",0,0,0,0,0,0,0,0,0,0,0,0,0,0,0,0,0,0,0,0,0,0,0,0,0,0,0,
"(org.eclipse.collections.impl.jmh.list.ListIterationTest.parallel_mutable_ec,6a4e99a2f144a3c258909ef9be7134abaabd45de)",0,0,0,0,0,0,0,0,0,0,0,0,0,0,0,0,0,0,0,0,0,0,0,0,0,0,0,
"(org.eclipse.collections.impl.jmh.SumOfIntTest.parallel_lazy_sumOfInt_ec,6a4e99a2f144a3c258909ef9be7134abaabd45de)",0,0,0,0,0,0,0,0,0,0,0,0,0,0,0,0,0,0,0,0,0,0,0,0,0,0,0,
"(org.eclipse.collections.impl.jmh.AggregateByTest.aggregateByCategory_parallel_eager_ec,6a4e99a2f144a3c258909ef9be7134abaabd45de)",0,0,0,0,0,0,0,0,0,0,0,0,0,0,0,0,0,0,0,0,0,0,0,0,0,0,0,
"(org.eclipse.collections.impl.jmh.AggregateByTest.aggregateInPlaceByCategory_parallel_lazy_ec,6a4e99a2f144a3c258909ef9be7134abaabd45de)",0,0,0,0,0,0,0,0,0,0,0,0,0,0,0,0,0,0,0,0,0,0,0,0,0,0,0,
"(org.eclipse.collections.impl.jmh.SumOfIntTest.serial_lazy_mapToIntSum_jdk,6a4e99a2f144a3c258909ef9be7134abaabd45de)",0,0,0,0,0,0,0,0,0,0,0,0,0,0,0,0,0,0,0,0,0,0,0,0,0,0,0,
"(org.eclipse.collections.impl.jmh.AllSatisfyTest.process_all_parallel_lazy_jdk,6a4e99a2f144a3c258909ef9be7134abaabd45de)",0,0,0,0,0,0,0,0,0,0,0,0,0,0,0,0,0,0,0,0,0,0,0,0,0,0,0,
"(org.eclipse.collections.impl.jmh.LongLongMapSmallStressTest.ecGet,6a4e99a2f144a3c258909ef9be7134abaabd45de)",0,0,0,0,0,0,0,0,0,0,0,0,0,0,0,0,0,0,0,0,0,0,0,0,0,0,0,
"(org.eclipse.collections.impl.jmh.FlatCollectTest.serial_eager_ec,6a4e99a2f144a3c258909ef9be7134abaabd45de)",0,0,0,0,0,0,0,0,0,0,0,0,0,0,0,0,0,0,0,0,0,0,0,0,0,0,0,
"(org.eclipse.collections.impl.jmh.GroupBySetTest.groupBy_100_keys_parallel_lazy_streams_ec,6a4e99a2f144a3c258909ef9be7134abaabd45de)",0,0,0,0,0,0,0,0,0,0,0,0,0,0,0,0,0,0,0,0,0,0,0,0,0,0,0,
"(org.eclipse.collections.impl.jmh.CountSetTest.serial_eager_ec,6a4e99a2f144a3c258909ef9be7134abaabd45de)",0,0,0,0,0,0,0,0,0,0,0,0,0,0,0,0,0,0,0,0,0,0,0,0,0,0,0,
"(org.eclipse.collections.impl.jmh.CountSetTest.serial_lazy_streams_ec,6a4e99a2f144a3c258909ef9be7134abaabd45de)",0,0,0,0,0,0,0,0,0,0,0,0,0,0,0,0,0,0,0,0,0,0,0,0,0,0,0,
"(org.eclipse.collections.impl.jmh.MinByDoubleTest.minByMarketValue_parallel_lazy_ec,6a4e99a2f144a3c258909ef9be7134abaabd45de)",0,0,0,0,0,0,0,0,0,0,0,0,0,0,0,0,0,0,0,0,0,0,0,0,0,0,0,
"(org.eclipse.collections.impl.jmh.AnagramBagTest.parallel_lazy_streams_ec,6a4e99a2f144a3c258909ef9be7134abaabd45de)",0,0,0,0,0,0,0,0,0,0,0,0,0,0,0,0,0,0,0,0,0,0,0,0,0,0,0,
"(org.eclipse.collections.impl.jmh.MaxByIntTest.maxByQuantity_serial_lazy_direct_methodref_jdk,6a4e99a2f144a3c258909ef9be7134abaabd45de)",0,0,0,0,0,0,0,0,0,0,0,0,0,0,0,0,0,0,0,0,0,0,0,0,0,0,0,
"(org.eclipse.collections.impl.jmh.LongLongMapLargeStressTest.ecGet,6a4e99a2f144a3c258909ef9be7134abaabd45de)",0,0,0,0,0,0,0,0,0,0,0,0,0,0,0,0,0,0,0,0,0,0,0,0,0,0,0,
"(org.eclipse.collections.impl.jmh.MaxByIntTest.maxByQuantity_serial_lazy_collect_methodref_jdk,6a4e99a2f144a3c258909ef9be7134abaabd45de)",0,0,0,0,0,0,0,0,0,0,0,0,0,0,0,0,0,0,0,0,0,0,0,0,0,0,0,
"(org.eclipse.collections.impl.jmh.SetAddAllTest.ec,6a4e99a2f144a3c258909ef9be7134abaabd45de)",0,0,0,0,0,0,0,0,0,0,0,0,0,0,0,0,0,0,0,0,0,0,0,0,0,0,0,
"(org.eclipse.collections.impl.jmh.CollectTest.serial_lazy_streams_ec,6a4e99a2f144a3c258909ef9be7134abaabd45de)",0,0,0,0,0,0,0,0,0,0,0,0,0,0,0,0,0,0,0,0,0,0,0,0,0,0,0,
"(org.eclipse.collections.impl.jmh.SumByDoubleTest.sumByProduct_serial_lazy_streams_ec,6a4e99a2f144a3c258909ef9be7134abaabd45de)",0,0,0,0,0,0,0,0,0,0,0,0,0,0,0,0,0,0,0,0,0,0,0,0,0,0,0,
"(org.eclipse.collections.impl.jmh.LongLongMapLargeStressTest.kolobokeGet,6a4e99a2f144a3c258909ef9be7134abaabd45de)",0,0,0,0,0,0,0,0,0,0,0,0,0,0,0,0,0,0,0,0,0,0,0,0,0,0,0,
"(org.eclipse.collections.impl.jmh.set.sorted.SortedSetIterationTest.parallel_mutable_scala,6a4e99a2f144a3c258909ef9be7134abaabd45de)",0,0,0,0,0,0,0,0,0,0,0,0,0,0,0,0,0,0,0,0,0,0,0,0,0,0,0,
"(org.eclipse.collections.impl.jmh.MinTest.serial_lazy_ec,6a4e99a2f144a3c258909ef9be7134abaabd45de)",0,0,0,0,0,0,0,0,0,0,0,0,0,0,0,0,0,0,0,0,0,0,0,0,0,0,0,
"(org.eclipse.collections.impl.jmh.CountTest.serial_lazy_jdk,6a4e99a2f144a3c258909ef9be7134abaabd45de)",0,0,0,0,0,0,0,0,0,0,0,0,0,0,0,0,0,0,0,0,0,0,0,0,0,0,0,
"(org.eclipse.collections.impl.jmh.CountTest.serial_lazy_streams_ec,6a4e99a2f144a3c258909ef9be7134abaabd45de)",0,0,0,0,0,0,0,0,0,0,0,0,0,0,0,0,0,0,0,0,0,0,0,0,0,0,0,
"(org.eclipse.collections.impl.jmh.AggregateByTest.aggregateByProduct_serial_lazy_jdk,6a4e99a2f144a3c258909ef9be7134abaabd45de)",0,0,0,0,0,0,0,0,0,0,0,0,0,0,0,0,0,0,0,0,0,0,0,0,0,0,0,
"(org.eclipse.collections.impl.jmh.AnagramSetTest.parallel_lazy_streams_ec,6a4e99a2f144a3c258909ef9be7134abaabd45de)",0,0,0,0,0,0,0,0,0,0,0,0,0,0,0,0,0,0,0,0,0,0,0,0,0,0,0,
"(org.eclipse.collections.impl.jmh.RejectTest.serial_eager_ec,6a4e99a2f144a3c258909ef9be7134abaabd45de)",0,0,0,0,0,0,0,0,0,0,0,0,0,0,0,0,0,0,0,0,0,0,0,0,0,0,0,
"(org.eclipse.collections.impl.jmh.AnagramSetTest.serial_lazy_jdk,6a4e99a2f144a3c258909ef9be7134abaabd45de)",0,0,0,0,0,0,0,0,0,0,0,0,0,0,0,0,0,0,0,0,0,0,0,0,0,0,0,
"(org.eclipse.collections.impl.jmh.SumByDoubleTest.sumByProduct_serial_eager_ec,6a4e99a2f144a3c258909ef9be7134abaabd45de)",0,0,0,0,0,0,0,0,0,0,0,0,0,0,0,0,0,0,0,0,0,0,0,0,0,0,0,
"(org.eclipse.collections.impl.jmh.MaxTest.parallel_lazy_reverse_jdk,6a4e99a2f144a3c258909ef9be7134abaabd45de)",0,0,0,0,0,0,0,0,0,0,0,0,0,0,0,0,0,0,0,0,0,0,0,0,0,0,0,
"(org.eclipse.collections.impl.jmh.CollectIfTest.parallel_lazy_ec,6a4e99a2f144a3c258909ef9be7134abaabd45de)",0,0,0,0,0,0,0,0,0,0,0,0,0,0,0,0,0,0,0,0,0,0,0,0,0,0,0,
"(org.eclipse.collections.impl.jmh.SumOfIntTest.serial_eager_directSumOfInt_ec,6a4e99a2f144a3c258909ef9be7134abaabd45de)",0,0,0,0,0,0,0,0,0,0,0,0,0,0,0,0,0,0,0,0,0,0,0,0,0,0,0,
"(org.eclipse.collections.impl.jmh.map.EcImmutableMapGetTest.get,6a4e99a2f144a3c258909ef9be7134abaabd45de)",0,0,0,0,0,0,0,0,0,0,0,0,0,0,0,0,0,0,0,0,0,0,0,0,0,0,0,
"(org.eclipse.collections.impl.jmh.MaxTest.parallel_lazy_reverse_streams_ec,6a4e99a2f144a3c258909ef9be7134abaabd45de)",0,0,0,0,0,0,0,0,0,0,0,0,0,0,0,0,0,0,0,0,0,0,0,0,0,0,0,
"(org.eclipse.collections.impl.jmh.map.MapGrowthTest.mutableScalaPut,6a4e99a2f144a3c258909ef9be7134abaabd45de)",0,0,0,0,0,0,0,0,0,0,0,0,0,0,0,0,0,0,0,0,0,0,0,0,0,0,0,
"(org.eclipse.collections.impl.jmh.AllSatisfyTest.short_circuit_middle_parallel_lazy_streams_ec,6a4e99a2f144a3c258909ef9be7134abaabd45de)",0,0,0,0,0,0,0,0,0,0,0,0,0,0,0,0,0,0,0,0,0,0,0,0,0,0,0,
"(org.eclipse.collections.impl.jmh.AllSatisfyTest.short_circuit_middle_serial_lazy_ec,6a4e99a2f144a3c258909ef9be7134abaabd45de)",0,0,0,0,0,0,0,0,0,0,0,0,0,0,0,0,0,0,0,0,0,0,0,0,0,0,0,
"(org.eclipse.collections.impl.jmh.SumByBigDecimalTest.sumByBigDecimalAccount_parallel_eager_ec,6a4e99a2f144a3c258909ef9be7134abaabd45de)",0,0,0,0,0,0,0,0,0,0,0,0,0,0,0,0,0,0,0,0,0,0,0,0,0,0,0,
"(org.eclipse.collections.impl.jmh.FunctionalInterfaceTest.serial_lazy_scala,6a4e99a2f144a3c258909ef9be7134abaabd45de)",0,0,0,0,0,0,0,0,0,0,0,0,0,0,0,0,0,0,0,0,0,0,0,0,0,0,0,
"(org.eclipse.collections.impl.jmh.SumOfIntTest.parallel_lazy_mapToLongSum_jdk,6a4e99a2f144a3c258909ef9be7134abaabd45de)",0,0,0,0,0,0,0,0,0,0,0,0,0,0,0,0,0,0,0,0,0,0,0,0,0,0,0,
"(org.eclipse.collections.impl.jmh.CountSetTest.serial_lazy_jdk,6a4e99a2f144a3c258909ef9be7134abaabd45de)",0,0,0,0,0,0,0,0,0,0,0,0,0,0,0,0,0,0,0,0,0,0,0,0,0,0,0,
"(org.eclipse.collections.impl.jmh.FunctionalInterfaceTest.parallel_eager_ec_hand_coded,6a4e99a2f144a3c258909ef9be7134abaabd45de)",0,0,0,1,0,0,0,1,0,0,0,0,0,0,1,0,0,0,0,0,0,0,0,0,0,0,3,
"(org.eclipse.collections.impl.jmh.AggregateByTest.aggregateByAccount_parallel_lazy_jdk,6a4e99a2f144a3c258909ef9be7134abaabd45de)",0,0,0,0,0,0,0,0,0,0,0,0,0,0,0,0,0,0,0,0,0,0,0,0,0,0,0,
"(org.eclipse.collections.impl.jmh.CollectorJoiningTest.parallel_lazy_mapToStringJoining_ec,6a4e99a2f144a3c258909ef9be7134abaabd45de)",0,0,0,0,0,0,0,0,0,0,0,0,0,0,0,0,0,0,0,0,0,0,0,0,0,0,0,
"(org.eclipse.collections.impl.jmh.AnySatisfyTest.short_circuit_middle_parallel_lazy_streams_ec,6a4e99a2f144a3c258909ef9be7134abaabd45de)",0,0,0,0,0,0,0,0,0,0,0,0,0,0,0,0,0,0,0,0,0,0,0,0,0,0,0,
"(org.eclipse.collections.impl.jmh.CountTest.serial_eager_ec,6a4e99a2f144a3c258909ef9be7134abaabd45de)",0,0,0,0,0,0,0,0,0,0,0,0,0,0,0,0,0,0,0,0,0,0,0,0,0,0,0,
"(org.eclipse.collections.impl.jmh.MaxByIntTest.maxByQuantity_parallel_lazy_direct_methodref_jdk,6a4e99a2f144a3c258909ef9be7134abaabd45de)",0,0,0,0,0,0,0,0,0,0,0,0,0,0,0,0,0,0,0,0,0,0,0,0,0,0,0,
"(org.eclipse.collections.impl.jmh.AnySatisfyTest.process_all_parallel_lazy_scala,6a4e99a2f144a3c258909ef9be7134abaabd45de)",0,0,0,0,0,0,0,0,0,0,0,0,0,0,0,0,0,0,0,0,0,0,0,0,0,0,0,
"(org.eclipse.collections.impl.jmh.MinTest.serial_lazy_reverse_ec,6a4e99a2f144a3c258909ef9be7134abaabd45de)",0,0,0,0,0,0,0,0,0,0,0,0,0,0,0,0,0,0,0,0,0,0,0,0,0,0,0,
"(org.eclipse.collections.impl.jmh.NoneSatisfyTest.process_none_serial_lazy_ec,6a4e99a2f144a3c258909ef9be7134abaabd45de)",0,0,0,0,0,0,0,0,0,0,0,0,0,0,0,0,0,0,0,0,0,0,0,0,0,0,0,
"(org.eclipse.collections.impl.jmh.SummarizeIntTest.serial_eager_collectIntSummaryStatistics_ec,6a4e99a2f144a3c258909ef9be7134abaabd45de)",0,0,0,0,0,0,0,0,0,0,0,0,0,0,0,0,0,0,0,0,0,0,0,0,0,0,0,
"(org.eclipse.collections.impl.jmh.MaxByIntTest.maxByQuantity_parallel_lazy_ec,6a4e99a2f144a3c258909ef9be7134abaabd45de)",0,0,0,0,0,0,0,0,0,0,0,0,0,0,0,0,0,0,0,0,0,0,0,0,0,0,0,
"(org.eclipse.collections.impl.jmh.MinByDoubleTest.minByMarketValue_parallel_lazy_collect_lambda_jdk,6a4e99a2f144a3c258909ef9be7134abaabd45de)",0,0,0,0,0,0,0,0,0,0,0,0,0,0,0,0,0,0,0,0,0,0,0,0,0,0,0,
"(org.eclipse.collections.impl.jmh.MinByDoubleTest.minByMarketValue_serial_lazy_direct_lambda_jdk,6a4e99a2f144a3c258909ef9be7134abaabd45de)",0,0,0,0,0,0,0,0,0,0,0,0,0,0,0,0,0,0,0,0,0,0,0,0,0,0,0,
"(org.eclipse.collections.impl.jmh.MinTest.parallel_lazy_reverse_streams_ec,6a4e99a2f144a3c258909ef9be7134abaabd45de)",0,0,0,0,0,0,0,0,0,0,0,0,0,0,0,0,0,0,0,0,0,0,0,0,0,0,0,
"(org.eclipse.collections.impl.jmh.RejectTest.serial_lazy_jdk_lambda_negate,6a4e99a2f144a3c258909ef9be7134abaabd45de)",0,0,0,0,0,0,0,0,0,0,0,0,0,0,0,0,0,0,0,0,0,0,0,0,0,0,0,
"(org.eclipse.collections.impl.jmh.RejectTest.serial_eager_ec_select_predicates_not,6a4e99a2f144a3c258909ef9be7134abaabd45de)",0,0,0,0,0,0,0,0,0,0,0,0,0,0,0,0,0,0,0,0,0,0,0,0,0,0,0,
"(org.eclipse.collections.impl.jmh.SumByBigDecimalTest.sumByBigDecimalProduct_serial_eager_ec,6a4e99a2f144a3c258909ef9be7134abaabd45de)",0,0,0,0,0,0,0,0,0,0,0,0,0,0,0,0,0,0,0,0,0,0,0,0,0,0,0,
"(org.eclipse.collections.impl.jmh.MinByIntTest.minByQuantity_serial_eager_ec,6a4e99a2f144a3c258909ef9be7134abaabd45de)",0,0,0,0,0,0,0,0,0,0,0,0,0,0,0,0,0,0,0,0,0,0,0,0,0,0,0,
"(org.eclipse.collections.impl.jmh.LongIntMapTest.presizedPut,6a4e99a2f144a3c258909ef9be7134abaabd45de)",0,0,0,0,0,0,0,0,0,0,0,0,0,0,0,0,0,0,0,0,0,0,0,0,0,0,0,
"(org.eclipse.collections.impl.jmh.MinTest.parallel_lazy_jdk,6a4e99a2f144a3c258909ef9be7134abaabd45de)",0,0,0,0,0,0,0,0,0,0,0,0,0,0,0,0,0,0,0,0,0,0,0,0,0,0,0,
"(org.eclipse.collections.impl.jmh.AnagramBagTest.serial_lazy_jdk,6a4e99a2f144a3c258909ef9be7134abaabd45de)",0,0,0,0,0,0,0,0,0,0,0,0,0,0,0,0,0,0,0,0,0,0,0,0,0,0,0,
"(org.eclipse.collections.impl.jmh.GroupByListTest.groupBy_10000_keys_serial_eager_scala,6a4e99a2f144a3c258909ef9be7134abaabd45de)",0,0,0,0,0,0,0,0,0,0,0,0,0,0,0,0,0,0,0,0,0,0,0,0,0,0,0,
"(org.eclipse.collections.impl.jmh.GroupBySetTest.groupBy_2_keys_serial_lazy_streams_ec,6a4e99a2f144a3c258909ef9be7134abaabd45de)",0,0,0,0,0,0,0,0,0,0,0,0,0,0,0,0,0,0,0,0,0,0,0,0,0,0,0,
"(org.eclipse.collections.impl.jmh.IntIntMapLargeStressTest.jdkPut,6a4e99a2f144a3c258909ef9be7134abaabd45de)",0,0,0,0,0,0,0,0,0,0,0,0,0,0,0,0,0,0,0,0,0,0,0,0,0,0,0,
"(org.eclipse.collections.impl.jmh.MaxTest.serial_eager_reverse_ec,6a4e99a2f144a3c258909ef9be7134abaabd45de)",0,0,0,0,0,0,0,0,0,0,0,0,0,0,0,0,0,0,0,0,0,0,0,0,0,0,0,
"(org.eclipse.collections.impl.jmh.FunctionalInterfaceTest.serial_lazy_jdk,6a4e99a2f144a3c258909ef9be7134abaabd45de)",0,0,0,0,0,0,0,0,0,0,0,0,0,0,0,0,0,0,0,0,0,0,0,0,0,0,0,
"(org.eclipse.collections.impl.jmh.IntIntMapLargeStressTest.ecPut,6a4e99a2f144a3c258909ef9be7134abaabd45de)",0,0,0,0,0,0,0,0,0,0,0,0,0,0,0,0,0,0,0,0,0,0,0,0,0,0,0,
"(org.eclipse.collections.impl.jmh.SumOfDoubleTest.serial_eager_collectDoubleSum_ec,6a4e99a2f144a3c258909ef9be7134abaabd45de)",0,0,0,0,0,0,0,0,0,0,0,0,0,0,0,0,0,0,0,0,0,0,0,0,0,0,0,
"(org.eclipse.collections.impl.jmh.SelectTest.serial_lazy_streams_ec,6a4e99a2f144a3c258909ef9be7134abaabd45de)",0,0,0,0,0,0,0,0,0,0,0,0,0,0,0,0,0,0,0,0,0,0,0,0,0,0,0,
"(org.eclipse.collections.impl.jmh.MaxTest.serial_lazy_reverse_jdk,6a4e99a2f144a3c258909ef9be7134abaabd45de)",0,0,0,0,0,0,0,0,0,0,0,0,0,0,0,0,0,0,0,0,0,0,0,0,0,0,0,
"(org.eclipse.collections.impl.jmh.CollectTest.parallel_eager_fixed_pool_ec,6a4e99a2f144a3c258909ef9be7134abaabd45de)",0,0,0,0,0,0,0,0,0,0,0,0,0,0,0,0,0,0,0,0,0,0,0,0,0,0,0,
"(org.eclipse.collections.impl.jmh.AnySatisfyTest.short_circuit_middle_serial_lazy_jdk,6a4e99a2f144a3c258909ef9be7134abaabd45de)",0,0,0,0,0,0,0,0,0,0,0,0,0,0,0,0,0,0,0,0,0,0,0,0,0,0,0,
"(org.eclipse.collections.impl.jmh.BagAddAllTest.guava,6a4e99a2f144a3c258909ef9be7134abaabd45de)",0,0,0,0,0,0,0,0,0,0,0,0,0,0,0,0,0,0,0,0,0,0,0,0,0,0,0,
"(org.eclipse.collections.impl.jmh.SelectTest.serial_eager_ec,6a4e99a2f144a3c258909ef9be7134abaabd45de)",0,0,0,0,0,0,0,0,0,0,0,0,0,0,0,0,0,0,0,0,0,0,0,0,0,0,0,
"(org.eclipse.collections.impl.jmh.list.ListIterationTest.serial_mutable_ec,6a4e99a2f144a3c258909ef9be7134abaabd45de)",0,0,0,0,0,0,0,0,0,0,0,0,0,0,0,0,0,0,0,0,0,0,0,0,0,0,0,
"(org.eclipse.collections.impl.jmh.AnySatisfyTest.process_all_parallel_lazy_jdk,6a4e99a2f144a3c258909ef9be7134abaabd45de)",0,0,0,0,0,0,0,0,0,0,0,0,0,0,0,0,0,0,0,0,0,0,0,0,0,0,0,
"(org.eclipse.collections.impl.jmh.set.sorted.SortedSetIterationTest.parallel_immutable_scala,6a4e99a2f144a3c258909ef9be7134abaabd45de)",0,0,0,0,0,0,0,0,0,0,0,0,0,0,0,0,0,0,0,0,0,0,0,0,0,0,0,
"(org.eclipse.collections.impl.jmh.NoneSatisfyTest.process_all_parallel_lazy_ec,6a4e99a2f144a3c258909ef9be7134abaabd45de)",0,0,0,0,0,0,0,0,0,0,0,0,0,0,0,0,0,0,0,0,0,0,0,0,0,0,0,
"(org.eclipse.collections.impl.jmh.CollectTest.serial_lazy_scala,6a4e99a2f144a3c258909ef9be7134abaabd45de)",0,0,0,0,0,0,0,0,0,0,0,0,0,0,0,0,0,0,0,0,0,0,0,0,0,0,0,
"(org.eclipse.collections.impl.jmh.AllSatisfyTest.short_circuit_middle_serial_eager_ec,6a4e99a2f144a3c258909ef9be7134abaabd45de)",0,0,0,0,0,0,0,0,0,0,0,0,0,0,0,0,0,0,0,0,0,0,0,0,0,0,0,
"(org.eclipse.collections.impl.jmh.MaxByDoubleTest.maxByMarketValue_serial_lazy_direct_methodref_jdk,6a4e99a2f144a3c258909ef9be7134abaabd45de)",0,0,0,0,0,0,0,0,0,0,0,0,0,0,0,0,0,0,0,0,0,0,0,0,0,0,0,
"(org.eclipse.collections.impl.jmh.AggregateByTest.aggregateByProduct_parallel_lazy_streams_ec,6a4e99a2f144a3c258909ef9be7134abaabd45de)",0,0,0,0,0,0,0,0,0,0,0,0,0,0,0,0,0,0,0,0,0,0,0,0,0,0,0,
"(org.eclipse.collections.impl.jmh.SelectTest.parallel_lazy_ec,6a4e99a2f144a3c258909ef9be7134abaabd45de)",0,0,0,0,0,0,0,0,0,0,0,0,0,0,0,0,0,0,0,0,0,0,0,0,0,0,0,
"(org.eclipse.collections.impl.jmh.AnagramBagTest.serial_eager_ec,6a4e99a2f144a3c258909ef9be7134abaabd45de)",0,0,0,7,0,0,0,4,0,0,0,0,3,0,0,0,0,0,0,0,0,0,0,0,0,0,14,
"(org.eclipse.collections.impl.jmh.AnagramSetTest.parallel_eager_ec,6a4e99a2f144a3c258909ef9be7134abaabd45de)",0,0,0,0,0,0,0,0,0,0,0,0,0,0,0,0,0,0,0,0,0,0,0,0,0,0,0,
"(org.eclipse.collections.impl.jmh.CollectorJoiningTest.serial_eager_makeString_ec,6a4e99a2f144a3c258909ef9be7134abaabd45de)",0,0,0,6,0,0,0,3,0,0,0,0,3,0,0,0,0,0,0,0,0,0,0,0,0,0,12,
"(org.eclipse.collections.impl.jmh.AnySatisfyTest.short_circuit_middle_serial_lazy_streams_ec,6a4e99a2f144a3c258909ef9be7134abaabd45de)",0,0,0,0,0,0,0,0,0,0,0,0,0,0,0,0,0,0,0,0,0,0,0,0,0,0,0,
"(org.eclipse.collections.impl.jmh.SumByDoubleTest.sumByCategory_serial_eager_ec,6a4e99a2f144a3c258909ef9be7134abaabd45de)",0,0,0,0,0,0,0,0,0,0,0,0,0,0,0,0,0,0,0,0,0,0,0,0,0,0,0,
"(org.eclipse.collections.impl.jmh.GroupBySetTest.groupBy_100_keys_parallel_lazy_ec,6a4e99a2f144a3c258909ef9be7134abaabd45de)",0,0,0,0,0,0,0,0,0,0,0,0,0,0,0,0,0,0,0,0,0,0,0,0,0,0,0,
"(org.eclipse.collections.impl.jmh.SumOfDoubleTest.serial_lazy_collectDoubleSum_streams_ec,6a4e99a2f144a3c258909ef9be7134abaabd45de)",0,0,0,0,0,0,0,0,0,0,0,0,0,0,0,0,0,0,0,0,0,0,0,0,0,0,0,
"(org.eclipse.collections.impl.jmh.AnagramBagTest.parallel_eager_ec,6a4e99a2f144a3c258909ef9be7134abaabd45de)",0,0,0,7,0,0,0,4,0,0,0,0,3,0,0,0,0,0,0,0,0,0,0,0,0,0,14,
"(org.eclipse.collections.impl.jmh.GroupBySetTest.groupBy_10000_keys_serial_eager_scala,6a4e99a2f144a3c258909ef9be7134abaabd45de)",0,0,0,0,0,0,0,0,0,0,0,0,0,0,0,0,0,0,0,0,0,0,0,0,0,0,0,
"(org.eclipse.collections.impl.jmh.MinByIntTest.minByQuantity_serial_lazy_collect_methodref_jdk,6a4e99a2f144a3c258909ef9be7134abaabd45de)",0,0,0,0,0,0,0,0,0,0,0,0,0,0,0,0,0,0,0,0,0,0,0,0,0,0,0,
"(org.eclipse.collections.impl.jmh.BagAddAllTest.ec,6a4e99a2f144a3c258909ef9be7134abaabd45de)",0,0,0,0,0,0,0,0,0,0,0,0,0,0,0,0,0,0,0,0,0,0,0,0,0,0,0,
"(org.eclipse.collections.impl.jmh.SummarizeIntTest.parallel_lazy_mapToIntSum_streams_ec,6a4e99a2f144a3c258909ef9be7134abaabd45de)",0,0,0,0,0,0,0,0,0,0,0,0,0,0,0,0,0,0,0,0,0,0,0,0,0,0,0,
"(org.eclipse.collections.impl.jmh.list.ListIterationTest.serial_immutable_ec,6a4e99a2f144a3c258909ef9be7134abaabd45de)",0,0,0,0,0,0,0,0,0,0,0,0,0,0,0,0,0,0,0,0,0,0,0,0,0,0,0,
"(org.eclipse.collections.impl.jmh.RejectTest.serial_lazy_streams_ec_lambda_not,6a4e99a2f144a3c258909ef9be7134abaabd45de)",0,0,0,0,0,0,0,0,0,0,0,0,0,0,0,0,0,0,0,0,0,0,0,0,0,0,0,
"(org.eclipse.collections.impl.jmh.AnySatisfyTest.process_all_parallel_lazy_ec,6a4e99a2f144a3c258909ef9be7134abaabd45de)",0,0,0,0,0,0,0,0,0,0,0,0,0,0,0,0,0,0,0,0,0,0,0,0,0,0,0,
"(org.eclipse.collections.impl.jmh.MaxTest.serial_eager_ec,6a4e99a2f144a3c258909ef9be7134abaabd45de)",0,0,0,0,0,0,0,0,0,0,0,0,0,0,0,0,0,0,0,0,0,0,0,0,0,0,0,
"(org.eclipse.collections.impl.jmh.GroupBySetTest.groupBy_10000_keys_parallel_lazy_streams_ec,6a4e99a2f144a3c258909ef9be7134abaabd45de)",0,0,0,0,0,0,0,0,0,0,0,0,0,0,0,0,0,0,0,0,0,0,0,0,0,0,0,
"(org.eclipse.collections.impl.jmh.MinByDoubleTest.minByMarketValue_serial_lazy_direct_methodref_jdk,6a4e99a2f144a3c258909ef9be7134abaabd45de)",0,0,0,0,0,0,0,0,0,0,0,0,0,0,0,0,0,0,0,0,0,0,0,0,0,0,0,
"(org.eclipse.collections.impl.jmh.MinByDoubleTest.minByMarketValue_serial_eager_ec,6a4e99a2f144a3c258909ef9be7134abaabd45de)",0,0,0,0,0,0,0,0,0,0,0,0,0,0,0,0,0,0,0,0,0,0,0,0,0,0,0,
"(org.eclipse.collections.impl.jmh.NoneSatisfyTest.process_all_parallel_lazy_jdk,6a4e99a2f144a3c258909ef9be7134abaabd45de)",0,0,0,0,0,0,0,0,0,0,0,0,0,0,0,0,0,0,0,0,0,0,0,0,0,0,0,
"(org.eclipse.collections.impl.jmh.NoneSatisfyTest.process_none_serial_lazy_streams_ec,6a4e99a2f144a3c258909ef9be7134abaabd45de)",0,0,0,0,0,0,0,0,0,0,0,0,0,0,0,0,0,0,0,0,0,0,0,0,0,0,0,
"(org.eclipse.collections.impl.jmh.MinByIntTest.minByQuantity_serial_lazy_direct_methodref_jdk,6a4e99a2f144a3c258909ef9be7134abaabd45de)",0,0,0,0,0,0,0,0,0,0,0,0,0,0,0,0,0,0,0,0,0,0,0,0,0,0,0,
"(org.eclipse.collections.impl.jmh.AnySatisfyTest.process_all_serial_lazy_scala,6a4e99a2f144a3c258909ef9be7134abaabd45de)",0,0,0,0,0,0,0,0,0,0,0,0,0,0,0,0,0,0,0,0,0,0,0,0,0,0,0,
"(org.eclipse.collections.impl.jmh.LongLongMapSmallStressTest.kolobokeRemove,6a4e99a2f144a3c258909ef9be7134abaabd45de)",0,0,0,0,0,0,0,0,0,0,0,0,0,0,0,0,0,0,0,0,0,0,0,0,0,0,0,
"(org.eclipse.collections.impl.jmh.RejectTest.serial_lazy_ec,6a4e99a2f144a3c258909ef9be7134abaabd45de)",0,0,0,0,0,0,0,0,0,0,0,0,0,0,0,0,0,0,0,0,0,0,0,0,0,0,0,
"(org.eclipse.collections.impl.jmh.MinByDoubleTest.minByMarketValue_parallel_lazy_direct_lambda_jdk,6a4e99a2f144a3c258909ef9be7134abaabd45de)",0,0,0,0,0,0,0,0,0,0,0,0,0,0,0,0,0,0,0,0,0,0,0,0,0,0,0,
"(org.eclipse.collections.impl.jmh.GroupBySetTest.groupBy_100_keys_serial_eager_scala,6a4e99a2f144a3c258909ef9be7134abaabd45de)",0,0,0,0,0,0,0,0,0,0,0,0,0,0,0,0,0,0,0,0,0,0,0,0,0,0,0,
"(org.eclipse.collections.impl.jmh.AnagramListTest.serial_lazy_jdk,6a4e99a2f144a3c258909ef9be7134abaabd45de)",0,0,0,0,0,0,0,0,0,0,0,0,0,0,0,0,0,0,0,0,0,0,0,0,0,0,0,
"(org.eclipse.collections.impl.jmh.FlatCollectTest.serial_lazy_streams_ec,6a4e99a2f144a3c258909ef9be7134abaabd45de)",0,0,0,0,0,0,0,0,0,0,0,0,0,0,0,0,0,0,0,0,0,0,0,0,0,0,0,
"(org.eclipse.collections.impl.jmh.SetAddAllTest.jdk,6a4e99a2f144a3c258909ef9be7134abaabd45de)",0,0,0,0,0,0,0,0,0,0,0,0,0,0,0,0,0,0,0,0,0,0,0,0,0,0,0,
"(org.eclipse.collections.impl.jmh.AnySatisfyTest.process_all_serial_eager_ec,6a4e99a2f144a3c258909ef9be7134abaabd45de)",0,0,0,0,0,0,0,0,0,0,0,0,0,0,0,0,0,0,0,0,0,0,0,0,0,0,0,
"(org.eclipse.collections.impl.jmh.IntIntMapSmallStressTest.kolobokePut,6a4e99a2f144a3c258909ef9be7134abaabd45de)",0,0,0,0,0,0,0,0,0,0,0,0,0,0,0,0,0,0,0,0,0,0,0,0,0,0,0,
"(org.eclipse.collections.impl.jmh.SummarizeIntTest.parallel_lazy_mapToIntSum_jdk,6a4e99a2f144a3c258909ef9be7134abaabd45de)",0,0,0,0,0,0,0,0,0,0,0,0,0,0,0,0,0,0,0,0,0,0,0,0,0,0,0,
"(org.eclipse.collections.impl.jmh.SummarizeIntTest.serial_eager_summarizeInt_ec,6a4e99a2f144a3c258909ef9be7134abaabd45de)",0,0,0,0,0,0,0,0,0,0,0,0,0,0,0,0,0,0,0,0,0,0,0,0,0,0,0,
"(org.eclipse.collections.impl.jmh.GroupBySetTest.groupBy_2_keys_parallel_lazy_jdk,6a4e99a2f144a3c258909ef9be7134abaabd45de)",0,0,0,0,0,0,0,0,0,0,0,0,0,0,0,0,0,0,0,0,0,0,0,0,0,0,0,
"(org.eclipse.collections.impl.jmh.SumOfIntTest.serial_lazy_mapToLongSum_streams_ec,6a4e99a2f144a3c258909ef9be7134abaabd45de)",0,0,0,0,0,0,0,0,0,0,0,0,0,0,0,0,0,0,0,0,0,0,0,0,0,0,0,
"(org.eclipse.collections.impl.jmh.MinByDoubleTest.minByMarketValue_parallel_lazy_direct_methodref_jdk,6a4e99a2f144a3c258909ef9be7134abaabd45de)",0,0,0,0,0,0,0,0,0,0,0,0,0,0,0,0,0,0,0,0,0,0,0,0,0,0,0,
"(org.eclipse.collections.impl.jmh.AllSatisfyTest.process_all_serial_lazy_jdk,6a4e99a2f144a3c258909ef9be7134abaabd45de)",0,0,0,0,0,0,0,0,0,0,0,0,0,0,0,0,0,0,0,0,0,0,0,0,0,0,0,
"(org.eclipse.collections.impl.jmh.CountTest.parallel_lazy_scala,6a4e99a2f144a3c258909ef9be7134abaabd45de)",0,0,0,0,0,0,0,0,0,0,0,0,0,0,0,0,0,0,0,0,0,0,0,0,0,0,0,
"(org.eclipse.collections.impl.jmh.MinByDoubleTest.minByMarketValue_serial_lazy_ec,6a4e99a2f144a3c258909ef9be7134abaabd45de)",0,0,0,0,0,0,0,0,0,0,0,0,0,0,0,0,0,0,0,0,0,0,0,0,0,0,0,
"(org.eclipse.collections.impl.jmh.MinByIntTest.minByQuantity_parallel_lazy_ec,6a4e99a2f144a3c258909ef9be7134abaabd45de)",0,0,0,0,0,0,0,0,0,0,0,0,0,0,0,0,0,0,0,0,0,0,0,0,0,0,0,
"(org.eclipse.collections.impl.jmh.ListEqualTest.jdk,6a4e99a2f144a3c258909ef9be7134abaabd45de)",0,0,0,0,0,0,0,0,0,0,0,0,0,0,0,0,0,0,0,0,0,0,0,0,0,0,0,
"(org.eclipse.collections.impl.jmh.AnagramSetTest.serial_lazy_scala,6a4e99a2f144a3c258909ef9be7134abaabd45de)",0,0,0,0,0,0,0,0,0,0,0,0,0,0,0,0,0,0,0,0,0,0,0,0,0,0,0,
"(org.eclipse.collections.impl.jmh.AllSatisfyTest.process_all_parallel_lazy_ec,6a4e99a2f144a3c258909ef9be7134abaabd45de)",0,0,0,0,0,0,0,0,0,0,0,0,0,0,0,0,0,0,0,0,0,0,0,0,0,0,0,
"(org.eclipse.collections.impl.jmh.FunctionalInterfaceTest.parallel_lazy_jdk,6a4e99a2f144a3c258909ef9be7134abaabd45de)",0,0,0,0,0,0,0,0,0,0,0,0,0,0,0,0,0,0,0,0,0,0,0,0,0,0,0,
"(org.eclipse.collections.impl.jmh.SelectTest.parallel_lazy_streams_ec,6a4e99a2f144a3c258909ef9be7134abaabd45de)",0,0,0,0,0,0,0,0,0,0,0,0,0,0,0,0,0,0,0,0,0,0,0,0,0,0,0,
"(org.eclipse.collections.impl.jmh.MinTest.serial_lazy_intstream_streams_ec,6a4e99a2f144a3c258909ef9be7134abaabd45de)",0,0,0,0,0,0,0,0,0,0,0,0,0,0,0,0,0,0,0,0,0,0,0,0,0,0,0,
"(org.eclipse.collections.impl.jmh.MinTest.serial_lazy_streams_ec,6a4e99a2f144a3c258909ef9be7134abaabd45de)",0,0,0,0,0,0,0,0,0,0,0,0,0,0,0,0,0,0,0,0,0,0,0,0,0,0,0,
"(org.eclipse.collections.impl.jmh.AllSatisfyTest.process_all_serial_lazy_streams_ec,6a4e99a2f144a3c258909ef9be7134abaabd45de)",0,0,0,0,0,0,0,0,0,0,0,0,0,0,0,0,0,0,0,0,0,0,0,0,0,0,0,
"(org.eclipse.collections.impl.jmh.map.HppcMutableMapGetTest.get,6a4e99a2f144a3c258909ef9be7134abaabd45de)",0,0,0,0,0,0,0,0,0,0,0,0,0,0,0,0,0,0,0,0,0,0,0,0,0,0,0,
"(org.eclipse.collections.impl.jmh.LongLongMapLargeStressTest.ecRemove,6a4e99a2f144a3c258909ef9be7134abaabd45de)",0,0,0,0,0,0,0,0,0,0,0,0,0,0,0,0,0,0,0,0,0,0,0,0,0,0,0,
"(org.eclipse.collections.impl.jmh.CountTest.parallel_lazy_ec,6a4e99a2f144a3c258909ef9be7134abaabd45de)",0,0,0,0,0,0,0,0,0,0,0,0,0,0,0,0,0,0,0,0,0,0,0,0,0,0,0,
"(org.eclipse.collections.impl.jmh.SumOfDoubleTest.parallel_lazy_collectDoubleSum_streams_ec,6a4e99a2f144a3c258909ef9be7134abaabd45de)",0,0,0,0,0,0,0,0,0,0,0,0,0,0,0,0,0,0,0,0,0,0,0,0,0,0,0,
"(org.eclipse.collections.impl.jmh.set.sorted.SortedSetIterationTest.serial_immutable_scala,6a4e99a2f144a3c258909ef9be7134abaabd45de)",0,0,0,0,0,0,0,0,0,0,0,0,0,0,0,0,0,0,0,0,0,0,0,0,0,0,0,
"(org.eclipse.collections.impl.jmh.IntIntMapLargeStressTest.ecRemove,6a4e99a2f144a3c258909ef9be7134abaabd45de)",0,0,0,0,0,0,0,0,0,0,0,0,0,0,0,0,0,0,0,0,0,0,0,0,0,0,0,
"(org.eclipse.collections.impl.jmh.CollectIfTest.parallel_lazy_jdk,6a4e99a2f144a3c258909ef9be7134abaabd45de)",0,0,0,0,0,0,0,0,0,0,0,0,0,0,0,0,0,0,0,0,0,0,0,0,0,0,0,
"(org.eclipse.collections.impl.jmh.SumByDoubleTest.sumByCategory_parallel_eager_ec,6a4e99a2f144a3c258909ef9be7134abaabd45de)",0,0,0,0,0,0,0,0,0,0,0,0,0,0,0,0,0,0,0,0,0,0,0,0,0,0,0,
"(org.eclipse.collections.impl.jmh.SumOfIntTest.serial_lazy_mapToIntSum_streams_ec,6a4e99a2f144a3c258909ef9be7134abaabd45de)",0,0,0,0,0,0,0,0,0,0,0,0,0,0,0,0,0,0,0,0,0,0,0,0,0,0,0,
"(org.eclipse.collections.impl.jmh.SumOfIntTest.serial_lazy_mapToLongSum_jdk,6a4e99a2f144a3c258909ef9be7134abaabd45de)",0,0,0,0,0,0,0,0,0,0,0,0,0,0,0,0,0,0,0,0,0,0,0,0,0,0,0,
"(org.eclipse.collections.impl.jmh.GroupByListTest.groupBy_2_keys_serial_eager_scala,6a4e99a2f144a3c258909ef9be7134abaabd45de)",0,0,0,0,0,0,0,0,0,0,0,0,0,0,0,0,0,0,0,0,0,0,0,0,0,0,0,
"(org.eclipse.collections.impl.jmh.MaxByDoubleTest.maxByMarketValue_parallel_lazy_collect_methodref_jdk,6a4e99a2f144a3c258909ef9be7134abaabd45de)",0,0,0,0,0,0,0,0,0,0,0,0,0,0,0,0,0,0,0,0,0,0,0,0,0,0,0,
"(org.eclipse.collections.impl.jmh.NoneSatisfyTest.short_circuit_middle_serial_lazy_streams_ec,6a4e99a2f144a3c258909ef9be7134abaabd45de)",0,0,0,0,0,0,0,0,0,0,0,0,0,0,0,0,0,0,0,0,0,0,0,0,0,0,0,
"(org.eclipse.collections.impl.jmh.MinTest.parallel_lazy_ec,6a4e99a2f144a3c258909ef9be7134abaabd45de)",0,0,0,0,0,0,0,0,0,0,0,0,0,0,0,0,0,0,0,0,0,0,0,0,0,0,0,
"(org.eclipse.collections.impl.jmh.GroupBySetTest.groupBy_2_keys_serial_lazy_jdk,6a4e99a2f144a3c258909ef9be7134abaabd45de)",0,0,0,0,0,0,0,0,0,0,0,0,0,0,0,0,0,0,0,0,0,0,0,0,0,0,0,
"(org.eclipse.collections.impl.jmh.map.ChainMapPutTest.jdk,6a4e99a2f144a3c258909ef9be7134abaabd45de)",0,0,0,0,0,0,0,0,0,0,0,0,0,0,0,0,0,0,0,0,0,0,0,0,0,0,0,
"(org.eclipse.collections.impl.jmh.SummarizeIntTest.serial_lazy_collectIntSummaryStatistics_ec,6a4e99a2f144a3c258909ef9be7134abaabd45de)",0,0,0,0,0,0,0,0,0,0,0,0,0,0,0,0,0,0,0,0,0,0,0,0,0,0,0,
"(org.eclipse.collections.impl.jmh.LongIntMapTest.get,6a4e99a2f144a3c258909ef9be7134abaabd45de)",0,0,0,0,0,0,0,0,0,0,0,0,0,0,0,0,0,0,0,0,0,0,0,0,0,0,0,
"(org.eclipse.collections.impl.jmh.map.EcMutableMapGetTest.get,6a4e99a2f144a3c258909ef9be7134abaabd45de)",0,0,0,0,0,0,0,0,0,0,0,0,0,0,0,0,0,0,0,0,0,0,0,0,0,0,0,
"(org.eclipse.collections.impl.jmh.AnySatisfyTest.process_all_parallel_lazy_streams_ec,6a4e99a2f144a3c258909ef9be7134abaabd45de)",0,0,0,0,0,0,0,0,0,0,0,0,0,0,0,0,0,0,0,0,0,0,0,0,0,0,0,
"(org.eclipse.collections.impl.jmh.AggregateByTest.aggregateInPlaceByProduct_parallel_eager_ec,6a4e99a2f144a3c258909ef9be7134abaabd45de)",0,0,0,0,0,0,0,0,0,0,0,0,0,0,0,0,0,0,0,0,0,0,0,0,0,0,0,
"(org.eclipse.collections.impl.jmh.AnySatisfyTest.short_circuit_middle_parallel_lazy_ec,6a4e99a2f144a3c258909ef9be7134abaabd45de)",0,0,0,0,0,0,0,0,0,0,0,0,0,0,0,0,0,0,0,0,0,0,0,0,0,0,0,
"(org.eclipse.collections.impl.jmh.CollectTest.parallel_lazy_ec,6a4e99a2f144a3c258909ef9be7134abaabd45de)",0,0,0,0,0,0,0,0,0,0,0,0,0,0,0,0,0,0,0,0,0,0,0,0,0,0,0,
"(org.eclipse.collections.impl.jmh.LongIntMapTest.copyTest,6a4e99a2f144a3c258909ef9be7134abaabd45de)",0,0,0,0,0,0,0,0,0,0,0,0,0,0,0,0,0,0,0,0,0,0,0,0,0,0,0,
"(org.eclipse.collections.impl.jmh.MaxByIntTest.maxByQuantity_parallel_lazy_collect_lambda_jdk,6a4e99a2f144a3c258909ef9be7134abaabd45de)",0,0,0,0,0,0,0,0,0,0,0,0,0,0,0,0,0,0,0,0,0,0,0,0,0,0,0,
"(org.eclipse.collections.impl.jmh.AggregateByTest.aggregateInPlaceByAccount_parallel_eager_ec,6a4e99a2f144a3c258909ef9be7134abaabd45de)",0,0,0,0,0,0,0,0,0,0,0,0,0,0,0,0,0,0,0,0,0,0,0,0,0,0,0,
"(org.eclipse.collections.impl.jmh.AggregateByTest.aggregateByCategory_parallel_lazy_jdk,6a4e99a2f144a3c258909ef9be7134abaabd45de)",0,0,0,0,0,0,0,0,0,0,0,0,0,0,0,0,0,0,0,0,0,0,0,0,0,0,0,
"(org.eclipse.collections.impl.jmh.AnySatisfyTest.short_circuit_middle_serial_lazy_ec,6a4e99a2f144a3c258909ef9be7134abaabd45de)",0,0,0,0,0,0,0,0,0,0,0,0,0,0,0,0,0,0,0,0,0,0,0,0,0,0,0,
"(org.eclipse.collections.impl.jmh.CountSetTest.parallel_lazy_scala,6a4e99a2f144a3c258909ef9be7134abaabd45de)",0,0,0,0,0,0,0,0,0,0,0,0,0,0,0,0,0,0,0,0,0,0,0,0,0,0,0,
"(org.eclipse.collections.impl.jmh.SummarizeIntTest.serial_lazy_mapToIntSum_streams_ec,6a4e99a2f144a3c258909ef9be7134abaabd45de)",0,0,0,0,0,0,0,0,0,0,0,0,0,0,0,0,0,0,0,0,0,0,0,0,0,0,0,
"(org.eclipse.collections.impl.jmh.AllSatisfyTest.process_all_serial_eager_ec,6a4e99a2f144a3c258909ef9be7134abaabd45de)",0,0,0,0,0,0,0,0,0,0,0,0,0,0,0,0,0,0,0,0,0,0,0,0,0,0,0,
"(org.eclipse.collections.impl.jmh.AnagramSetTest.serial_eager_ec,6a4e99a2f144a3c258909ef9be7134abaabd45de)",0,0,0,9,0,0,0,5,0,0,0,0,4,0,0,0,0,0,0,0,0,0,0,0,0,0,18,
"(org.eclipse.collections.impl.jmh.SumOfIntTest.serial_eager_collectIntSum_ec,6a4e99a2f144a3c258909ef9be7134abaabd45de)",0,0,0,0,0,0,0,0,0,0,0,0,0,0,0,0,0,0,0,0,0,0,0,0,0,0,0,
"(org.eclipse.collections.impl.jmh.CollectTest.serial_eager_scala,6a4e99a2f144a3c258909ef9be7134abaabd45de)",0,0,0,0,0,0,0,0,0,0,0,0,0,0,0,0,0,0,0,0,0,0,0,0,0,0,0,
"(org.eclipse.collections.impl.jmh.PartitionTest.serial_lazy_jdk,6a4e99a2f144a3c258909ef9be7134abaabd45de)",0,0,0,0,0,0,0,0,0,0,0,0,0,0,0,0,0,0,0,0,0,0,0,0,0,0,0,
"(org.eclipse.collections.impl.jmh.IntIntMapSmallStressTest.jdkPut,6a4e99a2f144a3c258909ef9be7134abaabd45de)",0,0,0,0,0,0,0,0,0,0,0,0,0,0,0,0,0,0,0,0,0,0,0,0,0,0,0,
"(org.eclipse.collections.impl.jmh.MaxByDoubleTest.maxByMarketValue_parallel_lazy_ec,6a4e99a2f144a3c258909ef9be7134abaabd45de)",0,0,0,0,0,0,0,0,0,0,0,0,0,0,0,0,0,0,0,0,0,0,0,0,0,0,0,
"(org.eclipse.collections.impl.jmh.IntIntMapLargeStressTest.ecGet,6a4e99a2f144a3c258909ef9be7134abaabd45de)",0,0,0,0,0,0,0,0,0,0,0,0,0,0,0,0,0,0,0,0,0,0,0,0,0,0,0,
"(org.eclipse.collections.impl.jmh.SummarizeIntTest.serial_eager_summaryStatistics_intList,6a4e99a2f144a3c258909ef9be7134abaabd45de)",0,0,0,0,0,0,0,0,0,0,0,0,0,0,0,0,0,0,0,0,0,0,0,0,0,0,0,
"(org.eclipse.collections.impl.jmh.MinByDoubleTest.minByMarketValue_serial_lazy_collect_methodref_jdk,6a4e99a2f144a3c258909ef9be7134abaabd45de)",0,0,0,0,0,0,0,0,0,0,0,0,0,0,0,0,0,0,0,0,0,0,0,0,0,0,0,
"(org.eclipse.collections.impl.jmh.MaxByDoubleTest.maxByMarketValue_parallel_lazy_direct_lambda_jdk,6a4e99a2f144a3c258909ef9be7134abaabd45de)",0,0,0,0,0,0,0,0,0,0,0,0,0,0,0,0,0,0,0,0,0,0,0,0,0,0,0,
"(org.eclipse.collections.impl.jmh.AggregateByTest.aggregateByCategory_serial_lazy_ec,6a4e99a2f144a3c258909ef9be7134abaabd45de)",0,0,0,0,0,0,0,0,0,0,0,0,0,0,0,0,0,0,0,0,0,0,0,0,0,0,0,
"(org.eclipse.collections.impl.jmh.IntIntMapSmallStressTest.jdkRemove,6a4e99a2f144a3c258909ef9be7134abaabd45de)",0,0,0,0,0,0,0,0,0,0,0,0,0,0,0,0,0,0,0,0,0,0,0,0,0,0,0,
"(org.eclipse.collections.impl.jmh.GroupByListTest.groupBy_10000_keys_serial_lazy_streams_ec,6a4e99a2f144a3c258909ef9be7134abaabd45de)",0,0,0,0,0,0,0,0,0,0,0,0,0,0,0,0,0,0,0,0,0,0,0,0,0,0,0,
"(org.eclipse.collections.impl.jmh.MinTest.parallel_lazy_reverse_ec,6a4e99a2f144a3c258909ef9be7134abaabd45de)",0,0,0,0,0,0,0,0,0,0,0,0,0,0,0,0,0,0,0,0,0,0,0,0,0,0,0,
"(org.eclipse.collections.impl.jmh.AnagramBagTest.parallel_lazy_jdk,6a4e99a2f144a3c258909ef9be7134abaabd45de)",0,0,0,0,0,0,0,0,0,0,0,0,0,0,0,0,0,0,0,0,0,0,0,0,0,0,0,
"(org.eclipse.collections.impl.jmh.RejectTest.serial_lazy_jdk_lambda_not,6a4e99a2f144a3c258909ef9be7134abaabd45de)",0,0,0,0,0,0,0,0,0,0,0,0,0,0,0,0,0,0,0,0,0,0,0,0,0,0,0,
"(org.eclipse.collections.impl.jmh.SumByDoubleTest.sumByAccount_parallel_lazy_jdk,6a4e99a2f144a3c258909ef9be7134abaabd45de)",0,0,0,0,0,0,0,0,0,0,0,0,0,0,0,0,0,0,0,0,0,0,0,0,0,0,0,
"(org.eclipse.collections.impl.jmh.CollectorJoiningTest.serial_eager_primitiveMakeString_ec,6a4e99a2f144a3c258909ef9be7134abaabd45de)",0,0,0,0,0,0,0,0,0,0,0,0,0,0,0,0,0,0,0,0,0,0,0,0,0,0,0,
"(org.eclipse.collections.impl.jmh.set.sorted.SortedSetContainsTest.contains_immutable_ec,6a4e99a2f144a3c258909ef9be7134abaabd45de)",0,0,0,0,0,0,0,0,0,0,0,0,0,0,0,0,0,0,0,0,0,0,0,0,0,0,0,
"(org.eclipse.collections.impl.jmh.NoneSatisfyTest.short_circuit_middle_parallel_lazy_ec,6a4e99a2f144a3c258909ef9be7134abaabd45de)",0,0,0,0,0,0,0,0,0,0,0,0,0,0,0,0,0,0,0,0,0,0,0,0,0,0,0,
"(org.eclipse.collections.impl.jmh.NoneSatisfyTest.short_circuit_middle_serial_eager_ec,6a4e99a2f144a3c258909ef9be7134abaabd45de)",0,0,0,0,0,0,0,0,0,0,0,0,0,0,0,0,0,0,0,0,0,0,0,0,0,0,0,
"(org.eclipse.collections.impl.jmh.MaxTest.serial_lazy_ec,6a4e99a2f144a3c258909ef9be7134abaabd45de)",0,0,0,0,0,0,0,0,0,0,0,0,0,0,0,0,0,0,0,0,0,0,0,0,0,0,0,
"(org.eclipse.collections.impl.jmh.SumOfIntTest.parallel_lazy_mapToIntSum_streams_ec,6a4e99a2f144a3c258909ef9be7134abaabd45de)",0,0,0,0,0,0,0,0,0,0,0,0,0,0,0,0,0,0,0,0,0,0,0,0,0,0,0,
"(org.eclipse.collections.impl.jmh.MinByIntTest.minByQuantity_serial_lazy_collect_lambda_jdk,6a4e99a2f144a3c258909ef9be7134abaabd45de)",0,0,0,0,0,0,0,0,0,0,0,0,0,0,0,0,0,0,0,0,0,0,0,0,0,0,0,
"(org.eclipse.collections.impl.jmh.GroupBySetTest.groupBy_10000_keys_parallel_lazy_jdk,6a4e99a2f144a3c258909ef9be7134abaabd45de)",0,0,0,0,0,0,0,0,0,0,0,0,0,0,0,0,0,0,0,0,0,0,0,0,0,0,0,
"(org.eclipse.collections.impl.jmh.CollectTest.serial_eager_ec,6a4e99a2f144a3c258909ef9be7134abaabd45de)",0,0,0,0,0,0,0,0,0,0,0,0,0,0,0,0,0,0,0,0,0,0,0,0,0,0,0,
"(org.eclipse.collections.impl.jmh.CountSetTest.parallel_lazy_jdk,6a4e99a2f144a3c258909ef9be7134abaabd45de)",0,0,0,0,0,0,0,0,0,0,0,0,0,0,0,0,0,0,0,0,0,0,0,0,0,0,0,
"(org.eclipse.collections.impl.jmh.list.ListIterationTest.parallel_immutable_ec,6a4e99a2f144a3c258909ef9be7134abaabd45de)",0,0,0,0,0,0,0,0,0,0,0,0,0,0,0,0,0,0,0,0,0,0,0,0,0,0,0,
"(org.eclipse.collections.impl.jmh.LongIntMapTest.put,6a4e99a2f144a3c258909ef9be7134abaabd45de)",0,0,0,0,0,0,0,0,0,0,0,0,0,0,0,0,0,0,0,0,0,0,0,0,0,0,0,
"(org.eclipse.collections.impl.jmh.AnySatisfyTest.process_all_serial_lazy_jdk,6a4e99a2f144a3c258909ef9be7134abaabd45de)",0,0,0,0,0,0,0,0,0,0,0,0,0,0,0,0,0,0,0,0,0,0,0,0,0,0,0,
"(org.eclipse.collections.impl.jmh.FunctionalInterfaceSetTest.parallel_lazy_ec,6a4e99a2f144a3c258909ef9be7134abaabd45de)",0,0,0,0,0,0,0,0,0,0,0,0,0,0,0,0,0,0,0,0,0,0,0,0,0,0,0,
"(org.eclipse.collections.impl.jmh.AllSatisfyTest.short_circuit_middle_parallel_lazy_ec,6a4e99a2f144a3c258909ef9be7134abaabd45de)",0,0,0,0,0,0,0,0,0,0,0,0,0,0,0,0,0,0,0,0,0,0,0,0,0,0,0,
"(org.eclipse.collections.impl.jmh.list.ListIterationTest.serial_mutable_scala,6a4e99a2f144a3c258909ef9be7134abaabd45de)",0,0,0,0,0,0,0,0,0,0,0,0,0,0,0,0,0,0,0,0,0,0,0,0,0,0,0,
"(org.eclipse.collections.impl.jmh.PartitionTest.serial_eager_ec,6a4e99a2f144a3c258909ef9be7134abaabd45de)",0,0,0,0,0,0,0,0,0,0,0,0,0,0,0,0,0,0,0,0,0,0,0,0,0,0,0,
"(org.eclipse.collections.impl.jmh.AggregateByTest.aggregateByCategory_serial_lazy_jdk,6a4e99a2f144a3c258909ef9be7134abaabd45de)",0,0,0,0,0,0,0,0,0,0,0,0,0,0,0,0,0,0,0,0,0,0,0,0,0,0,0,
"(org.eclipse.collections.impl.jmh.AnagramListTest.serial_lazy_streams_ec,6a4e99a2f144a3c258909ef9be7134abaabd45de)",0,0,0,0,0,0,0,0,0,0,0,0,0,0,0,0,0,0,0,0,0,0,0,0,0,0,0,
"(org.eclipse.collections.impl.jmh.GroupBySetTest.groupBy_2_keys_serial_eager_scala,6a4e99a2f144a3c258909ef9be7134abaabd45de)",0,0,0,0,0,0,0,0,0,0,0,0,0,0,0,0,0,0,0,0,0,0,0,0,0,0,0,
"(org.eclipse.collections.impl.jmh.map.TroveMapPutTest.trove,6a4e99a2f144a3c258909ef9be7134abaabd45de)",0,0,0,0,0,0,0,0,0,0,0,0,0,0,0,0,0,0,0,0,0,0,0,0,0,0,0,
"(org.eclipse.collections.impl.jmh.FlatCollectTest.serial_lazy_ec,6a4e99a2f144a3c258909ef9be7134abaabd45de)",0,0,0,0,0,0,0,0,0,0,0,0,0,0,0,0,0,0,0,0,0,0,0,0,0,0,0,
"(org.eclipse.collections.impl.jmh.GroupBySetTest.groupBy_10000_keys_serial_lazy_streams_ec,6a4e99a2f144a3c258909ef9be7134abaabd45de)",0,0,0,0,0,0,0,0,0,0,0,0,0,0,0,0,0,0,0,0,0,0,0,0,0,0,0,
"(org.eclipse.collections.impl.jmh.map.KolobokeMutableMapGetTest.get,6a4e99a2f144a3c258909ef9be7134abaabd45de)",0,0,0,0,0,0,0,0,0,0,0,0,0,0,0,0,0,0,0,0,0,0,0,0,0,0,0,
"(org.eclipse.collections.impl.jmh.GroupBySetTest.groupBy_10000_keys_parallel_lazy_scala,6a4e99a2f144a3c258909ef9be7134abaabd45de)",0,0,0,0,0,0,0,0,0,0,0,0,0,0,0,0,0,0,0,0,0,0,0,0,0,0,0,
"(org.eclipse.collections.impl.jmh.map.ChainMapPutTest.scala,6a4e99a2f144a3c258909ef9be7134abaabd45de)",0,0,0,0,0,0,0,0,0,0,0,0,0,0,0,0,0,0,0,0,0,0,0,0,0,0,0,
"(org.eclipse.collections.impl.jmh.FunctionalInterfaceTest.parallel_lazy_scala,6a4e99a2f144a3c258909ef9be7134abaabd45de)",0,0,0,0,0,0,0,0,0,0,0,0,0,0,0,0,0,0,0,0,0,0,0,0,0,0,0,
"(org.eclipse.collections.impl.jmh.FunctionalInterfaceTest.serial_eager_ec,6a4e99a2f144a3c258909ef9be7134abaabd45de)",0,0,0,0,0,0,0,0,0,0,0,0,0,0,0,0,0,0,0,0,0,0,0,0,0,0,0,
"(org.eclipse.collections.impl.jmh.SumByDoubleTest.sumByAccount_serial_eager_ec,6a4e99a2f144a3c258909ef9be7134abaabd45de)",0,0,0,0,0,0,0,0,0,0,0,0,0,0,0,0,0,0,0,0,0,0,0,0,0,0,0,
"(org.eclipse.collections.impl.jmh.SumByDoubleTest.sumByProduct_parallel_lazy_jdk,6a4e99a2f144a3c258909ef9be7134abaabd45de)",0,0,0,0,0,0,0,0,0,0,0,0,0,0,0,0,0,0,0,0,0,0,0,0,0,0,0,
"(org.eclipse.collections.impl.jmh.SumOfDoubleTest.parallel_lazy_collectDoubleSum_jdk,6a4e99a2f144a3c258909ef9be7134abaabd45de)",0,0,0,0,0,0,0,0,0,0,0,0,0,0,0,0,0,0,0,0,0,0,0,0,0,0,0,
"(org.eclipse.collections.impl.jmh.map.TroveMutableMapGetTest.get,6a4e99a2f144a3c258909ef9be7134abaabd45de)",0,0,0,0,0,0,0,0,0,0,0,0,0,0,0,0,0,0,0,0,0,0,0,0,0,0,0,
"(org.eclipse.collections.impl.jmh.MinTest.parallel_lazy_intstream_jdk,6a4e99a2f144a3c258909ef9be7134abaabd45de)",0,0,0,0,0,0,0,0,0,0,0,0,0,0,0,0,0,0,0,0,0,0,0,0,0,0,0,
"(org.eclipse.collections.impl.jmh.SumOfIntTest.serial_eager_sum_intList,6a4e99a2f144a3c258909ef9be7134abaabd45de)",0,0,0,0,0,0,0,0,0,0,0,0,0,0,0,0,0,0,0,0,0,0,0,0,0,0,0,
"(org.eclipse.collections.impl.jmh.set.sorted.SortedSetIterationTest.parallel_mutable_ec,6a4e99a2f144a3c258909ef9be7134abaabd45de)",0,0,0,0,0,0,0,0,0,0,0,0,0,0,0,0,0,0,0,0,0,0,0,0,0,0,0,
"(org.eclipse.collections.impl.jmh.MaxByDoubleTest.maxByMarketValue_serial_lazy_collect_lambda_jdk,6a4e99a2f144a3c258909ef9be7134abaabd45de)",0,0,0,0,0,0,0,0,0,0,0,0,0,0,0,0,0,0,0,0,0,0,0,0,0,0,0,
"(org.eclipse.collections.impl.jmh.NoneSatisfyTest.process_none_serial_lazy_jdk,6a4e99a2f144a3c258909ef9be7134abaabd45de)",0,0,0,0,0,0,0,0,0,0,0,0,0,0,0,0,0,0,0,0,0,0,0,0,0,0,0,
"(org.eclipse.collections.impl.jmh.GroupByListTest.groupBy_100_keys_serial_lazy_scala,6a4e99a2f144a3c258909ef9be7134abaabd45de)",0,0,0,0,0,0,0,0,0,0,0,0,0,0,0,0,0,0,0,0,0,0,0,0,0,0,0,
"(org.eclipse.collections.impl.jmh.LongLongMapSmallStressTest.ecRemove,6a4e99a2f144a3c258909ef9be7134abaabd45de)",0,0,0,0,0,0,0,0,0,0,0,0,0,0,0,0,0,0,0,0,0,0,0,0,0,0,0,
"(org.eclipse.collections.impl.jmh.map.MapGrowthTest.mutableEcPut,6a4e99a2f144a3c258909ef9be7134abaabd45de)",0,0,0,0,0,0,0,0,0,0,0,0,0,0,0,0,0,0,0,0,0,0,0,0,0,0,0,
"(org.eclipse.collections.impl.jmh.FunctionalInterfaceSetTest.serial_eager_ec,6a4e99a2f144a3c258909ef9be7134abaabd45de)",0,0,0,0,0,0,0,0,0,0,0,0,0,0,0,0,0,0,0,0,0,0,0,0,0,0,0,
"(org.eclipse.collections.impl.jmh.MaxByDoubleTest.maxByMarketValue_serial_eager_ec,6a4e99a2f144a3c258909ef9be7134abaabd45de)",0,0,0,0,0,0,0,0,0,0,0,0,0,0,0,0,0,0,0,0,0,0,0,0,0,0,0,
"(org.eclipse.collections.impl.jmh.MaxByIntTest.maxByQuantity_parallel_lazy_collect_methodref_jdk,6a4e99a2f144a3c258909ef9be7134abaabd45de)",0,0,0,0,0,0,0,0,0,0,0,0,0,0,0,0,0,0,0,0,0,0,0,0,0,0,0,
"(org.eclipse.collections.impl.jmh.CollectorJoiningTest.serial_eager_collectToStringJoining_ec,6a4e99a2f144a3c258909ef9be7134abaabd45de)",0,0,0,0,0,0,0,0,0,0,0,0,0,0,0,0,0,0,0,0,0,0,0,0,0,0,0,
"(org.eclipse.collections.impl.jmh.GroupByListTest.groupBy_100_keys_serial_eager_scala,6a4e99a2f144a3c258909ef9be7134abaabd45de)",0,0,0,0,0,0,0,0,0,0,0,0,0,0,0,0,0,0,0,0,0,0,0,0,0,0,0,
"(org.eclipse.collections.impl.jmh.SummarizeIntTest.serial_lazy_summarizeInt_ec,6a4e99a2f144a3c258909ef9be7134abaabd45de)",0,0,0,0,0,0,0,0,0,0,0,0,0,0,0,0,0,0,0,0,0,0,0,0,0,0,0,
"(org.eclipse.collections.impl.jmh.map.MapGrowthTest.immutableScalaPut,6a4e99a2f144a3c258909ef9be7134abaabd45de)",0,0,0,0,0,0,0,0,0,0,0,0,0,0,0,0,0,0,0,0,0,0,0,0,0,0,0,
"(org.eclipse.collections.impl.jmh.GroupByListTest.groupBy_2_keys_serial_lazy_jdk,6a4e99a2f144a3c258909ef9be7134abaabd45de)",0,0,0,0,0,0,0,0,0,0,0,0,0,0,0,0,0,0,0,0,0,0,0,0,0,0,0,
"(org.eclipse.collections.impl.jmh.MaxByDoubleTest.maxByMarketValue_serial_lazy_collect_methodref_jdk,6a4e99a2f144a3c258909ef9be7134abaabd45de)",0,0,0,0,0,0,0,0,0,0,0,0,0,0,0,0,0,0,0,0,0,0,0,0,0,0,0,
"(org.eclipse.collections.impl.jmh.SumByDoubleTest.sumByProduct_serial_lazy_jdk,6a4e99a2f144a3c258909ef9be7134abaabd45de)",0,0,0,0,0,0,0,0,0,0,0,0,0,0,0,0,0,0,0,0,0,0,0,0,0,0,0,
"(org.eclipse.collections.impl.jmh.AggregateByTest.aggregateByProduct_parallel_eager_ec,6a4e99a2f144a3c258909ef9be7134abaabd45de)",0,0,0,0,0,0,0,0,0,0,0,0,0,0,0,0,0,0,0,0,0,0,0,0,0,0,0,
"(org.eclipse.collections.impl.jmh.AnagramSetTest.serial_lazy_streams_ec,6a4e99a2f144a3c258909ef9be7134abaabd45de)",0,0,0,0,0,0,0,0,0,0,0,0,0,0,0,0,0,0,0,0,0,0,0,0,0,0,0,
"(org.eclipse.collections.impl.jmh.MaxTest.serial_lazy_jdk,6a4e99a2f144a3c258909ef9be7134abaabd45de)",0,0,0,0,0,0,0,0,0,0,0,0,0,0,0,0,0,0,0,0,0,0,0,0,0,0,0,
"(org.eclipse.collections.impl.jmh.AnagramBagTest.parallel_lazy_ec,6a4e99a2f144a3c258909ef9be7134abaabd45de)",0,0,0,9,0,0,0,5,0,0,0,0,4,0,0,0,0,0,0,0,0,0,0,0,0,0,18,
"(org.eclipse.collections.impl.jmh.GroupByListTest.groupBy_2_keys_serial_lazy_ec,6a4e99a2f144a3c258909ef9be7134abaabd45de)",0,0,0,0,0,0,0,0,0,0,0,0,0,0,0,0,0,0,0,0,0,0,0,0,0,0,0,
"(org.eclipse.collections.impl.jmh.CollectIfTest.serial_lazy_ec,6a4e99a2f144a3c258909ef9be7134abaabd45de)",0,0,0,0,0,0,0,0,0,0,0,0,0,0,0,0,0,0,0,0,0,0,0,0,0,0,0,
"(org.eclipse.collections.impl.jmh.AggregateByTest.aggregateByProduct_parallel_lazy_ec,6a4e99a2f144a3c258909ef9be7134abaabd45de)",0,0,0,0,0,0,0,0,0,0,0,0,0,0,0,0,0,0,0,0,0,0,0,0,0,0,0,
"(org.eclipse.collections.impl.jmh.SumByDoubleTest.sumByAccount_serial_lazy_jdk,6a4e99a2f144a3c258909ef9be7134abaabd45de)",0,0,0,0,0,0,0,0,0,0,0,0,0,0,0,0,0,0,0,0,0,0,0,0,0,0,0,
"(org.eclipse.collections.impl.jmh.AnySatisfyTest.process_all_serial_lazy_streams_ec,6a4e99a2f144a3c258909ef9be7134abaabd45de)",0,0,0,0,0,0,0,0,0,0,0,0,0,0,0,0,0,0,0,0,0,0,0,0,0,0,0,
"(org.eclipse.collections.impl.jmh.GroupBySetTest.groupBy_unordered_lists_10000_keys_serial_eager_guava,6a4e99a2f144a3c258909ef9be7134abaabd45de)",0,0,0,0,0,0,0,0,0,0,0,0,0,0,0,0,0,0,0,0,0,0,0,0,0,0,0,
"(org.eclipse.collections.impl.jmh.MaxByIntTest.maxByQuantity_serial_lazy_collect_lambda_jdk,6a4e99a2f144a3c258909ef9be7134abaabd45de)",0,0,0,0,0,0,0,0,0,0,0,0,0,0,0,0,0,0,0,0,0,0,0,0,0,0,0,
"(org.eclipse.collections.impl.jmh.FunctionalInterfaceTest.serial_eager_scala,6a4e99a2f144a3c258909ef9be7134abaabd45de)",0,0,0,0,0,0,0,0,0,0,0,0,0,0,0,0,0,0,0,0,0,0,0,0,0,0,0,
"(org.eclipse.collections.impl.jmh.MinTest.serial_lazy_jdk,6a4e99a2f144a3c258909ef9be7134abaabd45de)",0,0,0,0,0,0,0,0,0,0,0,0,0,0,0,0,0,0,0,0,0,0,0,0,0,0,0,
"(org.eclipse.collections.impl.jmh.IntIntMapLargeStressTest.kolobokeRemove,6a4e99a2f144a3c258909ef9be7134abaabd45de)",0,0,0,0,0,0,0,0,0,0,0,0,0,0,0,0,0,0,0,0,0,0,0,0,0,0,0,
"(org.eclipse.collections.impl.jmh.SelectTest.parallel_lazy_jdk,6a4e99a2f144a3c258909ef9be7134abaabd45de)",0,0,0,0,0,0,0,0,0,0,0,0,0,0,0,0,0,0,0,0,0,0,0,0,0,0,0,
"(org.eclipse.collections.impl.jmh.IntIntMapSmallStressTest.kolobokeRemove,6a4e99a2f144a3c258909ef9be7134abaabd45de)",0,0,0,0,0,0,0,0,0,0,0,0,0,0,0,0,0,0,0,0,0,0,0,0,0,0,0,
"(org.eclipse.collections.impl.jmh.GroupBySetTest.groupBy_unordered_lists_10000_keys_serial_lazy_ec,6a4e99a2f144a3c258909ef9be7134abaabd45de)",0,0,0,0,0,0,0,0,0,0,0,0,0,0,0,0,0,0,0,0,0,0,0,0,0,0,0,
"(org.eclipse.collections.impl.jmh.SumOfIntTest.parallel_lazy_mapToIntSum_jdk,6a4e99a2f144a3c258909ef9be7134abaabd45de)",0,0,0,0,0,0,0,0,0,0,0,0,0,0,0,0,0,0,0,0,0,0,0,0,0,0,0,
"(org.eclipse.collections.impl.jmh.GroupBySetTest.groupBy_100_keys_parallel_lazy_scala,6a4e99a2f144a3c258909ef9be7134abaabd45de)",0,0,0,0,0,0,0,0,0,0,0,0,0,0,0,0,0,0,0,0,0,0,0,0,0,0,0,
"(org.eclipse.collections.impl.jmh.AggregateByTest.aggregateInPlaceByCategory_parallel_eager_ec,6a4e99a2f144a3c258909ef9be7134abaabd45de)",0,0,0,0,0,0,0,0,0,0,0,0,0,0,0,0,0,0,0,0,0,0,0,0,0,0,0,
"(org.eclipse.collections.impl.jmh.AggregateByTest.aggregateByAccount_serial_lazy_ec,6a4e99a2f144a3c258909ef9be7134abaabd45de)",0,0,0,0,0,0,0,0,0,0,0,0,0,0,0,0,0,0,0,0,0,0,0,0,0,0,0,
"(org.eclipse.collections.impl.jmh.CollectIfTest.parallel_lazy_streams_ec,6a4e99a2f144a3c258909ef9be7134abaabd45de)",0,0,0,0,0,0,0,0,0,0,0,0,0,0,0,0,0,0,0,0,0,0,0,0,0,0,0,
"(org.eclipse.collections.impl.jmh.GroupBySetTest.groupBy_10000_keys_parallel_lazy_ec,6a4e99a2f144a3c258909ef9be7134abaabd45de)",0,0,0,0,0,0,0,0,0,0,0,0,0,0,0,0,0,0,0,0,0,0,0,0,0,0,0,
"(org.eclipse.collections.impl.jmh.set.sorted.SortedSetIterationTest.parallel_immutable_ec,6a4e99a2f144a3c258909ef9be7134abaabd45de)",0,0,0,0,0,0,0,0,0,0,0,0,0,0,0,0,0,0,0,0,0,0,0,0,0,0,0,
"(org.eclipse.collections.impl.jmh.ListAddAllTest.jdk,6a4e99a2f144a3c258909ef9be7134abaabd45de)",0,0,0,0,0,0,0,0,0,0,0,0,0,0,0,0,0,0,0,0,0,0,0,0,0,0,0,
"(org.eclipse.collections.impl.jmh.SumOfDoubleTest.serial_eager_directSumOfDouble_ec,6a4e99a2f144a3c258909ef9be7134abaabd45de)",0,0,0,0,0,0,0,0,0,0,0,0,0,0,0,0,0,0,0,0,0,0,0,0,0,0,0,
"(org.eclipse.collections.impl.jmh.AnagramBagTest.parallel_eager_forkjoin_ec,6a4e99a2f144a3c258909ef9be7134abaabd45de)",0,0,0,7,0,0,0,4,0,0,0,0,3,0,0,0,0,0,0,0,0,0,0,0,0,0,14,
"(org.eclipse.collections.impl.jmh.CountSetTest.serial_lazy_scala,6a4e99a2f144a3c258909ef9be7134abaabd45de)",0,0,0,0,0,0,0,0,0,0,0,0,0,0,0,0,0,0,0,0,0,0,0,0,0,0,0,
"(org.eclipse.collections.impl.jmh.GroupByListTest.groupBy_10000_keys_serial_eager_ec,6a4e99a2f144a3c258909ef9be7134abaabd45de)",0,0,0,0,0,0,0,0,0,0,0,0,0,0,0,0,0,0,0,0,0,0,0,0,0,0,0,
"(org.eclipse.collections.impl.jmh.CollectTest.serial_lazy_jdk,6a4e99a2f144a3c258909ef9be7134abaabd45de)",0,0,0,0,0,0,0,0,0,0,0,0,0,0,0,0,0,0,0,0,0,0,0,0,0,0,0,
"(org.eclipse.collections.impl.jmh.AnySatisfyTest.short_circuit_middle_parallel_lazy_scala,6a4e99a2f144a3c258909ef9be7134abaabd45de)",0,0,0,0,0,0,0,0,0,0,0,0,0,0,0,0,0,0,0,0,0,0,0,0,0,0,0,
"(org.eclipse.collections.impl.jmh.MinByIntTest.minByQuantity_serial_lazy_ec,6a4e99a2f144a3c258909ef9be7134abaabd45de)",0,0,0,0,0,0,0,0,0,0,0,0,0,0,0,0,0,0,0,0,0,0,0,0,0,0,0,
"(org.eclipse.collections.impl.jmh.IntIntMapSmallStressTest.ecPut,6a4e99a2f144a3c258909ef9be7134abaabd45de)",0,0,0,0,0,0,0,0,0,0,0,0,0,0,0,0,0,0,0,0,0,0,0,0,0,0,0,
"(org.eclipse.collections.impl.jmh.SumByDoubleTest.sumByCategory_parallel_lazy_jdk,6a4e99a2f144a3c258909ef9be7134abaabd45de)",0,0,0,0,0,0,0,0,0,0,0,0,0,0,0,0,0,0,0,0,0,0,0,0,0,0,0,
"(org.eclipse.collections.impl.jmh.SelectTest.parallel_eager_ec,6a4e99a2f144a3c258909ef9be7134abaabd45de)",0,0,0,1,0,0,0,1,0,0,0,0,0,0,1,0,0,0,0,0,0,0,0,0,0,0,3,
"(org.eclipse.collections.impl.jmh.set.sorted.SortedSetIterationTest.serial_mutable_ec,6a4e99a2f144a3c258909ef9be7134abaabd45de)",0,0,0,0,0,0,0,0,0,0,0,0,0,0,0,0,0,0,0,0,0,0,0,0,0,0,0,
"(org.eclipse.collections.impl.jmh.CountSetTest.parallel_lazy_streams_ec,6a4e99a2f144a3c258909ef9be7134abaabd45de)",0,0,0,0,0,0,0,0,0,0,0,0,0,0,0,0,0,0,0,0,0,0,0,0,0,0,0,
"(org.eclipse.collections.impl.jmh.set.sorted.SortedSetIterationTest.serial_immutable_ec,6a4e99a2f144a3c258909ef9be7134abaabd45de)",0,0,0,0,0,0,0,0,0,0,0,0,0,0,0,0,0,0,0,0,0,0,0,0,0,0,0,
"(org.eclipse.collections.impl.jmh.CollectorJoiningTest.parallel_lazy_makeString_ec,6a4e99a2f144a3c258909ef9be7134abaabd45de)",0,0,0,11,0,0,0,5,0,0,0,0,6,0,0,0,0,0,0,0,0,0,0,0,0,0,22,
"(org.eclipse.collections.impl.jmh.AggregateByTest.aggregateInPlaceByAccount_parallel_lazy_ec,6a4e99a2f144a3c258909ef9be7134abaabd45de)",0,0,0,0,0,0,0,0,0,0,0,0,0,0,0,0,0,0,0,0,0,0,0,0,0,0,0,
"(org.eclipse.collections.impl.jmh.MinByIntTest.minByQuantity_serial_lazy_direct_lambda_jdk,6a4e99a2f144a3c258909ef9be7134abaabd45de)",0,0,0,0,0,0,0,0,0,0,0,0,0,0,0,0,0,0,0,0,0,0,0,0,0,0,0,
"(org.eclipse.collections.impl.jmh.CollectorJoiningTest.serial_lazy_mapToStringJoining_jdk,6a4e99a2f144a3c258909ef9be7134abaabd45de)",0,0,0,0,0,0,0,0,0,0,0,0,0,0,0,0,0,0,0,0,0,0,0,0,0,0,0,
"(org.eclipse.collections.impl.jmh.GroupByListTest.groupBy_100_keys_serial_lazy_jdk,6a4e99a2f144a3c258909ef9be7134abaabd45de)",0,0,0,0,0,0,0,0,0,0,0,0,0,0,0,0,0,0,0,0,0,0,0,0,0,0,0,
"(org.eclipse.collections.impl.jmh.SumByDoubleTest.sumByAccount_parallel_eager_ec,6a4e99a2f144a3c258909ef9be7134abaabd45de)",0,0,0,0,0,0,0,0,0,0,0,0,0,0,0,0,0,0,0,0,0,0,0,0,0,0,0,
"(org.eclipse.collections.impl.jmh.FunctionalInterfaceTest.serial_lazy_ec,6a4e99a2f144a3c258909ef9be7134abaabd45de)",0,0,0,0,0,0,0,0,0,0,0,0,0,0,0,0,0,0,0,0,0,0,0,0,0,0,0,
"(org.eclipse.collections.impl.jmh.SumByBigDecimalTest.sumByBigDecimalCategory_serial_eager_ec,6a4e99a2f144a3c258909ef9be7134abaabd45de)",0,0,0,0,0,0,0,0,0,0,0,0,0,0,0,0,0,0,0,0,0,0,0,0,0,0,0,
"(org.eclipse.collections.impl.jmh.CollectTest.parallel_lazy_scala,6a4e99a2f144a3c258909ef9be7134abaabd45de)",0,0,0,0,0,0,0,0,0,0,0,0,0,0,0,0,0,0,0,0,0,0,0,0,0,0,0,
"(org.eclipse.collections.impl.jmh.NoneSatisfyTest.short_circuit_middle_serial_lazy_ec,6a4e99a2f144a3c258909ef9be7134abaabd45de)",0,0,0,0,0,0,0,0,0,0,0,0,0,0,0,0,0,0,0,0,0,0,0,0,0,0,0,
"(org.eclipse.collections.impl.jmh.IntIntMapSmallStressTest.kolobokeGet,6a4e99a2f144a3c258909ef9be7134abaabd45de)",0,0,0,0,0,0,0,0,0,0,0,0,0,0,0,0,0,0,0,0,0,0,0,0,0,0,0,
"(org.eclipse.collections.impl.jmh.CollectTest.serial_lazy_ec,6a4e99a2f144a3c258909ef9be7134abaabd45de)",0,0,0,0,0,0,0,0,0,0,0,0,0,0,0,0,0,0,0,0,0,0,0,0,0,0,0,
"(org.eclipse.collections.impl.jmh.LongIntMapTest.remove,6a4e99a2f144a3c258909ef9be7134abaabd45de)",0,0,0,0,0,0,0,0,0,0,0,0,0,0,0,0,0,0,0,0,0,0,0,0,0,0,0,
"(org.eclipse.collections.impl.jmh.AnagramBagTest.serial_lazy_streams_ec,6a4e99a2f144a3c258909ef9be7134abaabd45de)",0,0,0,0,0,0,0,0,0,0,0,0,0,0,0,0,0,0,0,0,0,0,0,0,0,0,0,
"(org.eclipse.collections.impl.jmh.CountSetTest.serial_lazy_ec,6a4e99a2f144a3c258909ef9be7134abaabd45de)",0,0,0,0,0,0,0,0,0,0,0,0,0,0,0,0,0,0,0,0,0,0,0,0,0,0,0,
"(org.eclipse.collections.impl.jmh.CollectIfTest.serial_lazy_streams_ec,6a4e99a2f144a3c258909ef9be7134abaabd45de)",0,0,0,0,0,0,0,0,0,0,0,0,0,0,0,0,0,0,0,0,0,0,0,0,0,0,0,
"(org.eclipse.collections.impl.jmh.CountSetTest.parallel_lazy_ec,6a4e99a2f144a3c258909ef9be7134abaabd45de)",0,0,0,0,0,0,0,0,0,0,0,0,0,0,0,0,0,0,0,0,0,0,0,0,0,0,0,
"(org.eclipse.collections.impl.jmh.map.ScalaImmutableMapGetTest.get,6a4e99a2f144a3c258909ef9be7134abaabd45de)",0,0,0,0,0,0,0,0,0,0,0,0,0,0,0,0,0,0,0,0,0,0,0,0,0,0,0,
"(org.eclipse.collections.impl.jmh.AnySatisfyTest.short_circuit_middle_serial_eager_scala,6a4e99a2f144a3c258909ef9be7134abaabd45de)",0,0,0,0,0,0,0,0,0,0,0,0,0,0,0,0,0,0,0,0,0,0,0,0,0,0,0,
"(org.eclipse.collections.impl.jmh.map.ChainMapPutTest.ec,6a4e99a2f144a3c258909ef9be7134abaabd45de)",0,0,0,0,0,0,0,0,0,0,0,0,0,0,0,0,0,0,0,0,0,0,0,0,0,0,0,
"(org.eclipse.collections.impl.jmh.AggregateByTest.aggregateByAccount_parallel_eager_ec,6a4e99a2f144a3c258909ef9be7134abaabd45de)",0,0,0,0,0,0,0,0,0,0,0,0,0,0,0,0,0,0,0,0,0,0,0,0,0,0,0,
"(org.eclipse.collections.impl.jmh.FunctionalInterfaceTest.parallel_lazy_ec_hand_coded,6a4e99a2f144a3c258909ef9be7134abaabd45de)",0,0,0,0,0,0,0,0,0,0,0,0,0,0,0,0,0,0,0,0,0,0,0,0,0,0,0,
"(org.eclipse.collections.impl.jmh.SumByDoubleTest.sumByProduct_parallel_lazy_streams_ec,6a4e99a2f144a3c258909ef9be7134abaabd45de)",0,0,0,0,0,0,0,0,0,0,0,0,0,0,0,0,0,0,0,0,0,0,0,0,0,0,0,
"(org.eclipse.collections.impl.jmh.AnagramListTest.parallel_lazy_streams_ec,6a4e99a2f144a3c258909ef9be7134abaabd45de)",0,0,0,0,0,0,0,0,0,0,0,0,0,0,0,0,0,0,0,0,0,0,0,0,0,0,0,
"(org.eclipse.collections.impl.jmh.CountSetTest.serial_eager_scala,6a4e99a2f144a3c258909ef9be7134abaabd45de)",0,0,0,0,0,0,0,0,0,0,0,0,0,0,0,0,0,0,0,0,0,0,0,0,0,0,0,
"(org.eclipse.collections.impl.jmh.LongLongMapLargeStressTest.ecPut,6a4e99a2f144a3c258909ef9be7134abaabd45de)",0,0,0,0,0,0,0,0,0,0,0,0,0,0,0,0,0,0,0,0,0,0,0,0,0,0,0,
"(org.eclipse.collections.impl.jmh.GroupBySetTest.groupBy_10000_keys_serial_lazy_jdk,6a4e99a2f144a3c258909ef9be7134abaabd45de)",0,0,0,0,0,0,0,0,0,0,0,0,0,0,0,0,0,0,0,0,0,0,0,0,0,0,0,
"(org.eclipse.collections.impl.jmh.GroupBySetTest.groupBy_100_keys_serial_lazy_jdk,6a4e99a2f144a3c258909ef9be7134abaabd45de)",0,0,0,0,0,0,0,0,0,0,0,0,0,0,0,0,0,0,0,0,0,0,0,0,0,0,0,
"(org.eclipse.collections.impl.jmh.MaxTest.parallel_lazy_ec,6a4e99a2f144a3c258909ef9be7134abaabd45de)",0,0,0,0,0,0,0,0,0,0,0,0,0,0,0,0,0,0,0,0,0,0,0,0,0,0,0,
"(org.eclipse.collections.impl.jmh.AggregateByTest.aggregateByAccount_parallel_lazy_streams_ec,6a4e99a2f144a3c258909ef9be7134abaabd45de)",0,0,0,0,0,0,0,0,0,0,0,0,0,0,0,0,0,0,0,0,0,0,0,0,0,0,0,
"(org.eclipse.collections.impl.jmh.GroupBySetTest.groupBy_100_keys_parallel_lazy_jdk,6a4e99a2f144a3c258909ef9be7134abaabd45de)",0,0,0,0,0,0,0,0,0,0,0,0,0,0,0,0,0,0,0,0,0,0,0,0,0,0,0,
"(org.eclipse.collections.impl.jmh.AnySatisfyTest.short_circuit_middle_serial_eager_ec,6a4e99a2f144a3c258909ef9be7134abaabd45de)",0,0,0,0,0,0,0,0,0,0,0,0,0,0,0,0,0,0,0,0,0,0,0,0,0,0,0,
"(org.eclipse.collections.impl.jmh.AllSatisfyTest.short_circuit_middle_serial_lazy_streams_ec,6a4e99a2f144a3c258909ef9be7134abaabd45de)",0,0,0,0,0,0,0,0,0,0,0,0,0,0,0,0,0,0,0,0,0,0,0,0,0,0,0,
"(org.eclipse.collections.impl.jmh.GroupByListTest.groupBy_10000_keys_serial_lazy_scala,6a4e99a2f144a3c258909ef9be7134abaabd45de)",0,0,0,0,0,0,0,0,0,0,0,0,0,0,0,0,0,0,0,0,0,0,0,0,0,0,0,
"(org.eclipse.collections.impl.jmh.GroupByListTest.groupBy_100_keys_serial_lazy_ec,6a4e99a2f144a3c258909ef9be7134abaabd45de)",0,0,0,0,0,0,0,0,0,0,0,0,0,0,0,0,0,0,0,0,0,0,0,0,0,0,0,
"(org.eclipse.collections.impl.jmh.GroupBySetTest.groupBy_unordered_lists_100_keys_serial_lazy_ec,6a4e99a2f144a3c258909ef9be7134abaabd45de)",0,0,0,0,0,0,0,0,0,0,0,0,0,0,0,0,0,0,0,0,0,0,0,0,0,0,0,
"(org.eclipse.collections.impl.jmh.MinByIntTest.minByQuantity_parallel_lazy_collect_lambda_jdk,6a4e99a2f144a3c258909ef9be7134abaabd45de)",0,0,0,0,0,0,0,0,0,0,0,0,0,0,0,0,0,0,0,0,0,0,0,0,0,0,0,
"(org.eclipse.collections.impl.jmh.NoneSatisfyTest.process_none_serial_eager_ec,6a4e99a2f144a3c258909ef9be7134abaabd45de)",0,0,0,0,0,0,0,0,0,0,0,0,0,0,0,0,0,0,0,0,0,0,0,0,0,0,0,
"(org.eclipse.collections.impl.jmh.CountTest.parallel_lazy_jdk,6a4e99a2f144a3c258909ef9be7134abaabd45de)",0,0,0,0,0,0,0,0,0,0,0,0,0,0,0,0,0,0,0,0,0,0,0,0,0,0,0,
"(org.eclipse.collections.impl.jmh.PartitionTest.serial_lazy_streams_ec,6a4e99a2f144a3c258909ef9be7134abaabd45de)",0,0,0,0,0,0,0,0,0,0,0,0,0,0,0,0,0,0,0,0,0,0,0,0,0,0,0,
"(org.eclipse.collections.impl.jmh.SumByBigDecimalTest.sumByBigDecimalCategory_parallel_eager_ec,6a4e99a2f144a3c258909ef9be7134abaabd45de)",0,0,0,0,0,0,0,0,0,0,0,0,0,0,0,0,0,0,0,0,0,0,0,0,0,0,0,
"(org.eclipse.collections.impl.jmh.IntIntMapLargeStressTest.kolobokePut,6a4e99a2f144a3c258909ef9be7134abaabd45de)",0,0,0,0,0,0,0,0,0,0,0,0,0,0,0,0,0,0,0,0,0,0,0,0,0,0,0,
"(org.eclipse.collections.impl.jmh.MaxByDoubleTest.maxByMarketValue_serial_lazy_ec,6a4e99a2f144a3c258909ef9be7134abaabd45de)",0,0,0,0,0,0,0,0,0,0,0,0,0,0,0,0,0,0,0,0,0,0,0,0,0,0,0,
"(org.eclipse.collections.impl.jmh.MinTest.parallel_lazy_streams_ec,6a4e99a2f144a3c258909ef9be7134abaabd45de)",0,0,0,0,0,0,0,0,0,0,0,0,0,0,0,0,0,0,0,0,0,0,0,0,0,0,0,
"(org.eclipse.collections.impl.jmh.CollectTest.parallel_lazy_streams_ec,6a4e99a2f144a3c258909ef9be7134abaabd45de)",0,0,0,0,0,0,0,0,0,0,0,0,0,0,0,0,0,0,0,0,0,0,0,0,0,0,0,
"(org.eclipse.collections.impl.jmh.CountTest.serial_lazy_scala,6a4e99a2f144a3c258909ef9be7134abaabd45de)",0,0,0,0,0,0,0,0,0,0,0,0,0,0,0,0,0,0,0,0,0,0,0,0,0,0,0,
"(org.eclipse.collections.impl.jmh.MaxTest.parallel_lazy_reverse_ec,6a4e99a2f144a3c258909ef9be7134abaabd45de)",0,0,0,0,0,0,0,0,0,0,0,0,0,0,0,0,0,0,0,0,0,0,0,0,0,0,0,
"(org.eclipse.collections.impl.jmh.MinByDoubleTest.minByMarketValue_parallel_lazy_collect_methodref_jdk,6a4e99a2f144a3c258909ef9be7134abaabd45de)",0,0,0,0,0,0,0,0,0,0,0,0,0,0,0,0,0,0,0,0,0,0,0,0,0,0,0,
"(org.eclipse.collections.impl.jmh.MinTest.serial_lazy_intstream_jdk,6a4e99a2f144a3c258909ef9be7134abaabd45de)",0,0,0,0,0,0,0,0,0,0,0,0,0,0,0,0,0,0,0,0,0,0,0,0,0,0,0,
"(org.eclipse.collections.impl.jmh.PartitionTest.serial_lazy_ec,6a4e99a2f144a3c258909ef9be7134abaabd45de)",0,0,0,0,0,0,0,0,0,0,0,0,0,0,0,0,0,0,0,0,0,0,0,0,0,0,0,
"(org.eclipse.collections.impl.jmh.SelectTest.serial_lazy_ec,6a4e99a2f144a3c258909ef9be7134abaabd45de)",0,0,0,0,0,0,0,0,0,0,0,0,0,0,0,0,0,0,0,0,0,0,0,0,0,0,0,
"(org.eclipse.collections.impl.jmh.SumOfIntTest.serial_lazy_collectIntSum_ec,6a4e99a2f144a3c258909ef9be7134abaabd45de)",0,0,0,0,0,0,0,0,0,0,0,0,0,0,0,0,0,0,0,0,0,0,0,0,0,0,0,
"(org.eclipse.collections.impl.jmh.AnySatisfyTest.short_circuit_middle_parallel_lazy_jdk,6a4e99a2f144a3c258909ef9be7134abaabd45de)",0,0,0,0,0,0,0,0,0,0,0,0,0,0,0,0,0,0,0,0,0,0,0,0,0,0,0,
"(org.eclipse.collections.impl.jmh.MaxByDoubleTest.maxByMarketValue_serial_lazy_direct_lambda_jdk,6a4e99a2f144a3c258909ef9be7134abaabd45de)",0,0,0,0,0,0,0,0,0,0,0,0,0,0,0,0,0,0,0,0,0,0,0,0,0,0,0,
"(org.eclipse.collections.impl.jmh.CountTest.serial_lazy_ec,6a4e99a2f144a3c258909ef9be7134abaabd45de)",0,0,0,0,0,0,0,0,0,0,0,0,0,0,0,0,0,0,0,0,0,0,0,0,0,0,0,
"(org.eclipse.collections.impl.jmh.GroupBySetTest.groupBy_100_keys_serial_lazy_streams_ec,6a4e99a2f144a3c258909ef9be7134abaabd45de)",0,0,0,0,0,0,0,0,0,0,0,0,0,0,0,0,0,0,0,0,0,0,0,0,0,0,0,
"(org.eclipse.collections.impl.jmh.SumByDoubleTest.sumByCategory_serial_lazy_streams_ec,6a4e99a2f144a3c258909ef9be7134abaabd45de)",0,0,0,0,0,0,0,0,0,0,0,0,0,0,0,0,0,0,0,0,0,0,0,0,0,0,0,
"(org.eclipse.collections.impl.jmh.ListEqualTest.ec,6a4e99a2f144a3c258909ef9be7134abaabd45de)",0,0,0,0,0,0,0,0,0,0,0,0,0,0,0,0,0,0,0,0,0,0,0,0,0,0,0,
"(org.eclipse.collections.impl.jmh.AnagramSetTest.parallel_lazy_jdk,6a4e99a2f144a3c258909ef9be7134abaabd45de)",0,0,0,0,0,0,0,0,0,0,0,0,0,0,0,0,0,0,0,0,0,0,0,0,0,0,0,
"(org.eclipse.collections.impl.jmh.SumByBigDecimalTest.sumByBigDecimalAccount_serial_eager_ec,6a4e99a2f144a3c258909ef9be7134abaabd45de)",0,0,0,0,0,0,0,0,0,0,0,0,0,0,0,0,0,0,0,0,0,0,0,0,0,0,0,
"(org.eclipse.collections.impl.jmh.CountSetTest.parallel_eager_ec,6a4e99a2f144a3c258909ef9be7134abaabd45de)",0,0,0,0,0,0,0,0,0,0,0,0,0,0,0,0,0,0,0,0,0,0,0,0,0,0,0,
"(org.eclipse.collections.impl.jmh.MaxByIntTest.maxByQuantity_serial_eager_ec,6a4e99a2f144a3c258909ef9be7134abaabd45de)",0,0,0,0,0,0,0,0,0,0,0,0,0,0,0,0,0,0,0,0,0,0,0,0,0,0,0,
"(org.eclipse.collections.impl.jmh.SumByDoubleTest.sumByAccount_parallel_lazy_streams_ec,6a4e99a2f144a3c258909ef9be7134abaabd45de)",0,0,0,0,0,0,0,0,0,0,0,0,0,0,0,0,0,0,0,0,0,0,0,0,0,0,0,
"(org.eclipse.collections.impl.jmh.set.sorted.SortedSetContainsTest.contains_mutable_scala,6a4e99a2f144a3c258909ef9be7134abaabd45de)",0,0,0,0,0,0,0,0,0,0,0,0,0,0,0,0,0,0,0,0,0,0,0,0,0,0,0,
"(org.eclipse.collections.impl.jmh.map.KolobokeMapPutTest.koloboke,6a4e99a2f144a3c258909ef9be7134abaabd45de)",0,0,0,0,0,0,0,0,0,0,0,0,0,0,0,0,0,0,0,0,0,0,0,0,0,0,0,
"(org.eclipse.collections.impl.jmh.SumOfDoubleTest.serial_lazy_directSumOfDouble_ec,919485bd4a47bb300fa05a08bb11bf9838734c6d)",0,0,0,0,0,0,0,0,0,0,0,0,0,0,0,0,0,0,0,0,0,0,0,0,0,0,0,
"(org.eclipse.collections.impl.jmh.IntIntMapSmallStressTest.ecGet,919485bd4a47bb300fa05a08bb11bf9838734c6d)",0,0,0,0,0,0,0,0,0,0,0,0,0,0,0,0,0,0,0,0,0,0,0,0,0,0,0,
"(org.eclipse.collections.impl.jmh.SummarizeIntTest.serial_lazy_mapToIntSum_jdk,919485bd4a47bb300fa05a08bb11bf9838734c6d)",0,0,0,0,0,0,0,0,0,0,0,0,0,0,0,0,0,0,0,0,0,0,0,0,0,0,0,
"(org.eclipse.collections.impl.jmh.FunctionalInterfaceTest.parallel_lazy_ec,919485bd4a47bb300fa05a08bb11bf9838734c6d)",0,0,0,0,0,0,0,0,0,0,0,0,0,0,0,0,0,0,0,0,0,0,0,0,0,0,0,
"(org.eclipse.collections.impl.jmh.LongLongMapSmallStressTest.kolobokeGet,919485bd4a47bb300fa05a08bb11bf9838734c6d)",0,0,0,0,0,0,0,0,0,0,0,0,0,0,0,0,0,0,0,0,0,0,0,0,0,0,0,
"(org.eclipse.collections.impl.jmh.SumOfDoubleTest.serial_lazy_collectDoubleSum_jdk,919485bd4a47bb300fa05a08bb11bf9838734c6d)",0,0,0,0,0,0,0,0,0,0,0,0,0,0,0,0,0,0,0,0,0,0,0,0,0,0,0,
"(org.eclipse.collections.impl.jmh.set.sorted.SortedSetContainsTest.contains_mutable_ec,919485bd4a47bb300fa05a08bb11bf9838734c6d)",0,0,0,0,0,0,0,0,0,0,0,0,0,0,0,0,0,0,0,0,0,0,0,0,0,0,0,
"(org.eclipse.collections.impl.jmh.MinByDoubleTest.minByMarketValue_serial_lazy_collect_lambda_jdk,919485bd4a47bb300fa05a08bb11bf9838734c6d)",0,0,0,0,0,0,0,0,0,0,0,0,0,0,0,0,0,0,0,0,0,0,0,0,0,0,0,
"(org.eclipse.collections.impl.jmh.GroupByListTest.groupBy_100_keys_serial_eager_guava,919485bd4a47bb300fa05a08bb11bf9838734c6d)",0,0,0,0,0,0,0,0,0,0,0,0,0,0,0,0,0,0,0,0,0,0,0,0,0,0,0,
"(org.eclipse.collections.impl.jmh.AnagramSetTest.parallel_lazy_ec,919485bd4a47bb300fa05a08bb11bf9838734c6d)",0,0,0,0,0,0,0,0,0,0,0,0,0,0,0,0,0,0,0,0,0,0,0,0,0,0,0,
"(org.eclipse.collections.impl.jmh.MaxByIntTest.maxByQuantity_parallel_lazy_direct_lambda_jdk,919485bd4a47bb300fa05a08bb11bf9838734c6d)",0,0,0,0,0,0,0,0,0,0,0,0,0,0,0,0,0,0,0,0,0,0,0,0,0,0,0,
"(org.eclipse.collections.impl.jmh.MinTest.serial_eager_ec,919485bd4a47bb300fa05a08bb11bf9838734c6d)",0,0,0,0,0,0,0,0,0,0,0,0,0,0,0,0,0,0,0,0,0,0,0,0,0,0,0,
"(org.eclipse.collections.impl.jmh.GroupBySetTest.groupBy_2_keys_parallel_lazy_ec,919485bd4a47bb300fa05a08bb11bf9838734c6d)",0,0,0,0,0,0,0,0,0,0,0,0,0,0,0,0,0,0,0,0,0,0,0,0,0,0,0,
"(org.eclipse.collections.impl.jmh.AggregateByTest.aggregateByAccount_parallel_lazy_ec,919485bd4a47bb300fa05a08bb11bf9838734c6d)",0,0,0,0,0,0,0,0,0,0,0,0,0,0,0,0,0,0,0,0,0,0,0,0,0,0,0,
"(org.eclipse.collections.impl.jmh.CollectTest.parallel_lazy_jdk,919485bd4a47bb300fa05a08bb11bf9838734c6d)",0,0,0,0,0,0,0,0,0,0,0,0,0,0,0,0,0,0,0,0,0,0,0,0,0,0,0,
"(org.eclipse.collections.impl.jmh.IntIntMapTest.put,919485bd4a47bb300fa05a08bb11bf9838734c6d)",0,0,0,0,0,0,0,0,0,0,0,0,0,0,0,0,0,0,0,0,0,0,0,0,0,0,0,
"(org.eclipse.collections.impl.jmh.RejectTest.serial_lazy_streams_ec_lambda_negate,919485bd4a47bb300fa05a08bb11bf9838734c6d)",0,0,0,0,0,0,0,0,0,0,0,0,0,0,0,0,0,0,0,0,0,0,0,0,0,0,0,
"(org.eclipse.collections.impl.jmh.AggregateByTest.aggregateByProduct_serial_lazy_ec,919485bd4a47bb300fa05a08bb11bf9838734c6d)",0,0,0,0,0,0,0,0,0,0,0,0,0,0,0,0,0,0,0,0,0,0,0,0,0,0,0,
"(org.eclipse.collections.impl.jmh.IntIntMapLargeStressTest.jdkGet,919485bd4a47bb300fa05a08bb11bf9838734c6d)",0,0,0,0,0,0,0,0,0,0,0,0,0,0,0,0,0,0,0,0,0,0,0,0,0,0,0,
"(org.eclipse.collections.impl.jmh.GroupByListTest.groupBy_100_keys_serial_eager_ec,919485bd4a47bb300fa05a08bb11bf9838734c6d)",0,0,0,0,0,0,0,0,0,0,0,0,0,0,0,0,0,0,0,0,0,0,0,0,0,0,0,
"(org.eclipse.collections.impl.jmh.AggregateByTest.aggregateByProduct_serial_eager_ec,919485bd4a47bb300fa05a08bb11bf9838734c6d)",0,0,0,0,0,0,0,0,0,0,0,0,0,0,0,0,0,0,0,0,0,0,0,0,0,0,0,
"(org.eclipse.collections.impl.jmh.MaxTest.serial_lazy_intstream_jdk,919485bd4a47bb300fa05a08bb11bf9838734c6d)",0,0,0,0,0,0,0,0,0,0,0,0,0,0,0,0,0,0,0,0,0,0,0,0,0,0,0,
"(org.eclipse.collections.impl.jmh.FlatCollectTest.serial_lazy_jdk,919485bd4a47bb300fa05a08bb11bf9838734c6d)",0,0,0,0,0,0,0,0,0,0,0,0,0,0,0,0,0,0,0,0,0,0,0,0,0,0,0,
"(org.eclipse.collections.impl.jmh.CollectorJoiningTest.serial_lazy_mapToStringJoining_ec,919485bd4a47bb300fa05a08bb11bf9838734c6d)",0,0,0,0,0,0,0,0,0,0,0,0,0,0,0,0,0,0,0,0,0,0,0,0,0,0,0,
"(org.eclipse.collections.impl.jmh.GroupBySetTest.groupBy_unordered_lists_2_keys_serial_eager_guava,919485bd4a47bb300fa05a08bb11bf9838734c6d)",0,0,0,0,0,0,0,0,0,0,0,0,0,0,0,0,0,0,0,0,0,0,0,0,0,0,0,
"(org.eclipse.collections.impl.jmh.AnagramListTest.parallel_eager_forkjoin_ec,919485bd4a47bb300fa05a08bb11bf9838734c6d)",0,0,0,0,0,0,0,0,0,0,0,0,0,0,0,0,0,0,0,0,0,0,0,0,0,0,0,
"(org.eclipse.collections.impl.jmh.AnySatisfyTest.process_all_serial_lazy_ec,919485bd4a47bb300fa05a08bb11bf9838734c6d)",0,0,0,0,0,0,0,0,0,0,0,0,0,0,0,0,0,0,0,0,0,0,0,0,0,0,0,
"(org.eclipse.collections.impl.jmh.FunctionalInterfaceSetTest.serial_lazy_jdk,919485bd4a47bb300fa05a08bb11bf9838734c6d)",0,0,0,0,0,0,0,0,0,0,0,0,0,0,0,0,0,0,0,0,0,0,0,0,0,0,0,
"(org.eclipse.collections.impl.jmh.MaxByIntTest.maxByQuantity_serial_lazy_direct_lambda_jdk,919485bd4a47bb300fa05a08bb11bf9838734c6d)",0,0,0,0,0,0,0,0,0,0,0,0,0,0,0,0,0,0,0,0,0,0,0,0,0,0,0,
"(org.eclipse.collections.impl.jmh.MaxTest.parallel_lazy_intstream_jdk,919485bd4a47bb300fa05a08bb11bf9838734c6d)",0,0,0,0,0,0,0,0,0,0,0,0,0,0,0,0,0,0,0,0,0,0,0,0,0,0,0,
"(org.eclipse.collections.impl.jmh.SumOfDoubleTest.serial_lazy_collectDoubleSum_ec,919485bd4a47bb300fa05a08bb11bf9838734c6d)",0,0,0,0,0,0,0,0,0,0,0,0,0,0,0,0,0,0,0,0,0,0,0,0,0,0,0,
"(org.eclipse.collections.impl.jmh.AggregateByTest.aggregateByCategory_serial_eager_ec,919485bd4a47bb300fa05a08bb11bf9838734c6d)",0,0,0,0,0,0,0,0,0,0,0,0,0,0,0,0,0,0,0,0,0,0,0,0,0,0,0,
"(org.eclipse.collections.impl.jmh.CollectorJoiningTest.parallel_lazy_mapToStringJoining_jdk,919485bd4a47bb300fa05a08bb11bf9838734c6d)",0,0,0,0,0,0,0,0,0,0,0,0,0,0,0,0,0,0,0,0,0,0,0,0,0,0,0,
"(org.eclipse.collections.impl.jmh.IntIntMapTest.get,919485bd4a47bb300fa05a08bb11bf9838734c6d)",0,0,0,0,0,0,0,0,0,0,0,0,0,0,0,0,0,0,0,0,0,0,0,0,0,0,0,
"(org.eclipse.collections.impl.jmh.AggregateByTest.aggregateInPlaceByProduct_serial_eager_ec,919485bd4a47bb300fa05a08bb11bf9838734c6d)",0,0,0,0,0,0,0,0,0,0,0,0,0,0,0,0,0,0,0,0,0,0,0,0,0,0,0,
"(org.eclipse.collections.impl.jmh.LongLongMapLargeStressTest.kolobokePut,919485bd4a47bb300fa05a08bb11bf9838734c6d)",0,0,0,0,0,0,0,0,0,0,0,0,0,0,0,0,0,0,0,0,0,0,0,0,0,0,0,
"(org.eclipse.collections.impl.jmh.MaxTest.serial_lazy_reverse_ec,919485bd4a47bb300fa05a08bb11bf9838734c6d)",0,0,0,0,0,0,0,0,0,0,0,0,0,0,0,0,0,0,0,0,0,0,0,0,0,0,0,
"(org.eclipse.collections.impl.jmh.GroupBySetTest.groupBy_2_keys_serial_lazy_scala,919485bd4a47bb300fa05a08bb11bf9838734c6d)",0,0,0,0,0,0,0,0,0,0,0,0,0,0,0,0,0,0,0,0,0,0,0,0,0,0,0,
"(org.eclipse.collections.impl.jmh.GroupByListTest.groupBy_2_keys_serial_eager_guava,919485bd4a47bb300fa05a08bb11bf9838734c6d)",0,0,0,0,0,0,0,0,0,0,0,0,0,0,0,0,0,0,0,0,0,0,0,0,0,0,0,
"(org.eclipse.collections.impl.jmh.AnySatisfyTest.short_circuit_middle_serial_lazy_scala,919485bd4a47bb300fa05a08bb11bf9838734c6d)",0,0,0,0,0,0,0,0,0,0,0,0,0,0,0,0,0,0,0,0,0,0,0,0,0,0,0,
"(org.eclipse.collections.impl.jmh.GroupBySetTest.groupBy_2_keys_parallel_lazy_scala,919485bd4a47bb300fa05a08bb11bf9838734c6d)",0,0,0,0,0,0,0,0,0,0,0,0,0,0,0,0,0,0,0,0,0,0,0,0,0,0,0,
"(org.eclipse.collections.impl.jmh.FunctionalInterfaceTest.parallel_eager_ec,919485bd4a47bb300fa05a08bb11bf9838734c6d)",0,0,0,0,0,0,0,0,0,0,0,0,0,0,0,0,0,0,0,0,0,0,0,0,0,0,0,
"(org.eclipse.collections.impl.jmh.AggregateByTest.aggregateByProduct_serial_lazy_streams_ec,919485bd4a47bb300fa05a08bb11bf9838734c6d)",0,0,0,0,0,0,0,0,0,0,0,0,0,0,0,0,0,0,0,0,0,0,0,0,0,0,0,
"(org.eclipse.collections.impl.jmh.FunctionalInterfaceTest.serial_eager_ec_hand_coded,919485bd4a47bb300fa05a08bb11bf9838734c6d)",0,0,0,0,0,0,0,0,0,0,0,0,0,0,0,0,0,0,0,0,0,0,0,0,0,0,0,
"(org.eclipse.collections.impl.jmh.SumByDoubleTest.sumByAccount_serial_lazy_streams_ec,919485bd4a47bb300fa05a08bb11bf9838734c6d)",0,0,0,0,0,0,0,0,0,0,0,0,0,0,0,0,0,0,0,0,0,0,0,0,0,0,0,
"(org.eclipse.collections.impl.jmh.AllSatisfyTest.short_circuit_middle_parallel_lazy_jdk,919485bd4a47bb300fa05a08bb11bf9838734c6d)",0,0,0,0,0,0,0,0,0,0,0,0,0,0,0,0,0,0,0,0,0,0,0,0,0,0,0,
"(org.eclipse.collections.impl.jmh.map.JdkMutableMapGetTest.get,919485bd4a47bb300fa05a08bb11bf9838734c6d)",0,0,0,0,0,0,0,0,0,0,0,0,0,0,0,0,0,0,0,0,0,0,0,0,0,0,0,
"(org.eclipse.collections.impl.jmh.GroupBySetTest.groupBy_unordered_lists_100_keys_serial_eager_guava,919485bd4a47bb300fa05a08bb11bf9838734c6d)",0,0,0,0,0,0,0,0,0,0,0,0,0,0,0,0,0,0,0,0,0,0,0,0,0,0,0,
"(org.eclipse.collections.impl.jmh.AggregateByTest.aggregateInPlaceByCategory_serial_eager_ec,919485bd4a47bb300fa05a08bb11bf9838734c6d)",0,0,0,0,0,0,0,0,0,0,0,0,0,0,0,0,0,0,0,0,0,0,0,0,0,0,0,
"(org.eclipse.collections.impl.jmh.MaxTest.parallel_lazy_streams_ec,919485bd4a47bb300fa05a08bb11bf9838734c6d)",0,0,0,0,0,0,0,0,0,0,0,0,0,0,0,0,0,0,0,0,0,0,0,0,0,0,0,
"(org.eclipse.collections.impl.jmh.SumOfDoubleTest.parallel_lazy_directSumOfDouble_ec,919485bd4a47bb300fa05a08bb11bf9838734c6d)",0,0,0,0,0,0,0,0,0,0,0,0,0,0,0,0,0,0,0,0,0,0,0,0,0,0,0,
"(org.eclipse.collections.impl.jmh.GroupBySetTest.groupBy_10000_keys_serial_lazy_scala,919485bd4a47bb300fa05a08bb11bf9838734c6d)",0,0,0,0,0,0,0,0,0,0,0,0,0,0,0,0,0,0,0,0,0,0,0,0,0,0,0,
"(org.eclipse.collections.impl.jmh.GroupBySetTest.groupBy_100_keys_serial_eager_ec,919485bd4a47bb300fa05a08bb11bf9838734c6d)",0,0,0,0,0,0,0,0,0,0,0,0,0,0,0,0,0,0,0,0,0,0,0,0,0,0,0,
"(org.eclipse.collections.impl.jmh.SumOfIntTest.serial_lazy_sumOfInt_ec,919485bd4a47bb300fa05a08bb11bf9838734c6d)",0,0,0,0,0,0,0,0,0,0,0,0,0,0,0,0,0,0,0,0,0,0,0,0,0,0,0,
"(org.eclipse.collections.impl.jmh.MinTest.serial_eager_reverse_ec,919485bd4a47bb300fa05a08bb11bf9838734c6d)",0,0,0,0,0,0,0,0,0,0,0,0,0,0,0,0,0,0,0,0,0,0,0,0,0,0,0,
"(org.eclipse.collections.impl.jmh.AggregateByTest.aggregateByProduct_parallel_lazy_jdk,919485bd4a47bb300fa05a08bb11bf9838734c6d)",0,0,0,0,0,0,0,0,0,0,0,0,0,0,0,0,0,0,0,0,0,0,0,0,0,0,0,
"(org.eclipse.collections.impl.jmh.AggregateByTest.aggregateByAccount_serial_eager_ec,919485bd4a47bb300fa05a08bb11bf9838734c6d)",0,0,0,0,0,0,0,0,0,0,0,0,0,0,0,0,0,0,0,0,0,0,0,0,0,0,0,
"(org.eclipse.collections.impl.jmh.AggregateByTest.aggregateInPlaceByAccount_serial_eager_ec,919485bd4a47bb300fa05a08bb11bf9838734c6d)",0,0,0,0,0,0,0,0,0,0,0,0,0,0,0,0,0,0,0,0,0,0,0,0,0,0,0,
"(org.eclipse.collections.impl.jmh.GroupBySetTest.groupBy_100_keys_serial_lazy_scala,919485bd4a47bb300fa05a08bb11bf9838734c6d)",0,0,0,0,0,0,0,0,0,0,0,0,0,0,0,0,0,0,0,0,0,0,0,0,0,0,0,
"(org.eclipse.collections.impl.jmh.map.ChainMapPutTest.hppc,919485bd4a47bb300fa05a08bb11bf9838734c6d)",0,0,0,0,0,0,0,0,0,0,0,0,0,0,0,0,0,0,0,0,0,0,0,0,0,0,0,
"(org.eclipse.collections.impl.jmh.SelectTest.serial_lazy_jdk,919485bd4a47bb300fa05a08bb11bf9838734c6d)",0,0,0,0,0,0,0,0,0,0,0,0,0,0,0,0,0,0,0,0,0,0,0,0,0,0,0,
"(org.eclipse.collections.impl.jmh.MaxTest.parallel_lazy_jdk,919485bd4a47bb300fa05a08bb11bf9838734c6d)",0,0,0,0,0,0,0,0,0,0,0,0,0,0,0,0,0,0,0,0,0,0,0,0,0,0,0,
"(org.eclipse.collections.impl.jmh.AnySatisfyTest.process_all_serial_eager_scala,919485bd4a47bb300fa05a08bb11bf9838734c6d)",0,0,0,0,0,0,0,0,0,0,0,0,0,0,0,0,0,0,0,0,0,0,0,0,0,0,0,
"(org.eclipse.collections.impl.jmh.SumByBigDecimalTest.sumByBigDecimalProduct_parallel_eager_ec,919485bd4a47bb300fa05a08bb11bf9838734c6d)",0,0,0,0,0,0,0,0,0,0,0,0,0,0,0,0,0,0,0,0,0,0,0,0,0,0,0,
"(org.eclipse.collections.impl.jmh.CollectTest.parallel_eager_ec,919485bd4a47bb300fa05a08bb11bf9838734c6d)",0,0,0,0,0,0,0,0,0,0,0,0,0,0,0,0,0,0,0,0,0,0,0,0,0,0,0,
"(org.eclipse.collections.impl.jmh.FunctionalInterfaceSetTest.parallel_lazy_jdk,919485bd4a47bb300fa05a08bb11bf9838734c6d)",0,0,0,0,0,0,0,0,0,0,0,0,0,0,0,0,0,0,0,0,0,0,0,0,0,0,0,
"(org.eclipse.collections.impl.jmh.GroupByListTest.groupBy_2_keys_serial_lazy_scala,919485bd4a47bb300fa05a08bb11bf9838734c6d)",0,0,0,0,0,0,0,0,0,0,0,0,0,0,0,0,0,0,0,0,0,0,0,0,0,0,0,
"(org.eclipse.collections.impl.jmh.GroupBySetTest.groupBy_10000_keys_serial_eager_ec,919485bd4a47bb300fa05a08bb11bf9838734c6d)",0,0,0,0,0,0,0,0,0,0,0,0,0,0,0,0,0,0,0,0,0,0,0,0,0,0,0,
"(org.eclipse.collections.impl.jmh.MinTest.parallel_lazy_reverse_jdk,919485bd4a47bb300fa05a08bb11bf9838734c6d)",0,0,0,0,0,0,0,0,0,0,0,0,0,0,0,0,0,0,0,0,0,0,0,0,0,0,0,
"(org.eclipse.collections.impl.jmh.MinTest.serial_lazy_reverse_streams_ec,919485bd4a47bb300fa05a08bb11bf9838734c6d)",0,0,0,0,0,0,0,0,0,0,0,0,0,0,0,0,0,0,0,0,0,0,0,0,0,0,0,
"(org.eclipse.collections.impl.jmh.FunctionalInterfaceTest.parallel_lazy_scala_hand_coded,919485bd4a47bb300fa05a08bb11bf9838734c6d)",0,0,0,0,0,0,0,0,0,0,0,0,0,0,0,0,0,0,0,0,0,0,0,0,0,0,0,
"(org.eclipse.collections.impl.jmh.SumByDoubleTest.sumByProduct_parallel_eager_ec,919485bd4a47bb300fa05a08bb11bf9838734c6d)",0,0,0,0,0,0,0,0,0,0,0,0,0,0,0,0,0,0,0,0,0,0,0,0,0,0,0,
"(org.eclipse.collections.impl.jmh.MaxByDoubleTest.maxByMarketValue_parallel_lazy_collect_lambda_jdk,919485bd4a47bb300fa05a08bb11bf9838734c6d)",0,0,0,0,0,0,0,0,0,0,0,0,0,0,0,0,0,0,0,0,0,0,0,0,0,0,0,
"(org.eclipse.collections.impl.jmh.LongLongMapSmallStressTest.kolobokePut,919485bd4a47bb300fa05a08bb11bf9838734c6d)",0,0,0,0,0,0,0,0,0,0,0,0,0,0,0,0,0,0,0,0,0,0,0,0,0,0,0,
"(org.eclipse.collections.impl.jmh.GroupBySetTest.groupBy_2_keys_parallel_lazy_streams_ec,919485bd4a47bb300fa05a08bb11bf9838734c6d)",0,0,0,0,0,0,0,0,0,0,0,0,0,0,0,0,0,0,0,0,0,0,0,0,0,0,0,
"(org.eclipse.collections.impl.jmh.NoneSatisfyTest.short_circuit_middle_serial_lazy_jdk,919485bd4a47bb300fa05a08bb11bf9838734c6d)",0,0,0,0,0,0,0,0,0,0,0,0,0,0,0,0,0,0,0,0,0,0,0,0,0,0,0,
"(org.eclipse.collections.impl.jmh.NoneSatisfyTest.short_circuit_middle_parallel_lazy_jdk,919485bd4a47bb300fa05a08bb11bf9838734c6d)",0,0,0,0,0,0,0,0,0,0,0,0,0,0,0,0,0,0,0,0,0,0,0,0,0,0,0,
"(org.eclipse.collections.impl.jmh.IntIntMapTest.presizedPut,919485bd4a47bb300fa05a08bb11bf9838734c6d)",0,0,0,0,0,0,0,0,0,0,0,0,0,0,0,0,0,0,0,0,0,0,0,0,0,0,0,
"(org.eclipse.collections.impl.jmh.AnagramListTest.parallel_lazy_jdk,919485bd4a47bb300fa05a08bb11bf9838734c6d)",0,0,0,0,0,0,0,0,0,0,0,0,0,0,0,0,0,0,0,0,0,0,0,0,0,0,0,
"(org.eclipse.collections.impl.jmh.CountTest.parallel_lazy_streams_ec,919485bd4a47bb300fa05a08bb11bf9838734c6d)",0,0,0,0,0,0,0,0,0,0,0,0,0,0,0,0,0,0,0,0,0,0,0,0,0,0,0,
"(org.eclipse.collections.impl.jmh.IntIntMapSmallStressTest.ecRemove,919485bd4a47bb300fa05a08bb11bf9838734c6d)",0,0,0,0,0,0,0,0,0,0,0,0,0,0,0,0,0,0,0,0,0,0,0,0,0,0,0,
"(org.eclipse.collections.impl.jmh.SumByDoubleTest.sumByCategory_serial_lazy_jdk,919485bd4a47bb300fa05a08bb11bf9838734c6d)",0,0,0,0,0,0,0,0,0,0,0,0,0,0,0,0,0,0,0,0,0,0,0,0,0,0,0,
"(org.eclipse.collections.impl.jmh.list.ListIterationTest.parallel_mutable_scala,919485bd4a47bb300fa05a08bb11bf9838734c6d)",0,0,0,0,0,0,0,0,0,0,0,0,0,0,0,0,0,0,0,0,0,0,0,0,0,0,0,
"(org.eclipse.collections.impl.jmh.SumByDoubleTest.sumByCategory_parallel_lazy_streams_ec,919485bd4a47bb300fa05a08bb11bf9838734c6d)",0,0,0,0,0,0,0,0,0,0,0,0,0,0,0,0,0,0,0,0,0,0,0,0,0,0,0,
"(org.eclipse.collections.impl.jmh.MinByIntTest.minByQuantity_parallel_lazy_direct_lambda_jdk,919485bd4a47bb300fa05a08bb11bf9838734c6d)",0,0,0,0,0,0,0,0,0,0,0,0,0,0,0,0,0,0,0,0,0,0,0,0,0,0,0,
"(org.eclipse.collections.impl.jmh.set.sorted.SortedSetContainsTest.contains_immutable_scala,919485bd4a47bb300fa05a08bb11bf9838734c6d)",0,0,0,0,0,0,0,0,0,0,0,0,0,0,0,0,0,0,0,0,0,0,0,0,0,0,0,
"(org.eclipse.collections.impl.jmh.MinTest.serial_lazy_reverse_jdk,919485bd4a47bb300fa05a08bb11bf9838734c6d)",0,0,0,0,0,0,0,0,0,0,0,0,0,0,0,0,0,0,0,0,0,0,0,0,0,0,0,
"(org.eclipse.collections.impl.jmh.MinTest.parallel_lazy_intstream_streams_ec,919485bd4a47bb300fa05a08bb11bf9838734c6d)",0,0,0,0,0,0,0,0,0,0,0,0,0,0,0,0,0,0,0,0,0,0,0,0,0,0,0,
"(org.eclipse.collections.impl.jmh.AggregateByTest.aggregateByCategory_parallel_lazy_ec,919485bd4a47bb300fa05a08bb11bf9838734c6d)",0,0,0,0,0,0,0,0,0,0,0,0,0,0,0,0,0,0,0,0,0,0,0,0,0,0,0,
"(org.eclipse.collections.impl.jmh.CollectorJoiningTest.serial_lazy_collectToStringJoining_ec,919485bd4a47bb300fa05a08bb11bf9838734c6d)",0,0,0,0,0,0,0,0,0,0,0,0,0,0,0,0,0,0,0,0,0,0,0,0,0,0,0,
"(org.eclipse.collections.impl.jmh.MaxTest.parallel_lazy_intstream_streams_ec,919485bd4a47bb300fa05a08bb11bf9838734c6d)",0,0,0,0,0,0,0,0,0,0,0,0,0,0,0,0,0,0,0,0,0,0,0,0,0,0,0,
"(org.eclipse.collections.impl.jmh.AggregateByTest.aggregateByAccount_serial_lazy_jdk,919485bd4a47bb300fa05a08bb11bf9838734c6d)",0,0,0,0,0,0,0,0,0,0,0,0,0,0,0,0,0,0,0,0,0,0,0,0,0,0,0,
"(org.eclipse.collections.impl.jmh.FunctionalInterfaceSetTest.serial_lazy_ec,919485bd4a47bb300fa05a08bb11bf9838734c6d)",0,0,0,0,0,0,0,0,0,0,0,0,0,0,0,0,0,0,0,0,0,0,0,0,0,0,0,
"(org.eclipse.collections.impl.jmh.set.sorted.SortedSetIterationTest.serial_mutable_scala,919485bd4a47bb300fa05a08bb11bf9838734c6d)",0,0,0,0,0,0,0,0,0,0,0,0,0,0,0,0,0,0,0,0,0,0,0,0,0,0,0,
"(org.eclipse.collections.impl.jmh.GroupByListTest.groupBy_10000_keys_serial_lazy_ec,919485bd4a47bb300fa05a08bb11bf9838734c6d)",0,0,0,0,0,0,0,0,0,0,0,0,0,0,0,0,0,0,0,0,0,0,0,0,0,0,0,
"(org.eclipse.collections.impl.jmh.MaxTest.serial_lazy_reverse_streams_ec,919485bd4a47bb300fa05a08bb11bf9838734c6d)",0,0,0,0,0,0,0,0,0,0,0,0,0,0,0,0,0,0,0,0,0,0,0,0,0,0,0,
"(org.eclipse.collections.impl.jmh.AnagramSetTest.parallel_lazy_scala,919485bd4a47bb300fa05a08bb11bf9838734c6d)",0,0,0,0,0,0,0,0,0,0,0,0,0,0,0,0,0,0,0,0,0,0,0,0,0,0,0,
"(org.eclipse.collections.impl.jmh.MaxByDoubleTest.maxByMarketValue_parallel_lazy_direct_methodref_jdk,919485bd4a47bb300fa05a08bb11bf9838734c6d)",0,0,0,0,0,0,0,0,0,0,0,0,0,0,0,0,0,0,0,0,0,0,0,0,0,0,0,
"(org.eclipse.collections.impl.jmh.map.ScalaAnyRefMapGetTest.get,919485bd4a47bb300fa05a08bb11bf9838734c6d)",0,0,0,0,0,0,0,0,0,0,0,0,0,0,0,0,0,0,0,0,0,0,0,0,0,0,0,
"(org.eclipse.collections.impl.jmh.map.ScalaAnyRefMapPutTest.scalaAnyRef,919485bd4a47bb300fa05a08bb11bf9838734c6d)",0,0,0,0,0,0,0,0,0,0,0,0,0,0,0,0,0,0,0,0,0,0,0,0,0,0,0,
"(org.eclipse.collections.impl.jmh.CollectIfTest.serial_eager_ec,919485bd4a47bb300fa05a08bb11bf9838734c6d)",0,0,0,0,0,0,0,0,0,0,0,0,0,0,0,0,0,0,0,0,0,0,0,0,0,0,0,
"(org.eclipse.collections.impl.jmh.AllSatisfyTest.process_all_parallel_lazy_streams_ec,919485bd4a47bb300fa05a08bb11bf9838734c6d)",0,0,0,0,0,0,0,0,0,0,0,0,0,0,0,0,0,0,0,0,0,0,0,0,0,0,0,
"(org.eclipse.collections.impl.jmh.ListAddAllTest.ec,919485bd4a47bb300fa05a08bb11bf9838734c6d)",0,0,0,0,0,0,0,0,0,0,0,0,0,0,0,0,0,0,0,0,0,0,0,0,0,0,0,
"(org.eclipse.collections.impl.jmh.AggregateByTest.aggregateByCategory_parallel_lazy_streams_ec,919485bd4a47bb300fa05a08bb11bf9838734c6d)",0,0,0,0,0,0,0,0,0,0,0,0,0,0,0,0,0,0,0,0,0,0,0,0,0,0,0,
"(org.eclipse.collections.impl.jmh.CountTest.parallel_eager_ec,919485bd4a47bb300fa05a08bb11bf9838734c6d)",0,0,0,0,0,0,0,0,0,0,0,0,0,0,0,0,0,0,0,0,0,0,0,0,0,0,0,
"(org.eclipse.collections.impl.jmh.IntIntMapLargeStressTest.jdkRemove,919485bd4a47bb300fa05a08bb11bf9838734c6d)",0,0,0,0,0,0,0,0,0,0,0,0,0,0,0,0,0,0,0,0,0,0,0,0,0,0,0,
"(org.eclipse.collections.impl.jmh.AggregateByTest.aggregateByCategory_serial_lazy_streams_ec,919485bd4a47bb300fa05a08bb11bf9838734c6d)",0,0,0,0,0,0,0,0,0,0,0,0,0,0,0,0,0,0,0,0,0,0,0,0,0,0,0,
"(org.eclipse.collections.impl.jmh.AnagramSetTest.parallel_eager_forkjoin_ec,919485bd4a47bb300fa05a08bb11bf9838734c6d)",0,0,0,0,0,0,0,0,0,0,0,0,0,0,0,0,0,0,0,0,0,0,0,0,0,0,0,
"(org.eclipse.collections.impl.jmh.MinByIntTest.minByQuantity_parallel_lazy_collect_methodref_jdk,919485bd4a47bb300fa05a08bb11bf9838734c6d)",0,0,0,0,0,0,0,0,0,0,0,0,0,0,0,0,0,0,0,0,0,0,0,0,0,0,0,
"(org.eclipse.collections.impl.jmh.AggregateByTest.aggregateByAccount_serial_lazy_streams_ec,919485bd4a47bb300fa05a08bb11bf9838734c6d)",0,0,0,0,0,0,0,0,0,0,0,0,0,0,0,0,0,0,0,0,0,0,0,0,0,0,0,
"(org.eclipse.collections.impl.jmh.GroupBySetTest.groupBy_2_keys_serial_eager_ec,919485bd4a47bb300fa05a08bb11bf9838734c6d)",0,0,0,0,0,0,0,0,0,0,0,0,0,0,0,0,0,0,0,0,0,0,0,0,0,0,0,
"(org.eclipse.collections.impl.jmh.GroupByListTest.groupBy_10000_keys_serial_lazy_jdk,919485bd4a47bb300fa05a08bb11bf9838734c6d)",0,0,0,0,0,0,0,0,0,0,0,0,0,0,0,0,0,0,0,0,0,0,0,0,0,0,0,
"(org.eclipse.collections.impl.jmh.GroupByListTest.groupBy_2_keys_serial_eager_ec,919485bd4a47bb300fa05a08bb11bf9838734c6d)",0,0,0,0,0,0,0,0,0,0,0,0,0,0,0,0,0,0,0,0,0,0,0,0,0,0,0,
"(org.eclipse.collections.impl.jmh.GroupBySetTest.groupBy_unordered_lists_2_keys_serial_lazy_ec,919485bd4a47bb300fa05a08bb11bf9838734c6d)",0,0,0,0,0,0,0,0,0,0,0,0,0,0,0,0,0,0,0,0,0,0,0,0,0,0,0,
"(org.eclipse.collections.impl.jmh.MaxTest.serial_lazy_intstream_streams_ec,919485bd4a47bb300fa05a08bb11bf9838734c6d)",0,0,0,0,0,0,0,0,0,0,0,0,0,0,0,0,0,0,0,0,0,0,0,0,0,0,0,
"(org.eclipse.collections.impl.jmh.AllSatisfyTest.process_all_serial_lazy_ec,919485bd4a47bb300fa05a08bb11bf9838734c6d)",0,0,0,0,0,0,0,0,0,0,0,0,0,0,0,0,0,0,0,0,0,0,0,0,0,0,0,
"(org.eclipse.collections.impl.jmh.IntIntMapLargeStressTest.kolobokeGet,919485bd4a47bb300fa05a08bb11bf9838734c6d)",0,0,0,0,0,0,0,0,0,0,0,0,0,0,0,0,0,0,0,0,0,0,0,0,0,0,0,
"(org.eclipse.collections.impl.jmh.GroupByListTest.groupBy_10000_keys_serial_eager_guava,919485bd4a47bb300fa05a08bb11bf9838734c6d)",0,0,0,0,0,0,0,0,0,0,0,0,0,0,0,0,0,0,0,0,0,0,0,0,0,0,0,
"(org.eclipse.collections.impl.jmh.LongLongMapSmallStressTest.ecPut,919485bd4a47bb300fa05a08bb11bf9838734c6d)",0,0,0,0,0,0,0,0,0,0,0,0,0,0,0,0,0,0,0,0,0,0,0,0,0,0,0,
"(org.eclipse.collections.impl.jmh.GroupByListTest.groupBy_100_keys_serial_lazy_streams_ec,919485bd4a47bb300fa05a08bb11bf9838734c6d)",0,0,0,0,0,0,0,0,0,0,0,0,0,0,0,0,0,0,0,0,0,0,0,0,0,0,0,
"(org.eclipse.collections.impl.jmh.AllSatisfyTest.short_circuit_middle_serial_lazy_jdk,919485bd4a47bb300fa05a08bb11bf9838734c6d)",0,0,0,0,0,0,0,0,0,0,0,0,0,0,0,0,0,0,0,0,0,0,0,0,0,0,0,
"(org.eclipse.collections.impl.jmh.MaxByIntTest.maxByQuantity_serial_lazy_ec,919485bd4a47bb300fa05a08bb11bf9838734c6d)",0,0,0,0,0,0,0,0,0,0,0,0,0,0,0,0,0,0,0,0,0,0,0,0,0,0,0,
"(org.eclipse.collections.impl.jmh.MinByIntTest.minByQuantity_parallel_lazy_direct_methodref_jdk,919485bd4a47bb300fa05a08bb11bf9838734c6d)",0,0,0,0,0,0,0,0,0,0,0,0,0,0,0,0,0,0,0,0,0,0,0,0,0,0,0,
"(org.eclipse.collections.impl.jmh.GroupByListTest.groupBy_2_keys_serial_lazy_streams_ec,919485bd4a47bb300fa05a08bb11bf9838734c6d)",0,0,0,0,0,0,0,0,0,0,0,0,0,0,0,0,0,0,0,0,0,0,0,0,0,0,0,
"(org.eclipse.collections.impl.jmh.AggregateByTest.aggregateInPlaceByProduct_parallel_lazy_ec,919485bd4a47bb300fa05a08bb11bf9838734c6d)",0,0,0,0,0,0,0,0,0,0,0,0,0,0,0,0,0,0,0,0,0,0,0,0,0,0,0,
"(org.eclipse.collections.impl.jmh.CollectIfTest.serial_lazy_jdk,919485bd4a47bb300fa05a08bb11bf9838734c6d)",0,0,0,0,0,0,0,0,0,0,0,0,0,0,0,0,0,0,0,0,0,0,0,0,0,0,0,
"(org.eclipse.collections.impl.jmh.AnagramListTest.serial_eager_ec,919485bd4a47bb300fa05a08bb11bf9838734c6d)",0,0,0,0,0,0,0,0,0,0,0,0,0,0,0,0,0,0,0,0,0,0,0,0,0,0,0,
"(org.eclipse.collections.impl.jmh.SumOfIntTest.parallel_lazy_mapToLongSum_streams_ec,919485bd4a47bb300fa05a08bb11bf9838734c6d)",0,0,0,0,0,0,0,0,0,0,0,0,0,0,0,0,0,0,0,0,0,0,0,0,0,0,0,
"(org.eclipse.collections.impl.jmh.CollectIfTest.parallel_eager_ec,919485bd4a47bb300fa05a08bb11bf9838734c6d)",0,0,0,0,0,0,0,0,0,0,0,0,0,0,0,0,0,0,0,0,0,0,0,0,0,0,0,
"(org.eclipse.collections.impl.jmh.IntIntMapSmallStressTest.jdkGet,919485bd4a47bb300fa05a08bb11bf9838734c6d)",0,0,0,0,0,0,0,0,0,0,0,0,0,0,0,0,0,0,0,0,0,0,0,0,0,0,0,
"(org.eclipse.collections.impl.jmh.IntIntMapTest.remove,919485bd4a47bb300fa05a08bb11bf9838734c6d)",0,0,0,0,0,0,0,0,0,0,0,0,0,0,0,0,0,0,0,0,0,0,0,0,0,0,0,
"(org.eclipse.collections.impl.jmh.AnagramSetTest.serial_eager_scala,919485bd4a47bb300fa05a08bb11bf9838734c6d)",0,0,0,0,0,0,0,0,0,0,0,0,0,0,0,0,0,0,0,0,0,0,0,0,0,0,0,
"(org.eclipse.collections.impl.jmh.CountTest.serial_eager_scala,919485bd4a47bb300fa05a08bb11bf9838734c6d)",0,0,0,0,0,0,0,0,0,0,0,0,0,0,0,0,0,0,0,0,0,0,0,0,0,0,0,
"(org.eclipse.collections.impl.jmh.AnagramListTest.parallel_eager_ec,919485bd4a47bb300fa05a08bb11bf9838734c6d)",0,0,0,0,0,0,0,0,0,0,0,0,0,0,0,0,0,0,0,0,0,0,0,0,0,0,0,
"(org.eclipse.collections.impl.jmh.LongLongMapLargeStressTest.kolobokeRemove,919485bd4a47bb300fa05a08bb11bf9838734c6d)",0,0,0,0,0,0,0,0,0,0,0,0,0,0,0,0,0,0,0,0,0,0,0,0,0,0,0,
"(org.eclipse.collections.impl.jmh.map.ScalaMutableMapGetTest.get,919485bd4a47bb300fa05a08bb11bf9838734c6d)",0,0,0,0,0,0,0,0,0,0,0,0,0,0,0,0,0,0,0,0,0,0,0,0,0,0,0,
"(org.eclipse.collections.impl.jmh.list.ListIterationTest.parallel_mutable_ec,919485bd4a47bb300fa05a08bb11bf9838734c6d)",0,0,0,0,0,0,0,0,0,0,0,0,0,0,0,0,0,0,0,0,0,0,0,0,0,0,0,
"(org.eclipse.collections.impl.jmh.SumOfIntTest.parallel_lazy_sumOfInt_ec,919485bd4a47bb300fa05a08bb11bf9838734c6d)",0,0,0,0,0,0,0,0,0,0,0,0,0,0,0,0,0,0,0,0,0,0,0,0,0,0,0,
"(org.eclipse.collections.impl.jmh.AggregateByTest.aggregateByCategory_parallel_eager_ec,919485bd4a47bb300fa05a08bb11bf9838734c6d)",0,0,0,0,0,0,0,0,0,0,0,0,0,0,0,0,0,0,0,0,0,0,0,0,0,0,0,
"(org.eclipse.collections.impl.jmh.AggregateByTest.aggregateInPlaceByCategory_parallel_lazy_ec,919485bd4a47bb300fa05a08bb11bf9838734c6d)",0,0,0,0,0,0,0,0,0,0,0,0,0,0,0,0,0,0,0,0,0,0,0,0,0,0,0,
"(org.eclipse.collections.impl.jmh.SumOfIntTest.serial_lazy_mapToIntSum_jdk,919485bd4a47bb300fa05a08bb11bf9838734c6d)",0,0,0,0,0,0,0,0,0,0,0,0,0,0,0,0,0,0,0,0,0,0,0,0,0,0,0,
"(org.eclipse.collections.impl.jmh.AllSatisfyTest.process_all_parallel_lazy_jdk,919485bd4a47bb300fa05a08bb11bf9838734c6d)",0,0,0,0,0,0,0,0,0,0,0,0,0,0,0,0,0,0,0,0,0,0,0,0,0,0,0,
"(org.eclipse.collections.impl.jmh.LongLongMapSmallStressTest.ecGet,919485bd4a47bb300fa05a08bb11bf9838734c6d)",0,0,0,0,0,0,0,0,0,0,0,0,0,0,0,0,0,0,0,0,0,0,0,0,0,0,0,
"(org.eclipse.collections.impl.jmh.FlatCollectTest.serial_eager_ec,919485bd4a47bb300fa05a08bb11bf9838734c6d)",0,0,0,0,0,0,0,0,0,0,0,0,0,0,0,0,0,0,0,0,0,0,0,0,0,0,0,
"(org.eclipse.collections.impl.jmh.GroupBySetTest.groupBy_100_keys_parallel_lazy_streams_ec,919485bd4a47bb300fa05a08bb11bf9838734c6d)",0,0,0,0,0,0,0,0,0,0,0,0,0,0,0,0,0,0,0,0,0,0,0,0,0,0,0,
"(org.eclipse.collections.impl.jmh.CountSetTest.serial_eager_ec,919485bd4a47bb300fa05a08bb11bf9838734c6d)",0,0,0,0,0,0,0,0,0,0,0,0,0,0,0,0,0,0,0,0,0,0,0,0,0,0,0,
"(org.eclipse.collections.impl.jmh.CountSetTest.serial_lazy_streams_ec,919485bd4a47bb300fa05a08bb11bf9838734c6d)",0,0,0,0,0,0,0,0,0,0,0,0,0,0,0,0,0,0,0,0,0,0,0,0,0,0,0,
"(org.eclipse.collections.impl.jmh.MinByDoubleTest.minByMarketValue_parallel_lazy_ec,919485bd4a47bb300fa05a08bb11bf9838734c6d)",0,0,0,0,0,0,0,0,0,0,0,0,0,0,0,0,0,0,0,0,0,0,0,0,0,0,0,
"(org.eclipse.collections.impl.jmh.AnagramBagTest.parallel_lazy_streams_ec,919485bd4a47bb300fa05a08bb11bf9838734c6d)",0,0,0,0,0,0,0,0,0,0,0,0,0,0,0,0,0,0,0,0,0,0,0,0,0,0,0,
"(org.eclipse.collections.impl.jmh.MaxByIntTest.maxByQuantity_serial_lazy_direct_methodref_jdk,919485bd4a47bb300fa05a08bb11bf9838734c6d)",0,0,0,0,0,0,0,0,0,0,0,0,0,0,0,0,0,0,0,0,0,0,0,0,0,0,0,
"(org.eclipse.collections.impl.jmh.LongLongMapLargeStressTest.ecGet,919485bd4a47bb300fa05a08bb11bf9838734c6d)",0,0,0,0,0,0,0,0,0,0,0,0,0,0,0,0,0,0,0,0,0,0,0,0,0,0,0,
"(org.eclipse.collections.impl.jmh.MaxByIntTest.maxByQuantity_serial_lazy_collect_methodref_jdk,919485bd4a47bb300fa05a08bb11bf9838734c6d)",0,0,0,0,0,0,0,0,0,0,0,0,0,0,0,0,0,0,0,0,0,0,0,0,0,0,0,
"(org.eclipse.collections.impl.jmh.SetAddAllTest.ec,919485bd4a47bb300fa05a08bb11bf9838734c6d)",0,0,0,0,0,0,0,0,0,0,0,0,0,0,0,0,0,0,0,0,0,0,0,0,0,0,0,
"(org.eclipse.collections.impl.jmh.CollectTest.serial_lazy_streams_ec,919485bd4a47bb300fa05a08bb11bf9838734c6d)",0,0,0,0,0,0,0,0,0,0,0,0,0,0,0,0,0,0,0,0,0,0,0,0,0,0,0,
"(org.eclipse.collections.impl.jmh.SumByDoubleTest.sumByProduct_serial_lazy_streams_ec,919485bd4a47bb300fa05a08bb11bf9838734c6d)",0,0,0,0,0,0,0,0,0,0,0,0,0,0,0,0,0,0,0,0,0,0,0,0,0,0,0,
"(org.eclipse.collections.impl.jmh.LongLongMapLargeStressTest.kolobokeGet,919485bd4a47bb300fa05a08bb11bf9838734c6d)",0,0,0,0,0,0,0,0,0,0,0,0,0,0,0,0,0,0,0,0,0,0,0,0,0,0,0,
"(org.eclipse.collections.impl.jmh.set.sorted.SortedSetIterationTest.parallel_mutable_scala,919485bd4a47bb300fa05a08bb11bf9838734c6d)",0,0,0,0,0,0,0,0,0,0,0,0,0,0,0,0,0,0,0,0,0,0,0,0,0,0,0,
"(org.eclipse.collections.impl.jmh.MinTest.serial_lazy_ec,919485bd4a47bb300fa05a08bb11bf9838734c6d)",0,0,0,0,0,0,0,0,0,0,0,0,0,0,0,0,0,0,0,0,0,0,0,0,0,0,0,
"(org.eclipse.collections.impl.jmh.CountTest.serial_lazy_jdk,919485bd4a47bb300fa05a08bb11bf9838734c6d)",0,0,0,0,0,0,0,0,0,0,0,0,0,0,0,0,0,0,0,0,0,0,0,0,0,0,0,
"(org.eclipse.collections.impl.jmh.CountTest.serial_lazy_streams_ec,919485bd4a47bb300fa05a08bb11bf9838734c6d)",0,0,0,0,0,0,0,0,0,0,0,0,0,0,0,0,0,0,0,0,0,0,0,0,0,0,0,
"(org.eclipse.collections.impl.jmh.AggregateByTest.aggregateByProduct_serial_lazy_jdk,919485bd4a47bb300fa05a08bb11bf9838734c6d)",0,0,0,0,0,0,0,0,0,0,0,0,0,0,0,0,0,0,0,0,0,0,0,0,0,0,0,
"(org.eclipse.collections.impl.jmh.AnagramSetTest.parallel_lazy_streams_ec,919485bd4a47bb300fa05a08bb11bf9838734c6d)",0,0,0,0,0,0,0,0,0,0,0,0,0,0,0,0,0,0,0,0,0,0,0,0,0,0,0,
"(org.eclipse.collections.impl.jmh.RejectTest.serial_eager_ec,919485bd4a47bb300fa05a08bb11bf9838734c6d)",0,0,0,0,0,0,0,0,0,0,0,0,0,0,0,0,0,0,0,0,0,0,0,0,0,0,0,
"(org.eclipse.collections.impl.jmh.AnagramSetTest.serial_lazy_jdk,919485bd4a47bb300fa05a08bb11bf9838734c6d)",0,0,0,0,0,0,0,0,0,0,0,0,0,0,0,0,0,0,0,0,0,0,0,0,0,0,0,
"(org.eclipse.collections.impl.jmh.SumByDoubleTest.sumByProduct_serial_eager_ec,919485bd4a47bb300fa05a08bb11bf9838734c6d)",0,0,0,0,0,0,0,0,0,0,0,0,0,0,0,0,0,0,0,0,0,0,0,0,0,0,0,
"(org.eclipse.collections.impl.jmh.MaxTest.parallel_lazy_reverse_jdk,919485bd4a47bb300fa05a08bb11bf9838734c6d)",0,0,0,0,0,0,0,0,0,0,0,0,0,0,0,0,0,0,0,0,0,0,0,0,0,0,0,
"(org.eclipse.collections.impl.jmh.CollectIfTest.parallel_lazy_ec,919485bd4a47bb300fa05a08bb11bf9838734c6d)",0,0,0,0,0,0,0,0,0,0,0,0,0,0,0,0,0,0,0,0,0,0,0,0,0,0,0,
"(org.eclipse.collections.impl.jmh.SumOfIntTest.serial_eager_directSumOfInt_ec,919485bd4a47bb300fa05a08bb11bf9838734c6d)",0,0,0,0,0,0,0,0,0,0,0,0,0,0,0,0,0,0,0,0,0,0,0,0,0,0,0,
"(org.eclipse.collections.impl.jmh.map.EcImmutableMapGetTest.get,919485bd4a47bb300fa05a08bb11bf9838734c6d)",0,0,0,0,0,0,0,0,0,0,0,0,0,0,0,0,0,0,0,0,0,0,0,0,0,0,0,
"(org.eclipse.collections.impl.jmh.MaxTest.parallel_lazy_reverse_streams_ec,919485bd4a47bb300fa05a08bb11bf9838734c6d)",0,0,0,0,0,0,0,0,0,0,0,0,0,0,0,0,0,0,0,0,0,0,0,0,0,0,0,
"(org.eclipse.collections.impl.jmh.map.MapGrowthTest.mutableScalaPut,919485bd4a47bb300fa05a08bb11bf9838734c6d)",0,0,0,0,0,0,0,0,0,0,0,0,0,0,0,0,0,0,0,0,0,0,0,0,0,0,0,
"(org.eclipse.collections.impl.jmh.AllSatisfyTest.short_circuit_middle_parallel_lazy_streams_ec,919485bd4a47bb300fa05a08bb11bf9838734c6d)",0,0,0,0,0,0,0,0,0,0,0,0,0,0,0,0,0,0,0,0,0,0,0,0,0,0,0,
"(org.eclipse.collections.impl.jmh.AllSatisfyTest.short_circuit_middle_serial_lazy_ec,919485bd4a47bb300fa05a08bb11bf9838734c6d)",0,0,0,0,0,0,0,0,0,0,0,0,0,0,0,0,0,0,0,0,0,0,0,0,0,0,0,
"(org.eclipse.collections.impl.jmh.SumByBigDecimalTest.sumByBigDecimalAccount_parallel_eager_ec,919485bd4a47bb300fa05a08bb11bf9838734c6d)",0,0,0,0,0,0,0,0,0,0,0,0,0,0,0,0,0,0,0,0,0,0,0,0,0,0,0,
"(org.eclipse.collections.impl.jmh.FunctionalInterfaceTest.serial_lazy_scala,919485bd4a47bb300fa05a08bb11bf9838734c6d)",0,0,0,0,0,0,0,0,0,0,0,0,0,0,0,0,0,0,0,0,0,0,0,0,0,0,0,
"(org.eclipse.collections.impl.jmh.SumOfIntTest.parallel_lazy_mapToLongSum_jdk,919485bd4a47bb300fa05a08bb11bf9838734c6d)",0,0,0,0,0,0,0,0,0,0,0,0,0,0,0,0,0,0,0,0,0,0,0,0,0,0,0,
"(org.eclipse.collections.impl.jmh.CountSetTest.serial_lazy_jdk,919485bd4a47bb300fa05a08bb11bf9838734c6d)",0,0,0,0,0,0,0,0,0,0,0,0,0,0,0,0,0,0,0,0,0,0,0,0,0,0,0,
"(org.eclipse.collections.impl.jmh.FunctionalInterfaceTest.parallel_eager_ec_hand_coded,919485bd4a47bb300fa05a08bb11bf9838734c6d)",0,0,0,0,0,0,0,0,0,0,0,0,0,0,0,0,0,0,0,0,0,0,0,0,0,0,0,
"(org.eclipse.collections.impl.jmh.AggregateByTest.aggregateByAccount_parallel_lazy_jdk,919485bd4a47bb300fa05a08bb11bf9838734c6d)",0,0,0,0,0,0,0,0,0,0,0,0,0,0,0,0,0,0,0,0,0,0,0,0,0,0,0,
"(org.eclipse.collections.impl.jmh.CollectorJoiningTest.parallel_lazy_mapToStringJoining_ec,919485bd4a47bb300fa05a08bb11bf9838734c6d)",0,0,0,0,0,0,0,0,0,0,0,0,0,0,0,0,0,0,0,0,0,0,0,0,0,0,0,
"(org.eclipse.collections.impl.jmh.AnySatisfyTest.short_circuit_middle_parallel_lazy_streams_ec,919485bd4a47bb300fa05a08bb11bf9838734c6d)",0,0,0,0,0,0,0,0,0,0,0,0,0,0,0,0,0,0,0,0,0,0,0,0,0,0,0,
"(org.eclipse.collections.impl.jmh.CountTest.serial_eager_ec,919485bd4a47bb300fa05a08bb11bf9838734c6d)",0,0,0,0,0,0,0,0,0,0,0,0,0,0,0,0,0,0,0,0,0,0,0,0,0,0,0,
"(org.eclipse.collections.impl.jmh.MaxByIntTest.maxByQuantity_parallel_lazy_direct_methodref_jdk,919485bd4a47bb300fa05a08bb11bf9838734c6d)",0,0,0,0,0,0,0,0,0,0,0,0,0,0,0,0,0,0,0,0,0,0,0,0,0,0,0,
"(org.eclipse.collections.impl.jmh.AnySatisfyTest.process_all_parallel_lazy_scala,919485bd4a47bb300fa05a08bb11bf9838734c6d)",0,0,0,0,0,0,0,0,0,0,0,0,0,0,0,0,0,0,0,0,0,0,0,0,0,0,0,
"(org.eclipse.collections.impl.jmh.MinTest.serial_lazy_reverse_ec,919485bd4a47bb300fa05a08bb11bf9838734c6d)",0,0,0,0,0,0,0,0,0,0,0,0,0,0,0,0,0,0,0,0,0,0,0,0,0,0,0,
"(org.eclipse.collections.impl.jmh.NoneSatisfyTest.process_none_serial_lazy_ec,919485bd4a47bb300fa05a08bb11bf9838734c6d)",0,0,0,0,0,0,0,0,0,0,0,0,0,0,0,0,0,0,0,0,0,0,0,0,0,0,0,
"(org.eclipse.collections.impl.jmh.SummarizeIntTest.serial_eager_collectIntSummaryStatistics_ec,919485bd4a47bb300fa05a08bb11bf9838734c6d)",0,0,0,0,0,0,0,0,0,0,0,0,0,0,0,0,0,0,0,0,0,0,0,0,0,0,0,
"(org.eclipse.collections.impl.jmh.MaxByIntTest.maxByQuantity_parallel_lazy_ec,919485bd4a47bb300fa05a08bb11bf9838734c6d)",0,0,0,0,0,0,0,0,0,0,0,0,0,0,0,0,0,0,0,0,0,0,0,0,0,0,0,
"(org.eclipse.collections.impl.jmh.MinByDoubleTest.minByMarketValue_parallel_lazy_collect_lambda_jdk,919485bd4a47bb300fa05a08bb11bf9838734c6d)",0,0,0,0,0,0,0,0,0,0,0,0,0,0,0,0,0,0,0,0,0,0,0,0,0,0,0,
"(org.eclipse.collections.impl.jmh.MinByDoubleTest.minByMarketValue_serial_lazy_direct_lambda_jdk,919485bd4a47bb300fa05a08bb11bf9838734c6d)",0,0,0,0,0,0,0,0,0,0,0,0,0,0,0,0,0,0,0,0,0,0,0,0,0,0,0,
"(org.eclipse.collections.impl.jmh.MinTest.parallel_lazy_reverse_streams_ec,919485bd4a47bb300fa05a08bb11bf9838734c6d)",0,0,0,0,0,0,0,0,0,0,0,0,0,0,0,0,0,0,0,0,0,0,0,0,0,0,0,
"(org.eclipse.collections.impl.jmh.RejectTest.serial_lazy_jdk_lambda_negate,919485bd4a47bb300fa05a08bb11bf9838734c6d)",0,0,0,0,0,0,0,0,0,0,0,0,0,0,0,0,0,0,0,0,0,0,0,0,0,0,0,
"(org.eclipse.collections.impl.jmh.RejectTest.serial_eager_ec_select_predicates_not,919485bd4a47bb300fa05a08bb11bf9838734c6d)",0,0,0,0,0,0,0,0,0,0,0,0,0,0,0,0,0,0,0,0,0,0,0,0,0,0,0,
"(org.eclipse.collections.impl.jmh.SumByBigDecimalTest.sumByBigDecimalProduct_serial_eager_ec,919485bd4a47bb300fa05a08bb11bf9838734c6d)",0,0,0,0,0,0,0,0,0,0,0,0,0,0,0,0,0,0,0,0,0,0,0,0,0,0,0,
"(org.eclipse.collections.impl.jmh.MinByIntTest.minByQuantity_serial_eager_ec,919485bd4a47bb300fa05a08bb11bf9838734c6d)",0,0,0,0,0,0,0,0,0,0,0,0,0,0,0,0,0,0,0,0,0,0,0,0,0,0,0,
"(org.eclipse.collections.impl.jmh.LongIntMapTest.presizedPut,919485bd4a47bb300fa05a08bb11bf9838734c6d)",0,0,0,0,0,0,0,0,0,0,0,0,0,0,0,0,0,0,0,0,0,0,0,0,0,0,0,
"(org.eclipse.collections.impl.jmh.MinTest.parallel_lazy_jdk,919485bd4a47bb300fa05a08bb11bf9838734c6d)",0,0,0,0,0,0,0,0,0,0,0,0,0,0,0,0,0,0,0,0,0,0,0,0,0,0,0,
"(org.eclipse.collections.impl.jmh.AnagramBagTest.serial_lazy_jdk,919485bd4a47bb300fa05a08bb11bf9838734c6d)",0,0,0,0,0,0,0,0,0,0,0,0,0,0,0,0,0,0,0,0,0,0,0,0,0,0,0,
"(org.eclipse.collections.impl.jmh.GroupByListTest.groupBy_10000_keys_serial_eager_scala,919485bd4a47bb300fa05a08bb11bf9838734c6d)",0,0,0,0,0,0,0,0,0,0,0,0,0,0,0,0,0,0,0,0,0,0,0,0,0,0,0,
"(org.eclipse.collections.impl.jmh.GroupBySetTest.groupBy_2_keys_serial_lazy_streams_ec,919485bd4a47bb300fa05a08bb11bf9838734c6d)",0,0,0,0,0,0,0,0,0,0,0,0,0,0,0,0,0,0,0,0,0,0,0,0,0,0,0,
"(org.eclipse.collections.impl.jmh.IntIntMapLargeStressTest.jdkPut,919485bd4a47bb300fa05a08bb11bf9838734c6d)",0,0,0,0,0,0,0,0,0,0,0,0,0,0,0,0,0,0,0,0,0,0,0,0,0,0,0,
"(org.eclipse.collections.impl.jmh.MaxTest.serial_eager_reverse_ec,919485bd4a47bb300fa05a08bb11bf9838734c6d)",0,0,0,0,0,0,0,0,0,0,0,0,0,0,0,0,0,0,0,0,0,0,0,0,0,0,0,
"(org.eclipse.collections.impl.jmh.FunctionalInterfaceTest.serial_lazy_jdk,919485bd4a47bb300fa05a08bb11bf9838734c6d)",0,0,0,0,0,0,0,0,0,0,0,0,0,0,0,0,0,0,0,0,0,0,0,0,0,0,0,
"(org.eclipse.collections.impl.jmh.IntIntMapLargeStressTest.ecPut,919485bd4a47bb300fa05a08bb11bf9838734c6d)",0,0,0,0,0,0,0,0,0,0,0,0,0,0,0,0,0,0,0,0,0,0,0,0,0,0,0,
"(org.eclipse.collections.impl.jmh.SumOfDoubleTest.serial_eager_collectDoubleSum_ec,919485bd4a47bb300fa05a08bb11bf9838734c6d)",0,0,0,0,0,0,0,0,0,0,0,0,0,0,0,0,0,0,0,0,0,0,0,0,0,0,0,
"(org.eclipse.collections.impl.jmh.SelectTest.serial_lazy_streams_ec,919485bd4a47bb300fa05a08bb11bf9838734c6d)",0,0,0,0,0,0,0,0,0,0,0,0,0,0,0,0,0,0,0,0,0,0,0,0,0,0,0,
"(org.eclipse.collections.impl.jmh.MaxTest.serial_lazy_reverse_jdk,919485bd4a47bb300fa05a08bb11bf9838734c6d)",0,0,0,0,0,0,0,0,0,0,0,0,0,0,0,0,0,0,0,0,0,0,0,0,0,0,0,
"(org.eclipse.collections.impl.jmh.CollectTest.parallel_eager_fixed_pool_ec,919485bd4a47bb300fa05a08bb11bf9838734c6d)",0,0,0,0,0,0,0,0,0,0,0,0,0,0,0,0,0,0,0,0,0,0,0,0,0,0,0,
"(org.eclipse.collections.impl.jmh.AnySatisfyTest.short_circuit_middle_serial_lazy_jdk,919485bd4a47bb300fa05a08bb11bf9838734c6d)",0,0,0,0,0,0,0,0,0,0,0,0,0,0,0,0,0,0,0,0,0,0,0,0,0,0,0,
"(org.eclipse.collections.impl.jmh.BagAddAllTest.guava,919485bd4a47bb300fa05a08bb11bf9838734c6d)",0,0,0,0,0,0,0,0,0,0,0,0,0,0,0,0,0,0,0,0,0,0,0,0,0,0,0,
"(org.eclipse.collections.impl.jmh.SelectTest.serial_eager_ec,919485bd4a47bb300fa05a08bb11bf9838734c6d)",0,0,0,0,0,0,0,0,0,0,0,0,0,0,0,0,0,0,0,0,0,0,0,0,0,0,0,
"(org.eclipse.collections.impl.jmh.list.ListIterationTest.serial_mutable_ec,919485bd4a47bb300fa05a08bb11bf9838734c6d)",0,0,0,0,0,0,0,0,0,0,0,0,0,0,0,0,0,0,0,0,0,0,0,0,0,0,0,
"(org.eclipse.collections.impl.jmh.AnySatisfyTest.process_all_parallel_lazy_jdk,919485bd4a47bb300fa05a08bb11bf9838734c6d)",0,0,0,0,0,0,0,0,0,0,0,0,0,0,0,0,0,0,0,0,0,0,0,0,0,0,0,
"(org.eclipse.collections.impl.jmh.set.sorted.SortedSetIterationTest.parallel_immutable_scala,919485bd4a47bb300fa05a08bb11bf9838734c6d)",0,0,0,0,0,0,0,0,0,0,0,0,0,0,0,0,0,0,0,0,0,0,0,0,0,0,0,
"(org.eclipse.collections.impl.jmh.NoneSatisfyTest.process_all_parallel_lazy_ec,919485bd4a47bb300fa05a08bb11bf9838734c6d)",0,0,0,0,0,0,0,0,0,0,0,0,0,0,0,0,0,0,0,0,0,0,0,0,0,0,0,
"(org.eclipse.collections.impl.jmh.CollectTest.serial_lazy_scala,919485bd4a47bb300fa05a08bb11bf9838734c6d)",0,0,0,0,0,0,0,0,0,0,0,0,0,0,0,0,0,0,0,0,0,0,0,0,0,0,0,
"(org.eclipse.collections.impl.jmh.AllSatisfyTest.short_circuit_middle_serial_eager_ec,919485bd4a47bb300fa05a08bb11bf9838734c6d)",0,0,0,0,0,0,0,0,0,0,0,0,0,0,0,0,0,0,0,0,0,0,0,0,0,0,0,
"(org.eclipse.collections.impl.jmh.MaxByDoubleTest.maxByMarketValue_serial_lazy_direct_methodref_jdk,919485bd4a47bb300fa05a08bb11bf9838734c6d)",0,0,0,0,0,0,0,0,0,0,0,0,0,0,0,0,0,0,0,0,0,0,0,0,0,0,0,
"(org.eclipse.collections.impl.jmh.AggregateByTest.aggregateByProduct_parallel_lazy_streams_ec,919485bd4a47bb300fa05a08bb11bf9838734c6d)",0,0,0,0,0,0,0,0,0,0,0,0,0,0,0,0,0,0,0,0,0,0,0,0,0,0,0,
"(org.eclipse.collections.impl.jmh.SelectTest.parallel_lazy_ec,919485bd4a47bb300fa05a08bb11bf9838734c6d)",0,0,0,0,0,0,0,0,0,0,0,0,0,0,0,0,0,0,0,0,0,0,0,0,0,0,0,
"(org.eclipse.collections.impl.jmh.AnagramBagTest.serial_eager_ec,919485bd4a47bb300fa05a08bb11bf9838734c6d)",0,0,0,0,0,0,0,0,0,0,0,0,0,0,0,0,0,0,0,0,0,0,0,0,0,0,0,
"(org.eclipse.collections.impl.jmh.AnagramSetTest.parallel_eager_ec,919485bd4a47bb300fa05a08bb11bf9838734c6d)",0,0,0,0,0,0,0,0,0,0,0,0,0,0,0,0,0,0,0,0,0,0,0,0,0,0,0,
"(org.eclipse.collections.impl.jmh.CollectorJoiningTest.serial_eager_makeString_ec,919485bd4a47bb300fa05a08bb11bf9838734c6d)",0,0,0,0,0,0,0,0,0,0,0,0,0,0,0,0,0,0,0,0,0,0,0,0,0,0,0,
"(org.eclipse.collections.impl.jmh.AnySatisfyTest.short_circuit_middle_serial_lazy_streams_ec,919485bd4a47bb300fa05a08bb11bf9838734c6d)",0,0,0,0,0,0,0,0,0,0,0,0,0,0,0,0,0,0,0,0,0,0,0,0,0,0,0,
"(org.eclipse.collections.impl.jmh.SumByDoubleTest.sumByCategory_serial_eager_ec,919485bd4a47bb300fa05a08bb11bf9838734c6d)",0,0,0,0,0,0,0,0,0,0,0,0,0,0,0,0,0,0,0,0,0,0,0,0,0,0,0,
"(org.eclipse.collections.impl.jmh.GroupBySetTest.groupBy_100_keys_parallel_lazy_ec,919485bd4a47bb300fa05a08bb11bf9838734c6d)",0,0,0,0,0,0,0,0,0,0,0,0,0,0,0,0,0,0,0,0,0,0,0,0,0,0,0,
"(org.eclipse.collections.impl.jmh.SumOfDoubleTest.serial_lazy_collectDoubleSum_streams_ec,919485bd4a47bb300fa05a08bb11bf9838734c6d)",0,0,0,0,0,0,0,0,0,0,0,0,0,0,0,0,0,0,0,0,0,0,0,0,0,0,0,
"(org.eclipse.collections.impl.jmh.AnagramBagTest.parallel_eager_ec,919485bd4a47bb300fa05a08bb11bf9838734c6d)",0,0,0,0,0,0,0,0,0,0,0,0,0,0,0,0,0,0,0,0,0,0,0,0,0,0,0,
"(org.eclipse.collections.impl.jmh.GroupBySetTest.groupBy_10000_keys_serial_eager_scala,919485bd4a47bb300fa05a08bb11bf9838734c6d)",0,0,0,0,0,0,0,0,0,0,0,0,0,0,0,0,0,0,0,0,0,0,0,0,0,0,0,
"(org.eclipse.collections.impl.jmh.MinByIntTest.minByQuantity_serial_lazy_collect_methodref_jdk,919485bd4a47bb300fa05a08bb11bf9838734c6d)",0,0,0,0,0,0,0,0,0,0,0,0,0,0,0,0,0,0,0,0,0,0,0,0,0,0,0,
"(org.eclipse.collections.impl.jmh.BagAddAllTest.ec,919485bd4a47bb300fa05a08bb11bf9838734c6d)",0,0,0,0,0,0,0,0,0,0,0,0,0,0,0,0,0,0,0,0,0,0,0,0,0,0,0,
"(org.eclipse.collections.impl.jmh.SummarizeIntTest.parallel_lazy_mapToIntSum_streams_ec,919485bd4a47bb300fa05a08bb11bf9838734c6d)",0,0,0,0,0,0,0,0,0,0,0,0,0,0,0,0,0,0,0,0,0,0,0,0,0,0,0,
"(org.eclipse.collections.impl.jmh.list.ListIterationTest.serial_immutable_ec,919485bd4a47bb300fa05a08bb11bf9838734c6d)",0,0,0,0,0,0,0,0,0,0,0,0,0,0,0,0,0,0,0,0,0,0,0,0,0,0,0,
"(org.eclipse.collections.impl.jmh.RejectTest.serial_lazy_streams_ec_lambda_not,919485bd4a47bb300fa05a08bb11bf9838734c6d)",0,0,0,0,0,0,0,0,0,0,0,0,0,0,0,0,0,0,0,0,0,0,0,0,0,0,0,
"(org.eclipse.collections.impl.jmh.AnySatisfyTest.process_all_parallel_lazy_ec,919485bd4a47bb300fa05a08bb11bf9838734c6d)",0,0,0,0,0,0,0,0,0,0,0,0,0,0,0,0,0,0,0,0,0,0,0,0,0,0,0,
"(org.eclipse.collections.impl.jmh.MaxTest.serial_eager_ec,919485bd4a47bb300fa05a08bb11bf9838734c6d)",0,0,0,0,0,0,0,0,0,0,0,0,0,0,0,0,0,0,0,0,0,0,0,0,0,0,0,
"(org.eclipse.collections.impl.jmh.GroupBySetTest.groupBy_10000_keys_parallel_lazy_streams_ec,919485bd4a47bb300fa05a08bb11bf9838734c6d)",0,0,0,0,0,0,0,0,0,0,0,0,0,0,0,0,0,0,0,0,0,0,0,0,0,0,0,
"(org.eclipse.collections.impl.jmh.MinByDoubleTest.minByMarketValue_serial_lazy_direct_methodref_jdk,919485bd4a47bb300fa05a08bb11bf9838734c6d)",0,0,0,0,0,0,0,0,0,0,0,0,0,0,0,0,0,0,0,0,0,0,0,0,0,0,0,
"(org.eclipse.collections.impl.jmh.MinByDoubleTest.minByMarketValue_serial_eager_ec,919485bd4a47bb300fa05a08bb11bf9838734c6d)",0,0,0,0,0,0,0,0,0,0,0,0,0,0,0,0,0,0,0,0,0,0,0,0,0,0,0,
"(org.eclipse.collections.impl.jmh.NoneSatisfyTest.process_all_parallel_lazy_jdk,919485bd4a47bb300fa05a08bb11bf9838734c6d)",0,0,0,0,0,0,0,0,0,0,0,0,0,0,0,0,0,0,0,0,0,0,0,0,0,0,0,
"(org.eclipse.collections.impl.jmh.NoneSatisfyTest.process_none_serial_lazy_streams_ec,919485bd4a47bb300fa05a08bb11bf9838734c6d)",0,0,0,0,0,0,0,0,0,0,0,0,0,0,0,0,0,0,0,0,0,0,0,0,0,0,0,
"(org.eclipse.collections.impl.jmh.MinByIntTest.minByQuantity_serial_lazy_direct_methodref_jdk,919485bd4a47bb300fa05a08bb11bf9838734c6d)",0,0,0,0,0,0,0,0,0,0,0,0,0,0,0,0,0,0,0,0,0,0,0,0,0,0,0,
"(org.eclipse.collections.impl.jmh.AnySatisfyTest.process_all_serial_lazy_scala,919485bd4a47bb300fa05a08bb11bf9838734c6d)",0,0,0,0,0,0,0,0,0,0,0,0,0,0,0,0,0,0,0,0,0,0,0,0,0,0,0,
"(org.eclipse.collections.impl.jmh.LongLongMapSmallStressTest.kolobokeRemove,919485bd4a47bb300fa05a08bb11bf9838734c6d)",0,0,0,0,0,0,0,0,0,0,0,0,0,0,0,0,0,0,0,0,0,0,0,0,0,0,0,
"(org.eclipse.collections.impl.jmh.RejectTest.serial_lazy_ec,919485bd4a47bb300fa05a08bb11bf9838734c6d)",0,0,0,0,0,0,0,0,0,0,0,0,0,0,0,0,0,0,0,0,0,0,0,0,0,0,0,
"(org.eclipse.collections.impl.jmh.MinByDoubleTest.minByMarketValue_parallel_lazy_direct_lambda_jdk,919485bd4a47bb300fa05a08bb11bf9838734c6d)",0,0,0,0,0,0,0,0,0,0,0,0,0,0,0,0,0,0,0,0,0,0,0,0,0,0,0,
"(org.eclipse.collections.impl.jmh.GroupBySetTest.groupBy_100_keys_serial_eager_scala,919485bd4a47bb300fa05a08bb11bf9838734c6d)",0,0,0,0,0,0,0,0,0,0,0,0,0,0,0,0,0,0,0,0,0,0,0,0,0,0,0,
"(org.eclipse.collections.impl.jmh.AnagramListTest.serial_lazy_jdk,919485bd4a47bb300fa05a08bb11bf9838734c6d)",0,0,0,0,0,0,0,0,0,0,0,0,0,0,0,0,0,0,0,0,0,0,0,0,0,0,0,
"(org.eclipse.collections.impl.jmh.FlatCollectTest.serial_lazy_streams_ec,919485bd4a47bb300fa05a08bb11bf9838734c6d)",0,0,0,0,0,0,0,0,0,0,0,0,0,0,0,0,0,0,0,0,0,0,0,0,0,0,0,
"(org.eclipse.collections.impl.jmh.SetAddAllTest.jdk,919485bd4a47bb300fa05a08bb11bf9838734c6d)",0,0,0,0,0,0,0,0,0,0,0,0,0,0,0,0,0,0,0,0,0,0,0,0,0,0,0,
"(org.eclipse.collections.impl.jmh.AnySatisfyTest.process_all_serial_eager_ec,919485bd4a47bb300fa05a08bb11bf9838734c6d)",0,0,0,0,0,0,0,0,0,0,0,0,0,0,0,0,0,0,0,0,0,0,0,0,0,0,0,
"(org.eclipse.collections.impl.jmh.IntIntMapSmallStressTest.kolobokePut,919485bd4a47bb300fa05a08bb11bf9838734c6d)",0,0,0,0,0,0,0,0,0,0,0,0,0,0,0,0,0,0,0,0,0,0,0,0,0,0,0,
"(org.eclipse.collections.impl.jmh.SummarizeIntTest.parallel_lazy_mapToIntSum_jdk,919485bd4a47bb300fa05a08bb11bf9838734c6d)",0,0,0,0,0,0,0,0,0,0,0,0,0,0,0,0,0,0,0,0,0,0,0,0,0,0,0,
"(org.eclipse.collections.impl.jmh.SummarizeIntTest.serial_eager_summarizeInt_ec,919485bd4a47bb300fa05a08bb11bf9838734c6d)",0,0,0,0,0,0,0,0,0,0,0,0,0,0,0,0,0,0,0,0,0,0,0,0,0,0,0,
"(org.eclipse.collections.impl.jmh.GroupBySetTest.groupBy_2_keys_parallel_lazy_jdk,919485bd4a47bb300fa05a08bb11bf9838734c6d)",0,0,0,0,0,0,0,0,0,0,0,0,0,0,0,0,0,0,0,0,0,0,0,0,0,0,0,
"(org.eclipse.collections.impl.jmh.SumOfIntTest.serial_lazy_mapToLongSum_streams_ec,919485bd4a47bb300fa05a08bb11bf9838734c6d)",0,0,0,0,0,0,0,0,0,0,0,0,0,0,0,0,0,0,0,0,0,0,0,0,0,0,0,
"(org.eclipse.collections.impl.jmh.MinByDoubleTest.minByMarketValue_parallel_lazy_direct_methodref_jdk,919485bd4a47bb300fa05a08bb11bf9838734c6d)",0,0,0,0,0,0,0,0,0,0,0,0,0,0,0,0,0,0,0,0,0,0,0,0,0,0,0,
"(org.eclipse.collections.impl.jmh.AllSatisfyTest.process_all_serial_lazy_jdk,919485bd4a47bb300fa05a08bb11bf9838734c6d)",0,0,0,0,0,0,0,0,0,0,0,0,0,0,0,0,0,0,0,0,0,0,0,0,0,0,0,
"(org.eclipse.collections.impl.jmh.CountTest.parallel_lazy_scala,919485bd4a47bb300fa05a08bb11bf9838734c6d)",0,0,0,0,0,0,0,0,0,0,0,0,0,0,0,0,0,0,0,0,0,0,0,0,0,0,0,
"(org.eclipse.collections.impl.jmh.MinByDoubleTest.minByMarketValue_serial_lazy_ec,919485bd4a47bb300fa05a08bb11bf9838734c6d)",0,0,0,0,0,0,0,0,0,0,0,0,0,0,0,0,0,0,0,0,0,0,0,0,0,0,0,
"(org.eclipse.collections.impl.jmh.MinByIntTest.minByQuantity_parallel_lazy_ec,919485bd4a47bb300fa05a08bb11bf9838734c6d)",0,0,0,0,0,0,0,0,0,0,0,0,0,0,0,0,0,0,0,0,0,0,0,0,0,0,0,
"(org.eclipse.collections.impl.jmh.ListEqualTest.jdk,919485bd4a47bb300fa05a08bb11bf9838734c6d)",0,0,0,0,0,0,0,0,0,0,0,0,0,0,0,0,0,0,0,0,0,0,0,0,0,0,0,
"(org.eclipse.collections.impl.jmh.AnagramSetTest.serial_lazy_scala,919485bd4a47bb300fa05a08bb11bf9838734c6d)",0,0,0,0,0,0,0,0,0,0,0,0,0,0,0,0,0,0,0,0,0,0,0,0,0,0,0,
"(org.eclipse.collections.impl.jmh.AllSatisfyTest.process_all_parallel_lazy_ec,919485bd4a47bb300fa05a08bb11bf9838734c6d)",0,0,0,0,0,0,0,0,0,0,0,0,0,0,0,0,0,0,0,0,0,0,0,0,0,0,0,
"(org.eclipse.collections.impl.jmh.FunctionalInterfaceTest.parallel_lazy_jdk,919485bd4a47bb300fa05a08bb11bf9838734c6d)",0,0,0,0,0,0,0,0,0,0,0,0,0,0,0,0,0,0,0,0,0,0,0,0,0,0,0,
"(org.eclipse.collections.impl.jmh.SelectTest.parallel_lazy_streams_ec,919485bd4a47bb300fa05a08bb11bf9838734c6d)",0,0,0,0,0,0,0,0,0,0,0,0,0,0,0,0,0,0,0,0,0,0,0,0,0,0,0,
"(org.eclipse.collections.impl.jmh.MinTest.serial_lazy_intstream_streams_ec,919485bd4a47bb300fa05a08bb11bf9838734c6d)",0,0,0,0,0,0,0,0,0,0,0,0,0,0,0,0,0,0,0,0,0,0,0,0,0,0,0,
"(org.eclipse.collections.impl.jmh.MinTest.serial_lazy_streams_ec,919485bd4a47bb300fa05a08bb11bf9838734c6d)",0,0,0,0,0,0,0,0,0,0,0,0,0,0,0,0,0,0,0,0,0,0,0,0,0,0,0,
"(org.eclipse.collections.impl.jmh.AllSatisfyTest.process_all_serial_lazy_streams_ec,919485bd4a47bb300fa05a08bb11bf9838734c6d)",0,0,0,0,0,0,0,0,0,0,0,0,0,0,0,0,0,0,0,0,0,0,0,0,0,0,0,
"(org.eclipse.collections.impl.jmh.map.HppcMutableMapGetTest.get,919485bd4a47bb300fa05a08bb11bf9838734c6d)",0,0,0,0,0,0,0,0,0,0,0,0,0,0,0,0,0,0,0,0,0,0,0,0,0,0,0,
"(org.eclipse.collections.impl.jmh.LongLongMapLargeStressTest.ecRemove,919485bd4a47bb300fa05a08bb11bf9838734c6d)",0,0,0,0,0,0,0,0,0,0,0,0,0,0,0,0,0,0,0,0,0,0,0,0,0,0,0,
"(org.eclipse.collections.impl.jmh.CountTest.parallel_lazy_ec,919485bd4a47bb300fa05a08bb11bf9838734c6d)",0,0,0,0,0,0,0,0,0,0,0,0,0,0,0,0,0,0,0,0,0,0,0,0,0,0,0,
"(org.eclipse.collections.impl.jmh.SumOfDoubleTest.parallel_lazy_collectDoubleSum_streams_ec,919485bd4a47bb300fa05a08bb11bf9838734c6d)",0,0,0,0,0,0,0,0,0,0,0,0,0,0,0,0,0,0,0,0,0,0,0,0,0,0,0,
"(org.eclipse.collections.impl.jmh.set.sorted.SortedSetIterationTest.serial_immutable_scala,919485bd4a47bb300fa05a08bb11bf9838734c6d)",0,0,0,0,0,0,0,0,0,0,0,0,0,0,0,0,0,0,0,0,0,0,0,0,0,0,0,
"(org.eclipse.collections.impl.jmh.IntIntMapLargeStressTest.ecRemove,919485bd4a47bb300fa05a08bb11bf9838734c6d)",0,0,0,0,0,0,0,0,0,0,0,0,0,0,0,0,0,0,0,0,0,0,0,0,0,0,0,
"(org.eclipse.collections.impl.jmh.CollectIfTest.parallel_lazy_jdk,919485bd4a47bb300fa05a08bb11bf9838734c6d)",0,0,0,0,0,0,0,0,0,0,0,0,0,0,0,0,0,0,0,0,0,0,0,0,0,0,0,
"(org.eclipse.collections.impl.jmh.SumByDoubleTest.sumByCategory_parallel_eager_ec,919485bd4a47bb300fa05a08bb11bf9838734c6d)",0,0,0,0,0,0,0,0,0,0,0,0,0,0,0,0,0,0,0,0,0,0,0,0,0,0,0,
"(org.eclipse.collections.impl.jmh.SumOfIntTest.serial_lazy_mapToIntSum_streams_ec,919485bd4a47bb300fa05a08bb11bf9838734c6d)",0,0,0,0,0,0,0,0,0,0,0,0,0,0,0,0,0,0,0,0,0,0,0,0,0,0,0,
"(org.eclipse.collections.impl.jmh.SumOfIntTest.serial_lazy_mapToLongSum_jdk,919485bd4a47bb300fa05a08bb11bf9838734c6d)",0,0,0,0,0,0,0,0,0,0,0,0,0,0,0,0,0,0,0,0,0,0,0,0,0,0,0,
"(org.eclipse.collections.impl.jmh.GroupByListTest.groupBy_2_keys_serial_eager_scala,919485bd4a47bb300fa05a08bb11bf9838734c6d)",0,0,0,0,0,0,0,0,0,0,0,0,0,0,0,0,0,0,0,0,0,0,0,0,0,0,0,
"(org.eclipse.collections.impl.jmh.MaxByDoubleTest.maxByMarketValue_parallel_lazy_collect_methodref_jdk,919485bd4a47bb300fa05a08bb11bf9838734c6d)",0,0,0,0,0,0,0,0,0,0,0,0,0,0,0,0,0,0,0,0,0,0,0,0,0,0,0,
"(org.eclipse.collections.impl.jmh.NoneSatisfyTest.short_circuit_middle_serial_lazy_streams_ec,919485bd4a47bb300fa05a08bb11bf9838734c6d)",0,0,0,0,0,0,0,0,0,0,0,0,0,0,0,0,0,0,0,0,0,0,0,0,0,0,0,
"(org.eclipse.collections.impl.jmh.MinTest.parallel_lazy_ec,919485bd4a47bb300fa05a08bb11bf9838734c6d)",0,0,0,0,0,0,0,0,0,0,0,0,0,0,0,0,0,0,0,0,0,0,0,0,0,0,0,
"(org.eclipse.collections.impl.jmh.GroupBySetTest.groupBy_2_keys_serial_lazy_jdk,919485bd4a47bb300fa05a08bb11bf9838734c6d)",0,0,0,0,0,0,0,0,0,0,0,0,0,0,0,0,0,0,0,0,0,0,0,0,0,0,0,
"(org.eclipse.collections.impl.jmh.map.ChainMapPutTest.jdk,919485bd4a47bb300fa05a08bb11bf9838734c6d)",0,0,0,0,0,0,0,0,0,0,0,0,0,0,0,0,0,0,0,0,0,0,0,0,0,0,0,
"(org.eclipse.collections.impl.jmh.SummarizeIntTest.serial_lazy_collectIntSummaryStatistics_ec,919485bd4a47bb300fa05a08bb11bf9838734c6d)",0,0,0,0,0,0,0,0,0,0,0,0,0,0,0,0,0,0,0,0,0,0,0,0,0,0,0,
"(org.eclipse.collections.impl.jmh.LongIntMapTest.get,919485bd4a47bb300fa05a08bb11bf9838734c6d)",0,0,0,0,0,0,0,0,0,0,0,0,0,0,0,0,0,0,0,0,0,0,0,0,0,0,0,
"(org.eclipse.collections.impl.jmh.map.EcMutableMapGetTest.get,919485bd4a47bb300fa05a08bb11bf9838734c6d)",0,0,0,0,0,0,0,0,0,0,0,0,0,0,0,0,0,0,0,0,0,0,0,0,0,0,0,
"(org.eclipse.collections.impl.jmh.AnySatisfyTest.process_all_parallel_lazy_streams_ec,919485bd4a47bb300fa05a08bb11bf9838734c6d)",0,0,0,0,0,0,0,0,0,0,0,0,0,0,0,0,0,0,0,0,0,0,0,0,0,0,0,
"(org.eclipse.collections.impl.jmh.AggregateByTest.aggregateInPlaceByProduct_parallel_eager_ec,919485bd4a47bb300fa05a08bb11bf9838734c6d)",0,0,0,0,0,0,0,0,0,0,0,0,0,0,0,0,0,0,0,0,0,0,0,0,0,0,0,
"(org.eclipse.collections.impl.jmh.AnySatisfyTest.short_circuit_middle_parallel_lazy_ec,919485bd4a47bb300fa05a08bb11bf9838734c6d)",0,0,0,0,0,0,0,0,0,0,0,0,0,0,0,0,0,0,0,0,0,0,0,0,0,0,0,
"(org.eclipse.collections.impl.jmh.CollectTest.parallel_lazy_ec,919485bd4a47bb300fa05a08bb11bf9838734c6d)",0,0,0,0,0,0,0,0,0,0,0,0,0,0,0,0,0,0,0,0,0,0,0,0,0,0,0,
"(org.eclipse.collections.impl.jmh.LongIntMapTest.copyTest,919485bd4a47bb300fa05a08bb11bf9838734c6d)",0,0,0,0,0,0,0,0,0,0,0,0,0,0,0,0,0,0,0,0,0,0,0,0,0,0,0,
"(org.eclipse.collections.impl.jmh.MaxByIntTest.maxByQuantity_parallel_lazy_collect_lambda_jdk,919485bd4a47bb300fa05a08bb11bf9838734c6d)",0,0,0,0,0,0,0,0,0,0,0,0,0,0,0,0,0,0,0,0,0,0,0,0,0,0,0,
"(org.eclipse.collections.impl.jmh.AggregateByTest.aggregateInPlaceByAccount_parallel_eager_ec,919485bd4a47bb300fa05a08bb11bf9838734c6d)",0,0,0,0,0,0,0,0,0,0,0,0,0,0,0,0,0,0,0,0,0,0,0,0,0,0,0,
"(org.eclipse.collections.impl.jmh.AggregateByTest.aggregateByCategory_parallel_lazy_jdk,919485bd4a47bb300fa05a08bb11bf9838734c6d)",0,0,0,0,0,0,0,0,0,0,0,0,0,0,0,0,0,0,0,0,0,0,0,0,0,0,0,
"(org.eclipse.collections.impl.jmh.AnySatisfyTest.short_circuit_middle_serial_lazy_ec,919485bd4a47bb300fa05a08bb11bf9838734c6d)",0,0,0,0,0,0,0,0,0,0,0,0,0,0,0,0,0,0,0,0,0,0,0,0,0,0,0,
"(org.eclipse.collections.impl.jmh.CountSetTest.parallel_lazy_scala,919485bd4a47bb300fa05a08bb11bf9838734c6d)",0,0,0,0,0,0,0,0,0,0,0,0,0,0,0,0,0,0,0,0,0,0,0,0,0,0,0,
"(org.eclipse.collections.impl.jmh.SummarizeIntTest.serial_lazy_mapToIntSum_streams_ec,919485bd4a47bb300fa05a08bb11bf9838734c6d)",0,0,0,0,0,0,0,0,0,0,0,0,0,0,0,0,0,0,0,0,0,0,0,0,0,0,0,
"(org.eclipse.collections.impl.jmh.AllSatisfyTest.process_all_serial_eager_ec,919485bd4a47bb300fa05a08bb11bf9838734c6d)",0,0,0,0,0,0,0,0,0,0,0,0,0,0,0,0,0,0,0,0,0,0,0,0,0,0,0,
"(org.eclipse.collections.impl.jmh.AnagramSetTest.serial_eager_ec,919485bd4a47bb300fa05a08bb11bf9838734c6d)",0,0,0,0,0,0,0,0,0,0,0,0,0,0,0,0,0,0,0,0,0,0,0,0,0,0,0,
"(org.eclipse.collections.impl.jmh.SumOfIntTest.serial_eager_collectIntSum_ec,919485bd4a47bb300fa05a08bb11bf9838734c6d)",0,0,0,0,0,0,0,0,0,0,0,0,0,0,0,0,0,0,0,0,0,0,0,0,0,0,0,
"(org.eclipse.collections.impl.jmh.CollectTest.serial_eager_scala,919485bd4a47bb300fa05a08bb11bf9838734c6d)",0,0,0,0,0,0,0,0,0,0,0,0,0,0,0,0,0,0,0,0,0,0,0,0,0,0,0,
"(org.eclipse.collections.impl.jmh.PartitionTest.serial_lazy_jdk,919485bd4a47bb300fa05a08bb11bf9838734c6d)",0,0,0,0,0,0,0,0,0,0,0,0,0,0,0,0,0,0,0,0,0,0,0,0,0,0,0,
"(org.eclipse.collections.impl.jmh.IntIntMapSmallStressTest.jdkPut,919485bd4a47bb300fa05a08bb11bf9838734c6d)",0,0,0,0,0,0,0,0,0,0,0,0,0,0,0,0,0,0,0,0,0,0,0,0,0,0,0,
"(org.eclipse.collections.impl.jmh.MaxByDoubleTest.maxByMarketValue_parallel_lazy_ec,919485bd4a47bb300fa05a08bb11bf9838734c6d)",0,0,0,0,0,0,0,0,0,0,0,0,0,0,0,0,0,0,0,0,0,0,0,0,0,0,0,
"(org.eclipse.collections.impl.jmh.IntIntMapLargeStressTest.ecGet,919485bd4a47bb300fa05a08bb11bf9838734c6d)",0,0,0,0,0,0,0,0,0,0,0,0,0,0,0,0,0,0,0,0,0,0,0,0,0,0,0,
"(org.eclipse.collections.impl.jmh.SummarizeIntTest.serial_eager_summaryStatistics_intList,919485bd4a47bb300fa05a08bb11bf9838734c6d)",0,0,0,0,0,0,0,0,0,0,0,0,0,0,0,0,0,0,0,0,0,0,0,0,0,0,0,
"(org.eclipse.collections.impl.jmh.MinByDoubleTest.minByMarketValue_serial_lazy_collect_methodref_jdk,919485bd4a47bb300fa05a08bb11bf9838734c6d)",0,0,0,0,0,0,0,0,0,0,0,0,0,0,0,0,0,0,0,0,0,0,0,0,0,0,0,
"(org.eclipse.collections.impl.jmh.MaxByDoubleTest.maxByMarketValue_parallel_lazy_direct_lambda_jdk,919485bd4a47bb300fa05a08bb11bf9838734c6d)",0,0,0,0,0,0,0,0,0,0,0,0,0,0,0,0,0,0,0,0,0,0,0,0,0,0,0,
"(org.eclipse.collections.impl.jmh.AggregateByTest.aggregateByCategory_serial_lazy_ec,919485bd4a47bb300fa05a08bb11bf9838734c6d)",0,0,0,0,0,0,0,0,0,0,0,0,0,0,0,0,0,0,0,0,0,0,0,0,0,0,0,
"(org.eclipse.collections.impl.jmh.IntIntMapSmallStressTest.jdkRemove,919485bd4a47bb300fa05a08bb11bf9838734c6d)",0,0,0,0,0,0,0,0,0,0,0,0,0,0,0,0,0,0,0,0,0,0,0,0,0,0,0,
"(org.eclipse.collections.impl.jmh.GroupByListTest.groupBy_10000_keys_serial_lazy_streams_ec,919485bd4a47bb300fa05a08bb11bf9838734c6d)",0,0,0,0,0,0,0,0,0,0,0,0,0,0,0,0,0,0,0,0,0,0,0,0,0,0,0,
"(org.eclipse.collections.impl.jmh.MinTest.parallel_lazy_reverse_ec,919485bd4a47bb300fa05a08bb11bf9838734c6d)",0,0,0,0,0,0,0,0,0,0,0,0,0,0,0,0,0,0,0,0,0,0,0,0,0,0,0,
"(org.eclipse.collections.impl.jmh.AnagramBagTest.parallel_lazy_jdk,919485bd4a47bb300fa05a08bb11bf9838734c6d)",0,0,0,0,0,0,0,0,0,0,0,0,0,0,0,0,0,0,0,0,0,0,0,0,0,0,0,
"(org.eclipse.collections.impl.jmh.RejectTest.serial_lazy_jdk_lambda_not,919485bd4a47bb300fa05a08bb11bf9838734c6d)",0,0,0,0,0,0,0,0,0,0,0,0,0,0,0,0,0,0,0,0,0,0,0,0,0,0,0,
"(org.eclipse.collections.impl.jmh.SumByDoubleTest.sumByAccount_parallel_lazy_jdk,919485bd4a47bb300fa05a08bb11bf9838734c6d)",0,0,0,0,0,0,0,0,0,0,0,0,0,0,0,0,0,0,0,0,0,0,0,0,0,0,0,
"(org.eclipse.collections.impl.jmh.CollectorJoiningTest.serial_eager_primitiveMakeString_ec,919485bd4a47bb300fa05a08bb11bf9838734c6d)",0,0,0,0,0,0,0,0,0,0,0,0,0,0,0,0,0,0,0,0,0,0,0,0,0,0,0,
"(org.eclipse.collections.impl.jmh.set.sorted.SortedSetContainsTest.contains_immutable_ec,919485bd4a47bb300fa05a08bb11bf9838734c6d)",0,0,0,0,0,0,0,0,0,0,0,0,0,0,0,0,0,0,0,0,0,0,0,0,0,0,0,
"(org.eclipse.collections.impl.jmh.NoneSatisfyTest.short_circuit_middle_parallel_lazy_ec,919485bd4a47bb300fa05a08bb11bf9838734c6d)",0,0,0,0,0,0,0,0,0,0,0,0,0,0,0,0,0,0,0,0,0,0,0,0,0,0,0,
"(org.eclipse.collections.impl.jmh.NoneSatisfyTest.short_circuit_middle_serial_eager_ec,919485bd4a47bb300fa05a08bb11bf9838734c6d)",0,0,0,0,0,0,0,0,0,0,0,0,0,0,0,0,0,0,0,0,0,0,0,0,0,0,0,
"(org.eclipse.collections.impl.jmh.MaxTest.serial_lazy_ec,919485bd4a47bb300fa05a08bb11bf9838734c6d)",0,0,0,0,0,0,0,0,0,0,0,0,0,0,0,0,0,0,0,0,0,0,0,0,0,0,0,
"(org.eclipse.collections.impl.jmh.SumOfIntTest.parallel_lazy_mapToIntSum_streams_ec,919485bd4a47bb300fa05a08bb11bf9838734c6d)",0,0,0,0,0,0,0,0,0,0,0,0,0,0,0,0,0,0,0,0,0,0,0,0,0,0,0,
"(org.eclipse.collections.impl.jmh.MinByIntTest.minByQuantity_serial_lazy_collect_lambda_jdk,919485bd4a47bb300fa05a08bb11bf9838734c6d)",0,0,0,0,0,0,0,0,0,0,0,0,0,0,0,0,0,0,0,0,0,0,0,0,0,0,0,
"(org.eclipse.collections.impl.jmh.GroupBySetTest.groupBy_10000_keys_parallel_lazy_jdk,919485bd4a47bb300fa05a08bb11bf9838734c6d)",0,0,0,0,0,0,0,0,0,0,0,0,0,0,0,0,0,0,0,0,0,0,0,0,0,0,0,
"(org.eclipse.collections.impl.jmh.CollectTest.serial_eager_ec,919485bd4a47bb300fa05a08bb11bf9838734c6d)",0,0,0,0,0,0,0,0,0,0,0,0,0,0,0,0,0,0,0,0,0,0,0,0,0,0,0,
"(org.eclipse.collections.impl.jmh.CountSetTest.parallel_lazy_jdk,919485bd4a47bb300fa05a08bb11bf9838734c6d)",0,0,0,0,0,0,0,0,0,0,0,0,0,0,0,0,0,0,0,0,0,0,0,0,0,0,0,
"(org.eclipse.collections.impl.jmh.list.ListIterationTest.parallel_immutable_ec,919485bd4a47bb300fa05a08bb11bf9838734c6d)",0,0,0,0,0,0,0,0,0,0,0,0,0,0,0,0,0,0,0,0,0,0,0,0,0,0,0,
"(org.eclipse.collections.impl.jmh.LongIntMapTest.put,919485bd4a47bb300fa05a08bb11bf9838734c6d)",0,0,0,0,0,0,0,0,0,0,0,0,0,0,0,0,0,0,0,0,0,0,0,0,0,0,0,
"(org.eclipse.collections.impl.jmh.AnySatisfyTest.process_all_serial_lazy_jdk,919485bd4a47bb300fa05a08bb11bf9838734c6d)",0,0,0,0,0,0,0,0,0,0,0,0,0,0,0,0,0,0,0,0,0,0,0,0,0,0,0,
"(org.eclipse.collections.impl.jmh.FunctionalInterfaceSetTest.parallel_lazy_ec,919485bd4a47bb300fa05a08bb11bf9838734c6d)",0,0,0,0,0,0,0,0,0,0,0,0,0,0,0,0,0,0,0,0,0,0,0,0,0,0,0,
"(org.eclipse.collections.impl.jmh.AllSatisfyTest.short_circuit_middle_parallel_lazy_ec,919485bd4a47bb300fa05a08bb11bf9838734c6d)",0,0,0,0,0,0,0,0,0,0,0,0,0,0,0,0,0,0,0,0,0,0,0,0,0,0,0,
"(org.eclipse.collections.impl.jmh.list.ListIterationTest.serial_mutable_scala,919485bd4a47bb300fa05a08bb11bf9838734c6d)",0,0,0,0,0,0,0,0,0,0,0,0,0,0,0,0,0,0,0,0,0,0,0,0,0,0,0,
"(org.eclipse.collections.impl.jmh.PartitionTest.serial_eager_ec,919485bd4a47bb300fa05a08bb11bf9838734c6d)",0,0,0,0,0,0,0,0,0,0,0,0,0,0,0,0,0,0,0,0,0,0,0,0,0,0,0,
"(org.eclipse.collections.impl.jmh.AggregateByTest.aggregateByCategory_serial_lazy_jdk,919485bd4a47bb300fa05a08bb11bf9838734c6d)",0,0,0,0,0,0,0,0,0,0,0,0,0,0,0,0,0,0,0,0,0,0,0,0,0,0,0,
"(org.eclipse.collections.impl.jmh.AnagramListTest.serial_lazy_streams_ec,919485bd4a47bb300fa05a08bb11bf9838734c6d)",0,0,0,0,0,0,0,0,0,0,0,0,0,0,0,0,0,0,0,0,0,0,0,0,0,0,0,
"(org.eclipse.collections.impl.jmh.GroupBySetTest.groupBy_2_keys_serial_eager_scala,919485bd4a47bb300fa05a08bb11bf9838734c6d)",0,0,0,0,0,0,0,0,0,0,0,0,0,0,0,0,0,0,0,0,0,0,0,0,0,0,0,
"(org.eclipse.collections.impl.jmh.map.TroveMapPutTest.trove,919485bd4a47bb300fa05a08bb11bf9838734c6d)",0,0,0,0,0,0,0,0,0,0,0,0,0,0,0,0,0,0,0,0,0,0,0,0,0,0,0,
"(org.eclipse.collections.impl.jmh.FlatCollectTest.serial_lazy_ec,919485bd4a47bb300fa05a08bb11bf9838734c6d)",0,0,0,0,0,0,0,0,0,0,0,0,0,0,0,0,0,0,0,0,0,0,0,0,0,0,0,
"(org.eclipse.collections.impl.jmh.GroupBySetTest.groupBy_10000_keys_serial_lazy_streams_ec,919485bd4a47bb300fa05a08bb11bf9838734c6d)",0,0,0,0,0,0,0,0,0,0,0,0,0,0,0,0,0,0,0,0,0,0,0,0,0,0,0,
"(org.eclipse.collections.impl.jmh.map.KolobokeMutableMapGetTest.get,919485bd4a47bb300fa05a08bb11bf9838734c6d)",0,0,0,0,0,0,0,0,0,0,0,0,0,0,0,0,0,0,0,0,0,0,0,0,0,0,0,
"(org.eclipse.collections.impl.jmh.GroupBySetTest.groupBy_10000_keys_parallel_lazy_scala,919485bd4a47bb300fa05a08bb11bf9838734c6d)",0,0,0,0,0,0,0,0,0,0,0,0,0,0,0,0,0,0,0,0,0,0,0,0,0,0,0,
"(org.eclipse.collections.impl.jmh.map.ChainMapPutTest.scala,919485bd4a47bb300fa05a08bb11bf9838734c6d)",0,0,0,0,0,0,0,0,0,0,0,0,0,0,0,0,0,0,0,0,0,0,0,0,0,0,0,
"(org.eclipse.collections.impl.jmh.FunctionalInterfaceTest.parallel_lazy_scala,919485bd4a47bb300fa05a08bb11bf9838734c6d)",0,0,0,0,0,0,0,0,0,0,0,0,0,0,0,0,0,0,0,0,0,0,0,0,0,0,0,
"(org.eclipse.collections.impl.jmh.FunctionalInterfaceTest.serial_eager_ec,919485bd4a47bb300fa05a08bb11bf9838734c6d)",0,0,0,0,0,0,0,0,0,0,0,0,0,0,0,0,0,0,0,0,0,0,0,0,0,0,0,
"(org.eclipse.collections.impl.jmh.SumByDoubleTest.sumByAccount_serial_eager_ec,919485bd4a47bb300fa05a08bb11bf9838734c6d)",0,0,0,0,0,0,0,0,0,0,0,0,0,0,0,0,0,0,0,0,0,0,0,0,0,0,0,
"(org.eclipse.collections.impl.jmh.SumByDoubleTest.sumByProduct_parallel_lazy_jdk,919485bd4a47bb300fa05a08bb11bf9838734c6d)",0,0,0,0,0,0,0,0,0,0,0,0,0,0,0,0,0,0,0,0,0,0,0,0,0,0,0,
"(org.eclipse.collections.impl.jmh.SumOfDoubleTest.parallel_lazy_collectDoubleSum_jdk,919485bd4a47bb300fa05a08bb11bf9838734c6d)",0,0,0,0,0,0,0,0,0,0,0,0,0,0,0,0,0,0,0,0,0,0,0,0,0,0,0,
"(org.eclipse.collections.impl.jmh.map.TroveMutableMapGetTest.get,919485bd4a47bb300fa05a08bb11bf9838734c6d)",0,0,0,0,0,0,0,0,0,0,0,0,0,0,0,0,0,0,0,0,0,0,0,0,0,0,0,
"(org.eclipse.collections.impl.jmh.MinTest.parallel_lazy_intstream_jdk,919485bd4a47bb300fa05a08bb11bf9838734c6d)",0,0,0,0,0,0,0,0,0,0,0,0,0,0,0,0,0,0,0,0,0,0,0,0,0,0,0,
"(org.eclipse.collections.impl.jmh.SumOfIntTest.serial_eager_sum_intList,919485bd4a47bb300fa05a08bb11bf9838734c6d)",0,0,0,0,0,0,0,0,0,0,0,0,0,0,0,0,0,0,0,0,0,0,0,0,0,0,0,
"(org.eclipse.collections.impl.jmh.set.sorted.SortedSetIterationTest.parallel_mutable_ec,919485bd4a47bb300fa05a08bb11bf9838734c6d)",0,0,0,0,0,0,0,0,0,0,0,0,0,0,0,0,0,0,0,0,0,0,0,0,0,0,0,
"(org.eclipse.collections.impl.jmh.MaxByDoubleTest.maxByMarketValue_serial_lazy_collect_lambda_jdk,919485bd4a47bb300fa05a08bb11bf9838734c6d)",0,0,0,0,0,0,0,0,0,0,0,0,0,0,0,0,0,0,0,0,0,0,0,0,0,0,0,
"(org.eclipse.collections.impl.jmh.NoneSatisfyTest.process_none_serial_lazy_jdk,919485bd4a47bb300fa05a08bb11bf9838734c6d)",0,0,0,0,0,0,0,0,0,0,0,0,0,0,0,0,0,0,0,0,0,0,0,0,0,0,0,
"(org.eclipse.collections.impl.jmh.GroupByListTest.groupBy_100_keys_serial_lazy_scala,919485bd4a47bb300fa05a08bb11bf9838734c6d)",0,0,0,0,0,0,0,0,0,0,0,0,0,0,0,0,0,0,0,0,0,0,0,0,0,0,0,
"(org.eclipse.collections.impl.jmh.LongLongMapSmallStressTest.ecRemove,919485bd4a47bb300fa05a08bb11bf9838734c6d)",0,0,0,0,0,0,0,0,0,0,0,0,0,0,0,0,0,0,0,0,0,0,0,0,0,0,0,
"(org.eclipse.collections.impl.jmh.map.MapGrowthTest.mutableEcPut,919485bd4a47bb300fa05a08bb11bf9838734c6d)",0,0,0,0,0,0,0,0,0,0,0,0,0,0,0,0,0,0,0,0,0,0,0,0,0,0,0,
"(org.eclipse.collections.impl.jmh.FunctionalInterfaceSetTest.serial_eager_ec,919485bd4a47bb300fa05a08bb11bf9838734c6d)",0,0,0,0,0,0,0,0,0,0,0,0,0,0,0,0,0,0,0,0,0,0,0,0,0,0,0,
"(org.eclipse.collections.impl.jmh.MaxByDoubleTest.maxByMarketValue_serial_eager_ec,919485bd4a47bb300fa05a08bb11bf9838734c6d)",0,0,0,0,0,0,0,0,0,0,0,0,0,0,0,0,0,0,0,0,0,0,0,0,0,0,0,
"(org.eclipse.collections.impl.jmh.MaxByIntTest.maxByQuantity_parallel_lazy_collect_methodref_jdk,919485bd4a47bb300fa05a08bb11bf9838734c6d)",0,0,0,0,0,0,0,0,0,0,0,0,0,0,0,0,0,0,0,0,0,0,0,0,0,0,0,
"(org.eclipse.collections.impl.jmh.CollectorJoiningTest.serial_eager_collectToStringJoining_ec,919485bd4a47bb300fa05a08bb11bf9838734c6d)",0,0,0,0,0,0,0,0,0,0,0,0,0,0,0,0,0,0,0,0,0,0,0,0,0,0,0,
"(org.eclipse.collections.impl.jmh.GroupByListTest.groupBy_100_keys_serial_eager_scala,919485bd4a47bb300fa05a08bb11bf9838734c6d)",0,0,0,0,0,0,0,0,0,0,0,0,0,0,0,0,0,0,0,0,0,0,0,0,0,0,0,
"(org.eclipse.collections.impl.jmh.SummarizeIntTest.serial_lazy_summarizeInt_ec,919485bd4a47bb300fa05a08bb11bf9838734c6d)",0,0,0,0,0,0,0,0,0,0,0,0,0,0,0,0,0,0,0,0,0,0,0,0,0,0,0,
"(org.eclipse.collections.impl.jmh.map.MapGrowthTest.immutableScalaPut,919485bd4a47bb300fa05a08bb11bf9838734c6d)",0,0,0,0,0,0,0,0,0,0,0,0,0,0,0,0,0,0,0,0,0,0,0,0,0,0,0,
"(org.eclipse.collections.impl.jmh.GroupByListTest.groupBy_2_keys_serial_lazy_jdk,919485bd4a47bb300fa05a08bb11bf9838734c6d)",0,0,0,0,0,0,0,0,0,0,0,0,0,0,0,0,0,0,0,0,0,0,0,0,0,0,0,
"(org.eclipse.collections.impl.jmh.MaxByDoubleTest.maxByMarketValue_serial_lazy_collect_methodref_jdk,919485bd4a47bb300fa05a08bb11bf9838734c6d)",0,0,0,0,0,0,0,0,0,0,0,0,0,0,0,0,0,0,0,0,0,0,0,0,0,0,0,
"(org.eclipse.collections.impl.jmh.SumByDoubleTest.sumByProduct_serial_lazy_jdk,919485bd4a47bb300fa05a08bb11bf9838734c6d)",0,0,0,0,0,0,0,0,0,0,0,0,0,0,0,0,0,0,0,0,0,0,0,0,0,0,0,
"(org.eclipse.collections.impl.jmh.AggregateByTest.aggregateByProduct_parallel_eager_ec,919485bd4a47bb300fa05a08bb11bf9838734c6d)",0,0,0,0,0,0,0,0,0,0,0,0,0,0,0,0,0,0,0,0,0,0,0,0,0,0,0,
"(org.eclipse.collections.impl.jmh.AnagramSetTest.serial_lazy_streams_ec,919485bd4a47bb300fa05a08bb11bf9838734c6d)",0,0,0,0,0,0,0,0,0,0,0,0,0,0,0,0,0,0,0,0,0,0,0,0,0,0,0,
"(org.eclipse.collections.impl.jmh.MaxTest.serial_lazy_jdk,919485bd4a47bb300fa05a08bb11bf9838734c6d)",0,0,0,0,0,0,0,0,0,0,0,0,0,0,0,0,0,0,0,0,0,0,0,0,0,0,0,
"(org.eclipse.collections.impl.jmh.AnagramBagTest.parallel_lazy_ec,919485bd4a47bb300fa05a08bb11bf9838734c6d)",0,0,0,0,0,0,0,0,0,0,0,0,0,0,0,0,0,0,0,0,0,0,0,0,0,0,0,
"(org.eclipse.collections.impl.jmh.GroupByListTest.groupBy_2_keys_serial_lazy_ec,919485bd4a47bb300fa05a08bb11bf9838734c6d)",0,0,0,0,0,0,0,0,0,0,0,0,0,0,0,0,0,0,0,0,0,0,0,0,0,0,0,
"(org.eclipse.collections.impl.jmh.CollectIfTest.serial_lazy_ec,919485bd4a47bb300fa05a08bb11bf9838734c6d)",0,0,0,0,0,0,0,0,0,0,0,0,0,0,0,0,0,0,0,0,0,0,0,0,0,0,0,
"(org.eclipse.collections.impl.jmh.AggregateByTest.aggregateByProduct_parallel_lazy_ec,919485bd4a47bb300fa05a08bb11bf9838734c6d)",0,0,0,0,0,0,0,0,0,0,0,0,0,0,0,0,0,0,0,0,0,0,0,0,0,0,0,
"(org.eclipse.collections.impl.jmh.SumByDoubleTest.sumByAccount_serial_lazy_jdk,919485bd4a47bb300fa05a08bb11bf9838734c6d)",0,0,0,0,0,0,0,0,0,0,0,0,0,0,0,0,0,0,0,0,0,0,0,0,0,0,0,
"(org.eclipse.collections.impl.jmh.AnySatisfyTest.process_all_serial_lazy_streams_ec,919485bd4a47bb300fa05a08bb11bf9838734c6d)",0,0,0,0,0,0,0,0,0,0,0,0,0,0,0,0,0,0,0,0,0,0,0,0,0,0,0,
"(org.eclipse.collections.impl.jmh.GroupBySetTest.groupBy_unordered_lists_10000_keys_serial_eager_guava,919485bd4a47bb300fa05a08bb11bf9838734c6d)",0,0,0,0,0,0,0,0,0,0,0,0,0,0,0,0,0,0,0,0,0,0,0,0,0,0,0,
"(org.eclipse.collections.impl.jmh.MaxByIntTest.maxByQuantity_serial_lazy_collect_lambda_jdk,919485bd4a47bb300fa05a08bb11bf9838734c6d)",0,0,0,0,0,0,0,0,0,0,0,0,0,0,0,0,0,0,0,0,0,0,0,0,0,0,0,
"(org.eclipse.collections.impl.jmh.FunctionalInterfaceTest.serial_eager_scala,919485bd4a47bb300fa05a08bb11bf9838734c6d)",0,0,0,0,0,0,0,0,0,0,0,0,0,0,0,0,0,0,0,0,0,0,0,0,0,0,0,
"(org.eclipse.collections.impl.jmh.MinTest.serial_lazy_jdk,919485bd4a47bb300fa05a08bb11bf9838734c6d)",0,0,0,0,0,0,0,0,0,0,0,0,0,0,0,0,0,0,0,0,0,0,0,0,0,0,0,
"(org.eclipse.collections.impl.jmh.IntIntMapLargeStressTest.kolobokeRemove,919485bd4a47bb300fa05a08bb11bf9838734c6d)",0,0,0,0,0,0,0,0,0,0,0,0,0,0,0,0,0,0,0,0,0,0,0,0,0,0,0,
"(org.eclipse.collections.impl.jmh.SelectTest.parallel_lazy_jdk,919485bd4a47bb300fa05a08bb11bf9838734c6d)",0,0,0,0,0,0,0,0,0,0,0,0,0,0,0,0,0,0,0,0,0,0,0,0,0,0,0,
"(org.eclipse.collections.impl.jmh.IntIntMapSmallStressTest.kolobokeRemove,919485bd4a47bb300fa05a08bb11bf9838734c6d)",0,0,0,0,0,0,0,0,0,0,0,0,0,0,0,0,0,0,0,0,0,0,0,0,0,0,0,
"(org.eclipse.collections.impl.jmh.GroupBySetTest.groupBy_unordered_lists_10000_keys_serial_lazy_ec,919485bd4a47bb300fa05a08bb11bf9838734c6d)",0,0,0,0,0,0,0,0,0,0,0,0,0,0,0,0,0,0,0,0,0,0,0,0,0,0,0,
"(org.eclipse.collections.impl.jmh.SumOfIntTest.parallel_lazy_mapToIntSum_jdk,919485bd4a47bb300fa05a08bb11bf9838734c6d)",0,0,0,0,0,0,0,0,0,0,0,0,0,0,0,0,0,0,0,0,0,0,0,0,0,0,0,
"(org.eclipse.collections.impl.jmh.GroupBySetTest.groupBy_100_keys_parallel_lazy_scala,919485bd4a47bb300fa05a08bb11bf9838734c6d)",0,0,0,0,0,0,0,0,0,0,0,0,0,0,0,0,0,0,0,0,0,0,0,0,0,0,0,
"(org.eclipse.collections.impl.jmh.AggregateByTest.aggregateInPlaceByCategory_parallel_eager_ec,919485bd4a47bb300fa05a08bb11bf9838734c6d)",0,0,0,0,0,0,0,0,0,0,0,0,0,0,0,0,0,0,0,0,0,0,0,0,0,0,0,
"(org.eclipse.collections.impl.jmh.AggregateByTest.aggregateByAccount_serial_lazy_ec,919485bd4a47bb300fa05a08bb11bf9838734c6d)",0,0,0,0,0,0,0,0,0,0,0,0,0,0,0,0,0,0,0,0,0,0,0,0,0,0,0,
"(org.eclipse.collections.impl.jmh.CollectIfTest.parallel_lazy_streams_ec,919485bd4a47bb300fa05a08bb11bf9838734c6d)",0,0,0,0,0,0,0,0,0,0,0,0,0,0,0,0,0,0,0,0,0,0,0,0,0,0,0,
"(org.eclipse.collections.impl.jmh.GroupBySetTest.groupBy_10000_keys_parallel_lazy_ec,919485bd4a47bb300fa05a08bb11bf9838734c6d)",0,0,0,0,0,0,0,0,0,0,0,0,0,0,0,0,0,0,0,0,0,0,0,0,0,0,0,
"(org.eclipse.collections.impl.jmh.set.sorted.SortedSetIterationTest.parallel_immutable_ec,919485bd4a47bb300fa05a08bb11bf9838734c6d)",0,0,0,0,0,0,0,0,0,0,0,0,0,0,0,0,0,0,0,0,0,0,0,0,0,0,0,
"(org.eclipse.collections.impl.jmh.ListAddAllTest.jdk,919485bd4a47bb300fa05a08bb11bf9838734c6d)",0,0,0,0,0,0,0,0,0,0,0,0,0,0,0,0,0,0,0,0,0,0,0,0,0,0,0,
"(org.eclipse.collections.impl.jmh.SumOfDoubleTest.serial_eager_directSumOfDouble_ec,919485bd4a47bb300fa05a08bb11bf9838734c6d)",0,0,0,0,0,0,0,0,0,0,0,0,0,0,0,0,0,0,0,0,0,0,0,0,0,0,0,
"(org.eclipse.collections.impl.jmh.AnagramBagTest.parallel_eager_forkjoin_ec,919485bd4a47bb300fa05a08bb11bf9838734c6d)",0,0,0,0,0,0,0,0,0,0,0,0,0,0,0,0,0,0,0,0,0,0,0,0,0,0,0,
"(org.eclipse.collections.impl.jmh.CountSetTest.serial_lazy_scala,919485bd4a47bb300fa05a08bb11bf9838734c6d)",0,0,0,0,0,0,0,0,0,0,0,0,0,0,0,0,0,0,0,0,0,0,0,0,0,0,0,
"(org.eclipse.collections.impl.jmh.GroupByListTest.groupBy_10000_keys_serial_eager_ec,919485bd4a47bb300fa05a08bb11bf9838734c6d)",0,0,0,0,0,0,0,0,0,0,0,0,0,0,0,0,0,0,0,0,0,0,0,0,0,0,0,
"(org.eclipse.collections.impl.jmh.CollectTest.serial_lazy_jdk,919485bd4a47bb300fa05a08bb11bf9838734c6d)",0,0,0,0,0,0,0,0,0,0,0,0,0,0,0,0,0,0,0,0,0,0,0,0,0,0,0,
"(org.eclipse.collections.impl.jmh.AnySatisfyTest.short_circuit_middle_parallel_lazy_scala,919485bd4a47bb300fa05a08bb11bf9838734c6d)",0,0,0,0,0,0,0,0,0,0,0,0,0,0,0,0,0,0,0,0,0,0,0,0,0,0,0,
"(org.eclipse.collections.impl.jmh.MinByIntTest.minByQuantity_serial_lazy_ec,919485bd4a47bb300fa05a08bb11bf9838734c6d)",0,0,0,0,0,0,0,0,0,0,0,0,0,0,0,0,0,0,0,0,0,0,0,0,0,0,0,
"(org.eclipse.collections.impl.jmh.IntIntMapSmallStressTest.ecPut,919485bd4a47bb300fa05a08bb11bf9838734c6d)",0,0,0,0,0,0,0,0,0,0,0,0,0,0,0,0,0,0,0,0,0,0,0,0,0,0,0,
"(org.eclipse.collections.impl.jmh.SumByDoubleTest.sumByCategory_parallel_lazy_jdk,919485bd4a47bb300fa05a08bb11bf9838734c6d)",0,0,0,0,0,0,0,0,0,0,0,0,0,0,0,0,0,0,0,0,0,0,0,0,0,0,0,
"(org.eclipse.collections.impl.jmh.SelectTest.parallel_eager_ec,919485bd4a47bb300fa05a08bb11bf9838734c6d)",0,0,0,0,0,0,0,0,0,0,0,0,0,0,0,0,0,0,0,0,0,0,0,0,0,0,0,
"(org.eclipse.collections.impl.jmh.set.sorted.SortedSetIterationTest.serial_mutable_ec,919485bd4a47bb300fa05a08bb11bf9838734c6d)",0,0,0,0,0,0,0,0,0,0,0,0,0,0,0,0,0,0,0,0,0,0,0,0,0,0,0,
"(org.eclipse.collections.impl.jmh.CountSetTest.parallel_lazy_streams_ec,919485bd4a47bb300fa05a08bb11bf9838734c6d)",0,0,0,0,0,0,0,0,0,0,0,0,0,0,0,0,0,0,0,0,0,0,0,0,0,0,0,
"(org.eclipse.collections.impl.jmh.set.sorted.SortedSetIterationTest.serial_immutable_ec,919485bd4a47bb300fa05a08bb11bf9838734c6d)",0,0,0,0,0,0,0,0,0,0,0,0,0,0,0,0,0,0,0,0,0,0,0,0,0,0,0,
"(org.eclipse.collections.impl.jmh.CollectorJoiningTest.parallel_lazy_makeString_ec,919485bd4a47bb300fa05a08bb11bf9838734c6d)",0,0,0,0,0,0,0,0,0,0,0,0,0,0,0,0,0,0,0,0,0,0,0,0,0,0,0,
"(org.eclipse.collections.impl.jmh.AggregateByTest.aggregateInPlaceByAccount_parallel_lazy_ec,919485bd4a47bb300fa05a08bb11bf9838734c6d)",0,0,0,0,0,0,0,0,0,0,0,0,0,0,0,0,0,0,0,0,0,0,0,0,0,0,0,
"(org.eclipse.collections.impl.jmh.MinByIntTest.minByQuantity_serial_lazy_direct_lambda_jdk,919485bd4a47bb300fa05a08bb11bf9838734c6d)",0,0,0,0,0,0,0,0,0,0,0,0,0,0,0,0,0,0,0,0,0,0,0,0,0,0,0,
"(org.eclipse.collections.impl.jmh.CollectorJoiningTest.serial_lazy_mapToStringJoining_jdk,919485bd4a47bb300fa05a08bb11bf9838734c6d)",0,0,0,0,0,0,0,0,0,0,0,0,0,0,0,0,0,0,0,0,0,0,0,0,0,0,0,
"(org.eclipse.collections.impl.jmh.GroupByListTest.groupBy_100_keys_serial_lazy_jdk,919485bd4a47bb300fa05a08bb11bf9838734c6d)",0,0,0,0,0,0,0,0,0,0,0,0,0,0,0,0,0,0,0,0,0,0,0,0,0,0,0,
"(org.eclipse.collections.impl.jmh.SumByDoubleTest.sumByAccount_parallel_eager_ec,919485bd4a47bb300fa05a08bb11bf9838734c6d)",0,0,0,0,0,0,0,0,0,0,0,0,0,0,0,0,0,0,0,0,0,0,0,0,0,0,0,
"(org.eclipse.collections.impl.jmh.FunctionalInterfaceTest.serial_lazy_ec,919485bd4a47bb300fa05a08bb11bf9838734c6d)",0,0,0,0,0,0,0,0,0,0,0,0,0,0,0,0,0,0,0,0,0,0,0,0,0,0,0,
"(org.eclipse.collections.impl.jmh.SumByBigDecimalTest.sumByBigDecimalCategory_serial_eager_ec,919485bd4a47bb300fa05a08bb11bf9838734c6d)",0,0,0,0,0,0,0,0,0,0,0,0,0,0,0,0,0,0,0,0,0,0,0,0,0,0,0,
"(org.eclipse.collections.impl.jmh.CollectTest.parallel_lazy_scala,919485bd4a47bb300fa05a08bb11bf9838734c6d)",0,0,0,0,0,0,0,0,0,0,0,0,0,0,0,0,0,0,0,0,0,0,0,0,0,0,0,
"(org.eclipse.collections.impl.jmh.NoneSatisfyTest.short_circuit_middle_serial_lazy_ec,919485bd4a47bb300fa05a08bb11bf9838734c6d)",0,0,0,0,0,0,0,0,0,0,0,0,0,0,0,0,0,0,0,0,0,0,0,0,0,0,0,
"(org.eclipse.collections.impl.jmh.IntIntMapSmallStressTest.kolobokeGet,919485bd4a47bb300fa05a08bb11bf9838734c6d)",0,0,0,0,0,0,0,0,0,0,0,0,0,0,0,0,0,0,0,0,0,0,0,0,0,0,0,
"(org.eclipse.collections.impl.jmh.CollectTest.serial_lazy_ec,919485bd4a47bb300fa05a08bb11bf9838734c6d)",0,0,0,0,0,0,0,0,0,0,0,0,0,0,0,0,0,0,0,0,0,0,0,0,0,0,0,
"(org.eclipse.collections.impl.jmh.LongIntMapTest.remove,919485bd4a47bb300fa05a08bb11bf9838734c6d)",0,0,0,0,0,0,0,0,0,0,0,0,0,0,0,0,0,0,0,0,0,0,0,0,0,0,0,
"(org.eclipse.collections.impl.jmh.AnagramBagTest.serial_lazy_streams_ec,919485bd4a47bb300fa05a08bb11bf9838734c6d)",0,0,0,0,0,0,0,0,0,0,0,0,0,0,0,0,0,0,0,0,0,0,0,0,0,0,0,
"(org.eclipse.collections.impl.jmh.CountSetTest.serial_lazy_ec,919485bd4a47bb300fa05a08bb11bf9838734c6d)",0,0,0,0,0,0,0,0,0,0,0,0,0,0,0,0,0,0,0,0,0,0,0,0,0,0,0,
"(org.eclipse.collections.impl.jmh.CollectIfTest.serial_lazy_streams_ec,919485bd4a47bb300fa05a08bb11bf9838734c6d)",0,0,0,0,0,0,0,0,0,0,0,0,0,0,0,0,0,0,0,0,0,0,0,0,0,0,0,
"(org.eclipse.collections.impl.jmh.CountSetTest.parallel_lazy_ec,919485bd4a47bb300fa05a08bb11bf9838734c6d)",0,0,0,0,0,0,0,0,0,0,0,0,0,0,0,0,0,0,0,0,0,0,0,0,0,0,0,
"(org.eclipse.collections.impl.jmh.map.ScalaImmutableMapGetTest.get,919485bd4a47bb300fa05a08bb11bf9838734c6d)",0,0,0,0,0,0,0,0,0,0,0,0,0,0,0,0,0,0,0,0,0,0,0,0,0,0,0,
"(org.eclipse.collections.impl.jmh.AnySatisfyTest.short_circuit_middle_serial_eager_scala,919485bd4a47bb300fa05a08bb11bf9838734c6d)",0,0,0,0,0,0,0,0,0,0,0,0,0,0,0,0,0,0,0,0,0,0,0,0,0,0,0,
"(org.eclipse.collections.impl.jmh.map.ChainMapPutTest.ec,919485bd4a47bb300fa05a08bb11bf9838734c6d)",0,0,0,0,0,0,0,0,0,0,0,0,0,0,0,0,0,0,0,0,0,0,0,0,0,0,0,
"(org.eclipse.collections.impl.jmh.AggregateByTest.aggregateByAccount_parallel_eager_ec,919485bd4a47bb300fa05a08bb11bf9838734c6d)",0,0,0,0,0,0,0,0,0,0,0,0,0,0,0,0,0,0,0,0,0,0,0,0,0,0,0,
"(org.eclipse.collections.impl.jmh.FunctionalInterfaceTest.parallel_lazy_ec_hand_coded,919485bd4a47bb300fa05a08bb11bf9838734c6d)",0,0,0,0,0,0,0,0,0,0,0,0,0,0,0,0,0,0,0,0,0,0,0,0,0,0,0,
"(org.eclipse.collections.impl.jmh.SumByDoubleTest.sumByProduct_parallel_lazy_streams_ec,919485bd4a47bb300fa05a08bb11bf9838734c6d)",0,0,0,0,0,0,0,0,0,0,0,0,0,0,0,0,0,0,0,0,0,0,0,0,0,0,0,
"(org.eclipse.collections.impl.jmh.AnagramListTest.parallel_lazy_streams_ec,919485bd4a47bb300fa05a08bb11bf9838734c6d)",0,0,0,0,0,0,0,0,0,0,0,0,0,0,0,0,0,0,0,0,0,0,0,0,0,0,0,
"(org.eclipse.collections.impl.jmh.CountSetTest.serial_eager_scala,919485bd4a47bb300fa05a08bb11bf9838734c6d)",0,0,0,0,0,0,0,0,0,0,0,0,0,0,0,0,0,0,0,0,0,0,0,0,0,0,0,
"(org.eclipse.collections.impl.jmh.LongLongMapLargeStressTest.ecPut,919485bd4a47bb300fa05a08bb11bf9838734c6d)",0,0,0,0,0,0,0,0,0,0,0,0,0,0,0,0,0,0,0,0,0,0,0,0,0,0,0,
"(org.eclipse.collections.impl.jmh.GroupBySetTest.groupBy_10000_keys_serial_lazy_jdk,919485bd4a47bb300fa05a08bb11bf9838734c6d)",0,0,0,0,0,0,0,0,0,0,0,0,0,0,0,0,0,0,0,0,0,0,0,0,0,0,0,
"(org.eclipse.collections.impl.jmh.GroupBySetTest.groupBy_100_keys_serial_lazy_jdk,919485bd4a47bb300fa05a08bb11bf9838734c6d)",0,0,0,0,0,0,0,0,0,0,0,0,0,0,0,0,0,0,0,0,0,0,0,0,0,0,0,
"(org.eclipse.collections.impl.jmh.MaxTest.parallel_lazy_ec,919485bd4a47bb300fa05a08bb11bf9838734c6d)",0,0,0,0,0,0,0,0,0,0,0,0,0,0,0,0,0,0,0,0,0,0,0,0,0,0,0,
"(org.eclipse.collections.impl.jmh.AggregateByTest.aggregateByAccount_parallel_lazy_streams_ec,919485bd4a47bb300fa05a08bb11bf9838734c6d)",0,0,0,0,0,0,0,0,0,0,0,0,0,0,0,0,0,0,0,0,0,0,0,0,0,0,0,
"(org.eclipse.collections.impl.jmh.GroupBySetTest.groupBy_100_keys_parallel_lazy_jdk,919485bd4a47bb300fa05a08bb11bf9838734c6d)",0,0,0,0,0,0,0,0,0,0,0,0,0,0,0,0,0,0,0,0,0,0,0,0,0,0,0,
"(org.eclipse.collections.impl.jmh.AnySatisfyTest.short_circuit_middle_serial_eager_ec,919485bd4a47bb300fa05a08bb11bf9838734c6d)",0,0,0,0,0,0,0,0,0,0,0,0,0,0,0,0,0,0,0,0,0,0,0,0,0,0,0,
"(org.eclipse.collections.impl.jmh.AllSatisfyTest.short_circuit_middle_serial_lazy_streams_ec,919485bd4a47bb300fa05a08bb11bf9838734c6d)",0,0,0,0,0,0,0,0,0,0,0,0,0,0,0,0,0,0,0,0,0,0,0,0,0,0,0,
"(org.eclipse.collections.impl.jmh.GroupByListTest.groupBy_10000_keys_serial_lazy_scala,919485bd4a47bb300fa05a08bb11bf9838734c6d)",0,0,0,0,0,0,0,0,0,0,0,0,0,0,0,0,0,0,0,0,0,0,0,0,0,0,0,
"(org.eclipse.collections.impl.jmh.GroupByListTest.groupBy_100_keys_serial_lazy_ec,919485bd4a47bb300fa05a08bb11bf9838734c6d)",0,0,0,0,0,0,0,0,0,0,0,0,0,0,0,0,0,0,0,0,0,0,0,0,0,0,0,
"(org.eclipse.collections.impl.jmh.GroupBySetTest.groupBy_unordered_lists_100_keys_serial_lazy_ec,919485bd4a47bb300fa05a08bb11bf9838734c6d)",0,0,0,0,0,0,0,0,0,0,0,0,0,0,0,0,0,0,0,0,0,0,0,0,0,0,0,
"(org.eclipse.collections.impl.jmh.MinByIntTest.minByQuantity_parallel_lazy_collect_lambda_jdk,919485bd4a47bb300fa05a08bb11bf9838734c6d)",0,0,0,0,0,0,0,0,0,0,0,0,0,0,0,0,0,0,0,0,0,0,0,0,0,0,0,
"(org.eclipse.collections.impl.jmh.NoneSatisfyTest.process_none_serial_eager_ec,919485bd4a47bb300fa05a08bb11bf9838734c6d)",0,0,0,0,0,0,0,0,0,0,0,0,0,0,0,0,0,0,0,0,0,0,0,0,0,0,0,
"(org.eclipse.collections.impl.jmh.CountTest.parallel_lazy_jdk,919485bd4a47bb300fa05a08bb11bf9838734c6d)",0,0,0,0,0,0,0,0,0,0,0,0,0,0,0,0,0,0,0,0,0,0,0,0,0,0,0,
"(org.eclipse.collections.impl.jmh.PartitionTest.serial_lazy_streams_ec,919485bd4a47bb300fa05a08bb11bf9838734c6d)",0,0,0,0,0,0,0,0,0,0,0,0,0,0,0,0,0,0,0,0,0,0,0,0,0,0,0,
"(org.eclipse.collections.impl.jmh.SumByBigDecimalTest.sumByBigDecimalCategory_parallel_eager_ec,919485bd4a47bb300fa05a08bb11bf9838734c6d)",0,0,0,0,0,0,0,0,0,0,0,0,0,0,0,0,0,0,0,0,0,0,0,0,0,0,0,
"(org.eclipse.collections.impl.jmh.IntIntMapLargeStressTest.kolobokePut,919485bd4a47bb300fa05a08bb11bf9838734c6d)",0,0,0,0,0,0,0,0,0,0,0,0,0,0,0,0,0,0,0,0,0,0,0,0,0,0,0,
"(org.eclipse.collections.impl.jmh.MaxByDoubleTest.maxByMarketValue_serial_lazy_ec,919485bd4a47bb300fa05a08bb11bf9838734c6d)",0,0,0,0,0,0,0,0,0,0,0,0,0,0,0,0,0,0,0,0,0,0,0,0,0,0,0,
"(org.eclipse.collections.impl.jmh.MinTest.parallel_lazy_streams_ec,919485bd4a47bb300fa05a08bb11bf9838734c6d)",0,0,0,0,0,0,0,0,0,0,0,0,0,0,0,0,0,0,0,0,0,0,0,0,0,0,0,
"(org.eclipse.collections.impl.jmh.CollectTest.parallel_lazy_streams_ec,919485bd4a47bb300fa05a08bb11bf9838734c6d)",0,0,0,0,0,0,0,0,0,0,0,0,0,0,0,0,0,0,0,0,0,0,0,0,0,0,0,
"(org.eclipse.collections.impl.jmh.CountTest.serial_lazy_scala,919485bd4a47bb300fa05a08bb11bf9838734c6d)",0,0,0,0,0,0,0,0,0,0,0,0,0,0,0,0,0,0,0,0,0,0,0,0,0,0,0,
"(org.eclipse.collections.impl.jmh.MaxTest.parallel_lazy_reverse_ec,919485bd4a47bb300fa05a08bb11bf9838734c6d)",0,0,0,0,0,0,0,0,0,0,0,0,0,0,0,0,0,0,0,0,0,0,0,0,0,0,0,
"(org.eclipse.collections.impl.jmh.MinByDoubleTest.minByMarketValue_parallel_lazy_collect_methodref_jdk,919485bd4a47bb300fa05a08bb11bf9838734c6d)",0,0,0,0,0,0,0,0,0,0,0,0,0,0,0,0,0,0,0,0,0,0,0,0,0,0,0,
"(org.eclipse.collections.impl.jmh.MinTest.serial_lazy_intstream_jdk,919485bd4a47bb300fa05a08bb11bf9838734c6d)",0,0,0,0,0,0,0,0,0,0,0,0,0,0,0,0,0,0,0,0,0,0,0,0,0,0,0,
"(org.eclipse.collections.impl.jmh.PartitionTest.serial_lazy_ec,919485bd4a47bb300fa05a08bb11bf9838734c6d)",0,0,0,0,0,0,0,0,0,0,0,0,0,0,0,0,0,0,0,0,0,0,0,0,0,0,0,
"(org.eclipse.collections.impl.jmh.SelectTest.serial_lazy_ec,919485bd4a47bb300fa05a08bb11bf9838734c6d)",0,0,0,0,0,0,0,0,0,0,0,0,0,0,0,0,0,0,0,0,0,0,0,0,0,0,0,
"(org.eclipse.collections.impl.jmh.SumOfIntTest.serial_lazy_collectIntSum_ec,919485bd4a47bb300fa05a08bb11bf9838734c6d)",0,0,0,0,0,0,0,0,0,0,0,0,0,0,0,0,0,0,0,0,0,0,0,0,0,0,0,
"(org.eclipse.collections.impl.jmh.AnySatisfyTest.short_circuit_middle_parallel_lazy_jdk,919485bd4a47bb300fa05a08bb11bf9838734c6d)",0,0,0,0,0,0,0,0,0,0,0,0,0,0,0,0,0,0,0,0,0,0,0,0,0,0,0,
"(org.eclipse.collections.impl.jmh.MaxByDoubleTest.maxByMarketValue_serial_lazy_direct_lambda_jdk,919485bd4a47bb300fa05a08bb11bf9838734c6d)",0,0,0,0,0,0,0,0,0,0,0,0,0,0,0,0,0,0,0,0,0,0,0,0,0,0,0,
"(org.eclipse.collections.impl.jmh.CountTest.serial_lazy_ec,919485bd4a47bb300fa05a08bb11bf9838734c6d)",0,0,0,0,0,0,0,0,0,0,0,0,0,0,0,0,0,0,0,0,0,0,0,0,0,0,0,
"(org.eclipse.collections.impl.jmh.GroupBySetTest.groupBy_100_keys_serial_lazy_streams_ec,919485bd4a47bb300fa05a08bb11bf9838734c6d)",0,0,0,0,0,0,0,0,0,0,0,0,0,0,0,0,0,0,0,0,0,0,0,0,0,0,0,
"(org.eclipse.collections.impl.jmh.SumByDoubleTest.sumByCategory_serial_lazy_streams_ec,919485bd4a47bb300fa05a08bb11bf9838734c6d)",0,0,0,0,0,0,0,0,0,0,0,0,0,0,0,0,0,0,0,0,0,0,0,0,0,0,0,
"(org.eclipse.collections.impl.jmh.ListEqualTest.ec,919485bd4a47bb300fa05a08bb11bf9838734c6d)",0,0,0,0,0,0,0,0,0,0,0,0,0,0,0,0,0,0,0,0,0,0,0,0,0,0,0,
"(org.eclipse.collections.impl.jmh.AnagramSetTest.parallel_lazy_jdk,919485bd4a47bb300fa05a08bb11bf9838734c6d)",0,0,0,0,0,0,0,0,0,0,0,0,0,0,0,0,0,0,0,0,0,0,0,0,0,0,0,
"(org.eclipse.collections.impl.jmh.SumByBigDecimalTest.sumByBigDecimalAccount_serial_eager_ec,919485bd4a47bb300fa05a08bb11bf9838734c6d)",0,0,0,0,0,0,0,0,0,0,0,0,0,0,0,0,0,0,0,0,0,0,0,0,0,0,0,
"(org.eclipse.collections.impl.jmh.CountSetTest.parallel_eager_ec,919485bd4a47bb300fa05a08bb11bf9838734c6d)",0,0,0,0,0,0,0,0,0,0,0,0,0,0,0,0,0,0,0,0,0,0,0,0,0,0,0,
"(org.eclipse.collections.impl.jmh.MaxByIntTest.maxByQuantity_serial_eager_ec,919485bd4a47bb300fa05a08bb11bf9838734c6d)",0,0,0,0,0,0,0,0,0,0,0,0,0,0,0,0,0,0,0,0,0,0,0,0,0,0,0,
"(org.eclipse.collections.impl.jmh.SumByDoubleTest.sumByAccount_parallel_lazy_streams_ec,919485bd4a47bb300fa05a08bb11bf9838734c6d)",0,0,0,0,0,0,0,0,0,0,0,0,0,0,0,0,0,0,0,0,0,0,0,0,0,0,0,
"(org.eclipse.collections.impl.jmh.set.sorted.SortedSetContainsTest.contains_mutable_scala,919485bd4a47bb300fa05a08bb11bf9838734c6d)",0,0,0,0,0,0,0,0,0,0,0,0,0,0,0,0,0,0,0,0,0,0,0,0,0,0,0,
"(org.eclipse.collections.impl.jmh.map.KolobokeMapPutTest.koloboke,919485bd4a47bb300fa05a08bb11bf9838734c6d)",0,0,0,0,0,0,0,0,0,0,0,0,0,0,0,0,0,0,0,0,0,0,0,0,0,0,0,
"(org.eclipse.collections.impl.jmh.SumOfDoubleTest.serial_lazy_directSumOfDouble_ec,75fbfd409df7e8b84f6b0d28f4303d59487bf7ec)",0,0,0,0,0,0,0,0,0,0,0,0,0,0,0,0,0,0,0,0,0,0,0,0,0,0,0,
"(org.eclipse.collections.impl.jmh.IntIntMapSmallStressTest.ecGet,75fbfd409df7e8b84f6b0d28f4303d59487bf7ec)",0,0,0,0,0,0,0,0,0,0,0,0,0,0,0,0,0,0,0,0,0,0,0,0,0,0,0,
"(org.eclipse.collections.impl.jmh.FunctionalInterfaceTest.parallel_lazy_ec,75fbfd409df7e8b84f6b0d28f4303d59487bf7ec)",0,0,0,0,0,0,0,0,0,0,0,0,0,0,0,0,0,0,0,0,0,0,0,0,0,0,0,
"(org.eclipse.collections.impl.jmh.LongLongMapSmallStressTest.kolobokeGet,75fbfd409df7e8b84f6b0d28f4303d59487bf7ec)",0,0,0,0,0,0,0,0,0,0,0,0,0,0,0,0,0,0,0,0,0,0,0,0,0,0,0,
"(org.eclipse.collections.impl.jmh.SumOfDoubleTest.serial_lazy_collectDoubleSum_jdk,75fbfd409df7e8b84f6b0d28f4303d59487bf7ec)",0,0,0,0,0,0,0,0,0,0,0,0,0,0,0,0,0,0,0,0,0,0,0,0,0,0,0,
"(org.eclipse.collections.impl.jmh.set.sorted.SortedSetContainsTest.contains_mutable_ec,75fbfd409df7e8b84f6b0d28f4303d59487bf7ec)",0,0,0,0,0,0,0,0,0,0,0,0,0,0,0,0,0,0,0,0,0,0,0,0,0,0,0,
"(org.eclipse.collections.impl.jmh.MinByDoubleTest.minByMarketValue_serial_lazy_collect_lambda_jdk,75fbfd409df7e8b84f6b0d28f4303d59487bf7ec)",0,0,0,0,0,0,0,0,0,0,0,0,0,0,0,0,0,0,0,0,0,0,0,0,0,0,0,
"(org.eclipse.collections.impl.jmh.GroupByListTest.groupBy_100_keys_serial_eager_guava,75fbfd409df7e8b84f6b0d28f4303d59487bf7ec)",0,0,0,0,0,0,0,0,0,0,0,0,0,0,0,0,0,0,0,0,0,0,0,0,0,0,0,
"(org.eclipse.collections.impl.jmh.AnagramSetTest.parallel_lazy_ec,75fbfd409df7e8b84f6b0d28f4303d59487bf7ec)",0,0,0,0,0,0,0,0,0,0,0,0,0,0,0,0,0,0,0,0,0,0,0,0,0,0,0,
"(org.eclipse.collections.impl.jmh.MaxByIntTest.maxByQuantity_parallel_lazy_direct_lambda_jdk,75fbfd409df7e8b84f6b0d28f4303d59487bf7ec)",0,0,0,0,0,0,0,0,0,0,0,0,0,0,0,0,0,0,0,0,0,0,0,0,0,0,0,
"(org.eclipse.collections.impl.jmh.MinTest.serial_eager_ec,75fbfd409df7e8b84f6b0d28f4303d59487bf7ec)",0,0,0,0,0,0,0,0,0,0,0,0,0,0,0,0,0,0,0,0,0,0,0,0,0,0,0,
"(org.eclipse.collections.impl.jmh.GroupBySetTest.groupBy_2_keys_parallel_lazy_ec,75fbfd409df7e8b84f6b0d28f4303d59487bf7ec)",0,0,0,0,0,0,0,0,0,0,0,0,0,0,0,0,0,0,0,0,0,0,0,0,0,0,0,
"(org.eclipse.collections.impl.jmh.AggregateByTest.aggregateByAccount_parallel_lazy_ec,75fbfd409df7e8b84f6b0d28f4303d59487bf7ec)",0,0,0,0,0,0,0,0,0,0,0,0,0,0,0,0,0,0,0,0,0,0,0,0,0,0,0,
"(org.eclipse.collections.impl.jmh.CollectTest.parallel_lazy_jdk,75fbfd409df7e8b84f6b0d28f4303d59487bf7ec)",0,0,0,0,0,0,0,0,0,0,0,0,0,0,0,0,0,0,0,0,0,0,0,0,0,0,0,
"(org.eclipse.collections.impl.jmh.IntIntMapTest.put,75fbfd409df7e8b84f6b0d28f4303d59487bf7ec)",0,0,0,0,0,0,0,0,0,0,0,0,0,0,0,0,0,0,0,0,0,0,0,0,0,0,0,
"(org.eclipse.collections.impl.jmh.RejectTest.serial_lazy_streams_ec_lambda_negate,75fbfd409df7e8b84f6b0d28f4303d59487bf7ec)",0,0,0,0,0,0,0,0,0,0,0,0,0,0,0,0,0,0,0,0,0,0,0,0,0,0,0,
"(org.eclipse.collections.impl.jmh.AggregateByTest.aggregateByProduct_serial_lazy_ec,75fbfd409df7e8b84f6b0d28f4303d59487bf7ec)",0,0,0,0,0,0,0,0,0,0,0,0,0,0,0,0,0,0,0,0,0,0,0,0,0,0,0,
"(org.eclipse.collections.impl.jmh.IntIntMapLargeStressTest.jdkGet,75fbfd409df7e8b84f6b0d28f4303d59487bf7ec)",0,0,0,0,0,0,0,0,0,0,0,0,0,0,0,0,0,0,0,0,0,0,0,0,0,0,0,
"(org.eclipse.collections.impl.jmh.GroupByListTest.groupBy_100_keys_serial_eager_ec,75fbfd409df7e8b84f6b0d28f4303d59487bf7ec)",0,0,0,0,0,0,0,0,0,0,0,0,0,0,0,0,0,0,0,0,0,0,0,0,0,0,0,
"(org.eclipse.collections.impl.jmh.AggregateByTest.aggregateByProduct_serial_eager_ec,75fbfd409df7e8b84f6b0d28f4303d59487bf7ec)",0,0,0,0,0,0,0,0,0,0,0,0,0,0,0,0,0,0,0,0,0,0,0,0,0,0,0,
"(org.eclipse.collections.impl.jmh.MaxTest.serial_lazy_intstream_jdk,75fbfd409df7e8b84f6b0d28f4303d59487bf7ec)",0,0,0,0,0,0,0,0,0,0,0,0,0,0,0,0,0,0,0,0,0,0,0,0,0,0,0,
"(org.eclipse.collections.impl.jmh.FlatCollectTest.serial_lazy_jdk,75fbfd409df7e8b84f6b0d28f4303d59487bf7ec)",0,0,0,0,0,0,0,0,0,0,0,0,0,0,0,0,0,0,0,0,0,0,0,0,0,0,0,
"(org.eclipse.collections.impl.jmh.GroupBySetTest.groupBy_unordered_lists_2_keys_serial_eager_guava,75fbfd409df7e8b84f6b0d28f4303d59487bf7ec)",0,0,0,0,0,0,0,0,0,0,0,0,0,0,0,0,0,0,0,0,0,0,0,0,0,0,0,
"(org.eclipse.collections.impl.jmh.AnagramListTest.parallel_eager_forkjoin_ec,75fbfd409df7e8b84f6b0d28f4303d59487bf7ec)",0,0,0,0,0,0,0,0,0,0,0,0,0,0,0,0,0,0,0,0,0,0,0,0,0,0,0,
"(org.eclipse.collections.impl.jmh.AnySatisfyTest.process_all_serial_lazy_ec,75fbfd409df7e8b84f6b0d28f4303d59487bf7ec)",0,0,0,0,0,0,0,0,0,0,0,0,0,0,0,0,0,0,0,0,0,0,0,0,0,0,0,
"(org.eclipse.collections.impl.jmh.FunctionalInterfaceSetTest.serial_lazy_jdk,75fbfd409df7e8b84f6b0d28f4303d59487bf7ec)",0,0,0,0,0,0,0,0,0,0,0,0,0,0,0,0,0,0,0,0,0,0,0,0,0,0,0,
"(org.eclipse.collections.impl.jmh.MaxByIntTest.maxByQuantity_serial_lazy_direct_lambda_jdk,75fbfd409df7e8b84f6b0d28f4303d59487bf7ec)",0,0,0,0,0,0,0,0,0,0,0,0,0,0,0,0,0,0,0,0,0,0,0,0,0,0,0,
"(org.eclipse.collections.impl.jmh.MaxTest.parallel_lazy_intstream_jdk,75fbfd409df7e8b84f6b0d28f4303d59487bf7ec)",0,0,0,0,0,0,0,0,0,0,0,0,0,0,0,0,0,0,0,0,0,0,0,0,0,0,0,
"(org.eclipse.collections.impl.jmh.SumOfDoubleTest.serial_lazy_collectDoubleSum_ec,75fbfd409df7e8b84f6b0d28f4303d59487bf7ec)",0,0,0,0,0,0,0,0,0,0,0,0,0,0,0,0,0,0,0,0,0,0,0,0,0,0,0,
"(org.eclipse.collections.impl.jmh.AggregateByTest.aggregateByCategory_serial_eager_ec,75fbfd409df7e8b84f6b0d28f4303d59487bf7ec)",0,0,0,0,0,0,0,0,0,0,0,0,0,0,0,0,0,0,0,0,0,0,0,0,0,0,0,
"(org.eclipse.collections.impl.jmh.IntIntMapTest.get,75fbfd409df7e8b84f6b0d28f4303d59487bf7ec)",0,0,0,0,0,0,0,0,0,0,0,0,0,0,0,0,0,0,0,0,0,0,0,0,0,0,0,
"(org.eclipse.collections.impl.jmh.AggregateByTest.aggregateInPlaceByProduct_serial_eager_ec,75fbfd409df7e8b84f6b0d28f4303d59487bf7ec)",0,0,0,0,0,0,0,0,0,0,0,0,0,0,0,0,0,0,0,0,0,0,0,0,0,0,0,
"(org.eclipse.collections.impl.jmh.LongLongMapLargeStressTest.kolobokePut,75fbfd409df7e8b84f6b0d28f4303d59487bf7ec)",0,0,0,0,0,0,0,0,0,0,0,0,0,0,0,0,0,0,0,0,0,0,0,0,0,0,0,
"(org.eclipse.collections.impl.jmh.MaxTest.serial_lazy_reverse_ec,75fbfd409df7e8b84f6b0d28f4303d59487bf7ec)",0,0,0,0,0,0,0,0,0,0,0,0,0,0,0,0,0,0,0,0,0,0,0,0,0,0,0,
"(org.eclipse.collections.impl.jmh.GroupBySetTest.groupBy_2_keys_serial_lazy_scala,75fbfd409df7e8b84f6b0d28f4303d59487bf7ec)",0,0,0,0,0,0,0,0,0,0,0,0,0,0,0,0,0,0,0,0,0,0,0,0,0,0,0,
"(org.eclipse.collections.impl.jmh.GroupByListTest.groupBy_2_keys_serial_eager_guava,75fbfd409df7e8b84f6b0d28f4303d59487bf7ec)",0,0,0,0,0,0,0,0,0,0,0,0,0,0,0,0,0,0,0,0,0,0,0,0,0,0,0,
"(org.eclipse.collections.impl.jmh.AnySatisfyTest.short_circuit_middle_serial_lazy_scala,75fbfd409df7e8b84f6b0d28f4303d59487bf7ec)",0,0,0,0,0,0,0,0,0,0,0,0,0,0,0,0,0,0,0,0,0,0,0,0,0,0,0,
"(org.eclipse.collections.impl.jmh.GroupBySetTest.groupBy_2_keys_parallel_lazy_scala,75fbfd409df7e8b84f6b0d28f4303d59487bf7ec)",0,0,0,0,0,0,0,0,0,0,0,0,0,0,0,0,0,0,0,0,0,0,0,0,0,0,0,
"(org.eclipse.collections.impl.jmh.FunctionalInterfaceTest.parallel_eager_ec,75fbfd409df7e8b84f6b0d28f4303d59487bf7ec)",0,0,0,0,0,0,0,0,0,0,0,0,0,0,0,0,0,0,0,0,0,0,0,0,0,0,0,
"(org.eclipse.collections.impl.jmh.AggregateByTest.aggregateByProduct_serial_lazy_streams_ec,75fbfd409df7e8b84f6b0d28f4303d59487bf7ec)",0,0,0,0,0,0,0,0,0,0,0,0,0,0,0,0,0,0,0,0,0,0,0,0,0,0,0,
"(org.eclipse.collections.impl.jmh.FunctionalInterfaceTest.serial_eager_ec_hand_coded,75fbfd409df7e8b84f6b0d28f4303d59487bf7ec)",0,0,0,0,0,0,0,0,0,0,0,0,0,0,0,0,0,0,0,0,0,0,0,0,0,0,0,
"(org.eclipse.collections.impl.jmh.SumByDoubleTest.sumByAccount_serial_lazy_streams_ec,75fbfd409df7e8b84f6b0d28f4303d59487bf7ec)",0,0,0,0,0,0,0,0,0,0,0,0,0,0,0,0,0,0,0,0,0,0,0,0,0,0,0,
"(org.eclipse.collections.impl.jmh.AllSatisfyTest.short_circuit_middle_parallel_lazy_jdk,75fbfd409df7e8b84f6b0d28f4303d59487bf7ec)",0,0,0,0,0,0,0,0,0,0,0,0,0,0,0,0,0,0,0,0,0,0,0,0,0,0,0,
"(org.eclipse.collections.impl.jmh.map.JdkMutableMapGetTest.get,75fbfd409df7e8b84f6b0d28f4303d59487bf7ec)",0,0,0,0,0,0,0,0,0,0,0,0,0,0,0,0,0,0,0,0,0,0,0,0,0,0,0,
"(org.eclipse.collections.impl.jmh.GroupBySetTest.groupBy_unordered_lists_100_keys_serial_eager_guava,75fbfd409df7e8b84f6b0d28f4303d59487bf7ec)",0,0,0,0,0,0,0,0,0,0,0,0,0,0,0,0,0,0,0,0,0,0,0,0,0,0,0,
"(org.eclipse.collections.impl.jmh.AggregateByTest.aggregateInPlaceByCategory_serial_eager_ec,75fbfd409df7e8b84f6b0d28f4303d59487bf7ec)",0,0,0,0,0,0,0,0,0,0,0,0,0,0,0,0,0,0,0,0,0,0,0,0,0,0,0,
"(org.eclipse.collections.impl.jmh.MaxTest.parallel_lazy_streams_ec,75fbfd409df7e8b84f6b0d28f4303d59487bf7ec)",0,0,0,0,0,0,0,0,0,0,0,0,0,0,0,0,0,0,0,0,0,0,0,0,0,0,0,
"(org.eclipse.collections.impl.jmh.SumOfDoubleTest.parallel_lazy_directSumOfDouble_ec,75fbfd409df7e8b84f6b0d28f4303d59487bf7ec)",0,0,0,0,0,0,0,0,0,0,0,0,0,0,0,0,0,0,0,0,0,0,0,0,0,0,0,
"(org.eclipse.collections.impl.jmh.GroupBySetTest.groupBy_10000_keys_serial_lazy_scala,75fbfd409df7e8b84f6b0d28f4303d59487bf7ec)",0,0,0,0,0,0,0,0,0,0,0,0,0,0,0,0,0,0,0,0,0,0,0,0,0,0,0,
"(org.eclipse.collections.impl.jmh.GroupBySetTest.groupBy_100_keys_serial_eager_ec,75fbfd409df7e8b84f6b0d28f4303d59487bf7ec)",0,0,0,0,0,0,0,0,0,0,0,0,0,0,0,0,0,0,0,0,0,0,0,0,0,0,0,
"(org.eclipse.collections.impl.jmh.MinTest.serial_eager_reverse_ec,75fbfd409df7e8b84f6b0d28f4303d59487bf7ec)",0,0,0,0,0,0,0,0,0,0,0,0,0,0,0,0,0,0,0,0,0,0,0,0,0,0,0,
"(org.eclipse.collections.impl.jmh.AggregateByTest.aggregateByProduct_parallel_lazy_jdk,75fbfd409df7e8b84f6b0d28f4303d59487bf7ec)",0,0,0,0,0,0,0,0,0,0,0,0,0,0,0,0,0,0,0,0,0,0,0,0,0,0,0,
"(org.eclipse.collections.impl.jmh.AggregateByTest.aggregateByAccount_serial_eager_ec,75fbfd409df7e8b84f6b0d28f4303d59487bf7ec)",0,0,0,0,0,0,0,0,0,0,0,0,0,0,0,0,0,0,0,0,0,0,0,0,0,0,0,
"(org.eclipse.collections.impl.jmh.AggregateByTest.aggregateInPlaceByAccount_serial_eager_ec,75fbfd409df7e8b84f6b0d28f4303d59487bf7ec)",0,0,0,0,0,0,0,0,0,0,0,0,0,0,0,0,0,0,0,0,0,0,0,0,0,0,0,
"(org.eclipse.collections.impl.jmh.GroupBySetTest.groupBy_100_keys_serial_lazy_scala,75fbfd409df7e8b84f6b0d28f4303d59487bf7ec)",0,0,0,0,0,0,0,0,0,0,0,0,0,0,0,0,0,0,0,0,0,0,0,0,0,0,0,
"(org.eclipse.collections.impl.jmh.map.ChainMapPutTest.hppc,75fbfd409df7e8b84f6b0d28f4303d59487bf7ec)",0,0,0,0,0,0,0,0,0,0,0,0,0,0,0,0,0,0,0,0,0,0,0,0,0,0,0,
"(org.eclipse.collections.impl.jmh.SelectTest.serial_lazy_jdk,75fbfd409df7e8b84f6b0d28f4303d59487bf7ec)",0,0,0,0,0,0,0,0,0,0,0,0,0,0,0,0,0,0,0,0,0,0,0,0,0,0,0,
"(org.eclipse.collections.impl.jmh.MaxTest.parallel_lazy_jdk,75fbfd409df7e8b84f6b0d28f4303d59487bf7ec)",0,0,0,0,0,0,0,0,0,0,0,0,0,0,0,0,0,0,0,0,0,0,0,0,0,0,0,
"(org.eclipse.collections.impl.jmh.AnySatisfyTest.process_all_serial_eager_scala,75fbfd409df7e8b84f6b0d28f4303d59487bf7ec)",0,0,0,0,0,0,0,0,0,0,0,0,0,0,0,0,0,0,0,0,0,0,0,0,0,0,0,
"(org.eclipse.collections.impl.jmh.SumByBigDecimalTest.sumByBigDecimalProduct_parallel_eager_ec,75fbfd409df7e8b84f6b0d28f4303d59487bf7ec)",0,0,0,0,0,0,0,0,0,0,0,0,0,0,0,0,0,0,0,0,0,0,0,0,0,0,0,
"(org.eclipse.collections.impl.jmh.CollectTest.parallel_eager_ec,75fbfd409df7e8b84f6b0d28f4303d59487bf7ec)",0,0,0,0,0,0,0,0,0,0,0,0,0,0,0,0,0,0,0,0,0,0,0,0,0,0,0,
"(org.eclipse.collections.impl.jmh.FunctionalInterfaceSetTest.parallel_lazy_jdk,75fbfd409df7e8b84f6b0d28f4303d59487bf7ec)",0,0,0,0,0,0,0,0,0,0,0,0,0,0,0,0,0,0,0,0,0,0,0,0,0,0,0,
"(org.eclipse.collections.impl.jmh.SumOfIntTest.serial_lazy_collectLongSum_streams_ec,75fbfd409df7e8b84f6b0d28f4303d59487bf7ec)",0,0,0,0,0,0,0,0,0,0,0,0,0,0,0,0,0,0,0,0,0,0,0,0,0,0,0,
"(org.eclipse.collections.impl.jmh.GroupByListTest.groupBy_2_keys_serial_lazy_scala,75fbfd409df7e8b84f6b0d28f4303d59487bf7ec)",0,0,0,0,0,0,0,0,0,0,0,0,0,0,0,0,0,0,0,0,0,0,0,0,0,0,0,
"(org.eclipse.collections.impl.jmh.GroupBySetTest.groupBy_10000_keys_serial_eager_ec,75fbfd409df7e8b84f6b0d28f4303d59487bf7ec)",0,0,0,0,0,0,0,0,0,0,0,0,0,0,0,0,0,0,0,0,0,0,0,0,0,0,0,
"(org.eclipse.collections.impl.jmh.MinTest.parallel_lazy_reverse_jdk,75fbfd409df7e8b84f6b0d28f4303d59487bf7ec)",0,0,0,0,0,0,0,0,0,0,0,0,0,0,0,0,0,0,0,0,0,0,0,0,0,0,0,
"(org.eclipse.collections.impl.jmh.MinTest.serial_lazy_reverse_streams_ec,75fbfd409df7e8b84f6b0d28f4303d59487bf7ec)",0,0,0,0,0,0,0,0,0,0,0,0,0,0,0,0,0,0,0,0,0,0,0,0,0,0,0,
"(org.eclipse.collections.impl.jmh.FunctionalInterfaceTest.parallel_lazy_scala_hand_coded,75fbfd409df7e8b84f6b0d28f4303d59487bf7ec)",0,0,0,0,0,0,0,0,0,0,0,0,0,0,0,0,0,0,0,0,0,0,0,0,0,0,0,
"(org.eclipse.collections.impl.jmh.SumByDoubleTest.sumByProduct_parallel_eager_ec,75fbfd409df7e8b84f6b0d28f4303d59487bf7ec)",0,0,0,0,0,0,0,0,0,0,0,0,0,0,0,0,0,0,0,0,0,0,0,0,0,0,0,
"(org.eclipse.collections.impl.jmh.MaxByDoubleTest.maxByMarketValue_parallel_lazy_collect_lambda_jdk,75fbfd409df7e8b84f6b0d28f4303d59487bf7ec)",0,0,0,0,0,0,0,0,0,0,0,0,0,0,0,0,0,0,0,0,0,0,0,0,0,0,0,
"(org.eclipse.collections.impl.jmh.LongLongMapSmallStressTest.kolobokePut,75fbfd409df7e8b84f6b0d28f4303d59487bf7ec)",0,0,0,0,0,0,0,0,0,0,0,0,0,0,0,0,0,0,0,0,0,0,0,0,0,0,0,
"(org.eclipse.collections.impl.jmh.GroupBySetTest.groupBy_2_keys_parallel_lazy_streams_ec,75fbfd409df7e8b84f6b0d28f4303d59487bf7ec)",0,0,0,0,0,0,0,0,0,0,0,0,0,0,0,0,0,0,0,0,0,0,0,0,0,0,0,
"(org.eclipse.collections.impl.jmh.NoneSatisfyTest.short_circuit_middle_serial_lazy_jdk,75fbfd409df7e8b84f6b0d28f4303d59487bf7ec)",0,0,0,0,0,0,0,0,0,0,0,0,0,0,0,0,0,0,0,0,0,0,0,0,0,0,0,
"(org.eclipse.collections.impl.jmh.NoneSatisfyTest.short_circuit_middle_parallel_lazy_jdk,75fbfd409df7e8b84f6b0d28f4303d59487bf7ec)",0,0,0,0,0,0,0,0,0,0,0,0,0,0,0,0,0,0,0,0,0,0,0,0,0,0,0,
"(org.eclipse.collections.impl.jmh.IntIntMapTest.presizedPut,75fbfd409df7e8b84f6b0d28f4303d59487bf7ec)",0,0,0,0,0,0,0,0,0,0,0,0,0,0,0,0,0,0,0,0,0,0,0,0,0,0,0,
"(org.eclipse.collections.impl.jmh.AnagramListTest.parallel_lazy_jdk,75fbfd409df7e8b84f6b0d28f4303d59487bf7ec)",0,0,0,0,0,0,0,0,0,0,0,0,0,0,0,0,0,0,0,0,0,0,0,0,0,0,0,
"(org.eclipse.collections.impl.jmh.CountTest.parallel_lazy_streams_ec,75fbfd409df7e8b84f6b0d28f4303d59487bf7ec)",0,0,0,0,0,0,0,0,0,0,0,0,0,0,0,0,0,0,0,0,0,0,0,0,0,0,0,
"(org.eclipse.collections.impl.jmh.IntIntMapSmallStressTest.ecRemove,75fbfd409df7e8b84f6b0d28f4303d59487bf7ec)",0,0,0,0,0,0,0,0,0,0,0,0,0,0,0,0,0,0,0,0,0,0,0,0,0,0,0,
"(org.eclipse.collections.impl.jmh.SumByDoubleTest.sumByCategory_serial_lazy_jdk,75fbfd409df7e8b84f6b0d28f4303d59487bf7ec)",0,0,0,0,0,0,0,0,0,0,0,0,0,0,0,0,0,0,0,0,0,0,0,0,0,0,0,
"(org.eclipse.collections.impl.jmh.SumOfIntTest.serial_lazy_collectIntSum_jdk,75fbfd409df7e8b84f6b0d28f4303d59487bf7ec)",0,0,0,0,0,0,0,0,0,0,0,0,0,0,0,0,0,0,0,0,0,0,0,0,0,0,0,
"(org.eclipse.collections.impl.jmh.list.ListIterationTest.parallel_mutable_scala,75fbfd409df7e8b84f6b0d28f4303d59487bf7ec)",0,0,0,0,0,0,0,0,0,0,0,0,0,0,0,0,0,0,0,0,0,0,0,0,0,0,0,
"(org.eclipse.collections.impl.jmh.SumByDoubleTest.sumByCategory_parallel_lazy_streams_ec,75fbfd409df7e8b84f6b0d28f4303d59487bf7ec)",0,0,0,0,0,0,0,0,0,0,0,0,0,0,0,0,0,0,0,0,0,0,0,0,0,0,0,
"(org.eclipse.collections.impl.jmh.MinByIntTest.minByQuantity_parallel_lazy_direct_lambda_jdk,75fbfd409df7e8b84f6b0d28f4303d59487bf7ec)",0,0,0,0,0,0,0,0,0,0,0,0,0,0,0,0,0,0,0,0,0,0,0,0,0,0,0,
"(org.eclipse.collections.impl.jmh.set.sorted.SortedSetContainsTest.contains_immutable_scala,75fbfd409df7e8b84f6b0d28f4303d59487bf7ec)",0,0,0,0,0,0,0,0,0,0,0,0,0,0,0,0,0,0,0,0,0,0,0,0,0,0,0,
"(org.eclipse.collections.impl.jmh.SumOfIntTest.serial_lazy_directSumOfInt_ec,75fbfd409df7e8b84f6b0d28f4303d59487bf7ec)",0,0,0,0,0,0,0,0,0,0,0,0,0,0,0,0,0,0,0,0,0,0,0,0,0,0,0,
"(org.eclipse.collections.impl.jmh.MinTest.serial_lazy_reverse_jdk,75fbfd409df7e8b84f6b0d28f4303d59487bf7ec)",0,0,0,0,0,0,0,0,0,0,0,0,0,0,0,0,0,0,0,0,0,0,0,0,0,0,0,
"(org.eclipse.collections.impl.jmh.MinTest.parallel_lazy_intstream_streams_ec,75fbfd409df7e8b84f6b0d28f4303d59487bf7ec)",0,0,0,0,0,0,0,0,0,0,0,0,0,0,0,0,0,0,0,0,0,0,0,0,0,0,0,
"(org.eclipse.collections.impl.jmh.AggregateByTest.aggregateByCategory_parallel_lazy_ec,75fbfd409df7e8b84f6b0d28f4303d59487bf7ec)",0,0,0,0,0,0,0,0,0,0,0,0,0,0,0,0,0,0,0,0,0,0,0,0,0,0,0,
"(org.eclipse.collections.impl.jmh.MaxTest.parallel_lazy_intstream_streams_ec,75fbfd409df7e8b84f6b0d28f4303d59487bf7ec)",0,0,0,0,0,0,0,0,0,0,0,0,0,0,0,0,0,0,0,0,0,0,0,0,0,0,0,
"(org.eclipse.collections.impl.jmh.AggregateByTest.aggregateByAccount_serial_lazy_jdk,75fbfd409df7e8b84f6b0d28f4303d59487bf7ec)",0,0,0,0,0,0,0,0,0,0,0,0,0,0,0,0,0,0,0,0,0,0,0,0,0,0,0,
"(org.eclipse.collections.impl.jmh.FunctionalInterfaceSetTest.serial_lazy_ec,75fbfd409df7e8b84f6b0d28f4303d59487bf7ec)",0,0,0,0,0,0,0,0,0,0,0,0,0,0,0,0,0,0,0,0,0,0,0,0,0,0,0,
"(org.eclipse.collections.impl.jmh.set.sorted.SortedSetIterationTest.serial_mutable_scala,75fbfd409df7e8b84f6b0d28f4303d59487bf7ec)",0,0,0,0,0,0,0,0,0,0,0,0,0,0,0,0,0,0,0,0,0,0,0,0,0,0,0,
"(org.eclipse.collections.impl.jmh.GroupByListTest.groupBy_10000_keys_serial_lazy_ec,75fbfd409df7e8b84f6b0d28f4303d59487bf7ec)",0,0,0,0,0,0,0,0,0,0,0,0,0,0,0,0,0,0,0,0,0,0,0,0,0,0,0,
"(org.eclipse.collections.impl.jmh.MaxTest.serial_lazy_reverse_streams_ec,75fbfd409df7e8b84f6b0d28f4303d59487bf7ec)",0,0,0,0,0,0,0,0,0,0,0,0,0,0,0,0,0,0,0,0,0,0,0,0,0,0,0,
"(org.eclipse.collections.impl.jmh.AnagramSetTest.parallel_lazy_scala,75fbfd409df7e8b84f6b0d28f4303d59487bf7ec)",0,0,0,0,0,0,0,0,0,0,0,0,0,0,0,0,0,0,0,0,0,0,0,0,0,0,0,
"(org.eclipse.collections.impl.jmh.MaxByDoubleTest.maxByMarketValue_parallel_lazy_direct_methodref_jdk,75fbfd409df7e8b84f6b0d28f4303d59487bf7ec)",0,0,0,0,0,0,0,0,0,0,0,0,0,0,0,0,0,0,0,0,0,0,0,0,0,0,0,
"(org.eclipse.collections.impl.jmh.map.ScalaAnyRefMapGetTest.get,75fbfd409df7e8b84f6b0d28f4303d59487bf7ec)",0,0,0,0,0,0,0,0,0,0,0,0,0,0,0,0,0,0,0,0,0,0,0,0,0,0,0,
"(org.eclipse.collections.impl.jmh.map.ScalaAnyRefMapPutTest.scalaAnyRef,75fbfd409df7e8b84f6b0d28f4303d59487bf7ec)",0,0,0,0,0,0,0,0,0,0,0,0,0,0,0,0,0,0,0,0,0,0,0,0,0,0,0,
"(org.eclipse.collections.impl.jmh.CollectIfTest.serial_eager_ec,75fbfd409df7e8b84f6b0d28f4303d59487bf7ec)",0,0,0,0,0,0,0,0,0,0,0,0,0,0,0,0,0,0,0,0,0,0,0,0,0,0,0,
"(org.eclipse.collections.impl.jmh.AllSatisfyTest.process_all_parallel_lazy_streams_ec,75fbfd409df7e8b84f6b0d28f4303d59487bf7ec)",0,0,0,0,0,0,0,0,0,0,0,0,0,0,0,0,0,0,0,0,0,0,0,0,0,0,0,
"(org.eclipse.collections.impl.jmh.ListAddAllTest.ec,75fbfd409df7e8b84f6b0d28f4303d59487bf7ec)",0,0,0,0,0,0,0,0,0,0,0,0,0,0,0,0,0,0,0,0,0,0,0,0,0,0,0,
"(org.eclipse.collections.impl.jmh.AggregateByTest.aggregateByCategory_parallel_lazy_streams_ec,75fbfd409df7e8b84f6b0d28f4303d59487bf7ec)",0,0,0,0,0,0,0,0,0,0,0,0,0,0,0,0,0,0,0,0,0,0,0,0,0,0,0,
"(org.eclipse.collections.impl.jmh.CountTest.parallel_eager_ec,75fbfd409df7e8b84f6b0d28f4303d59487bf7ec)",0,0,0,0,0,0,0,0,0,0,0,0,0,0,0,0,0,0,0,0,0,0,0,0,0,0,0,
"(org.eclipse.collections.impl.jmh.IntIntMapLargeStressTest.jdkRemove,75fbfd409df7e8b84f6b0d28f4303d59487bf7ec)",0,0,0,0,0,0,0,0,0,0,0,0,0,0,0,0,0,0,0,0,0,0,0,0,0,0,0,
"(org.eclipse.collections.impl.jmh.AggregateByTest.aggregateByCategory_serial_lazy_streams_ec,75fbfd409df7e8b84f6b0d28f4303d59487bf7ec)",0,0,0,0,0,0,0,0,0,0,0,0,0,0,0,0,0,0,0,0,0,0,0,0,0,0,0,
"(org.eclipse.collections.impl.jmh.AnagramSetTest.parallel_eager_forkjoin_ec,75fbfd409df7e8b84f6b0d28f4303d59487bf7ec)",0,0,0,0,0,0,0,0,0,0,0,0,0,0,0,0,0,0,0,0,0,0,0,0,0,0,0,
"(org.eclipse.collections.impl.jmh.MinByIntTest.minByQuantity_parallel_lazy_collect_methodref_jdk,75fbfd409df7e8b84f6b0d28f4303d59487bf7ec)",0,0,0,0,0,0,0,0,0,0,0,0,0,0,0,0,0,0,0,0,0,0,0,0,0,0,0,
"(org.eclipse.collections.impl.jmh.AggregateByTest.aggregateByAccount_serial_lazy_streams_ec,75fbfd409df7e8b84f6b0d28f4303d59487bf7ec)",0,0,0,0,0,0,0,0,0,0,0,0,0,0,0,0,0,0,0,0,0,0,0,0,0,0,0,
"(org.eclipse.collections.impl.jmh.GroupBySetTest.groupBy_2_keys_serial_eager_ec,75fbfd409df7e8b84f6b0d28f4303d59487bf7ec)",0,0,0,0,0,0,0,0,0,0,0,0,0,0,0,0,0,0,0,0,0,0,0,0,0,0,0,
"(org.eclipse.collections.impl.jmh.GroupByListTest.groupBy_10000_keys_serial_lazy_jdk,75fbfd409df7e8b84f6b0d28f4303d59487bf7ec)",0,0,0,0,0,0,0,0,0,0,0,0,0,0,0,0,0,0,0,0,0,0,0,0,0,0,0,
"(org.eclipse.collections.impl.jmh.GroupByListTest.groupBy_2_keys_serial_eager_ec,75fbfd409df7e8b84f6b0d28f4303d59487bf7ec)",0,0,0,0,0,0,0,0,0,0,0,0,0,0,0,0,0,0,0,0,0,0,0,0,0,0,0,
"(org.eclipse.collections.impl.jmh.GroupBySetTest.groupBy_unordered_lists_2_keys_serial_lazy_ec,75fbfd409df7e8b84f6b0d28f4303d59487bf7ec)",0,0,0,0,0,0,0,0,0,0,0,0,0,0,0,0,0,0,0,0,0,0,0,0,0,0,0,
"(org.eclipse.collections.impl.jmh.MaxTest.serial_lazy_intstream_streams_ec,75fbfd409df7e8b84f6b0d28f4303d59487bf7ec)",0,0,0,0,0,0,0,0,0,0,0,0,0,0,0,0,0,0,0,0,0,0,0,0,0,0,0,
"(org.eclipse.collections.impl.jmh.AllSatisfyTest.process_all_serial_lazy_ec,75fbfd409df7e8b84f6b0d28f4303d59487bf7ec)",0,0,0,0,0,0,0,0,0,0,0,0,0,0,0,0,0,0,0,0,0,0,0,0,0,0,0,
"(org.eclipse.collections.impl.jmh.IntIntMapLargeStressTest.kolobokeGet,75fbfd409df7e8b84f6b0d28f4303d59487bf7ec)",0,0,0,0,0,0,0,0,0,0,0,0,0,0,0,0,0,0,0,0,0,0,0,0,0,0,0,
"(org.eclipse.collections.impl.jmh.GroupByListTest.groupBy_10000_keys_serial_eager_guava,75fbfd409df7e8b84f6b0d28f4303d59487bf7ec)",0,0,0,0,0,0,0,0,0,0,0,0,0,0,0,0,0,0,0,0,0,0,0,0,0,0,0,
"(org.eclipse.collections.impl.jmh.LongLongMapSmallStressTest.ecPut,75fbfd409df7e8b84f6b0d28f4303d59487bf7ec)",0,0,0,0,0,0,0,0,0,0,0,0,0,0,0,0,0,0,0,0,0,0,0,0,0,0,0,
"(org.eclipse.collections.impl.jmh.GroupByListTest.groupBy_100_keys_serial_lazy_streams_ec,75fbfd409df7e8b84f6b0d28f4303d59487bf7ec)",0,0,0,0,0,0,0,0,0,0,0,0,0,0,0,0,0,0,0,0,0,0,0,0,0,0,0,
"(org.eclipse.collections.impl.jmh.AllSatisfyTest.short_circuit_middle_serial_lazy_jdk,75fbfd409df7e8b84f6b0d28f4303d59487bf7ec)",0,0,0,0,0,0,0,0,0,0,0,0,0,0,0,0,0,0,0,0,0,0,0,0,0,0,0,
"(org.eclipse.collections.impl.jmh.MaxByIntTest.maxByQuantity_serial_lazy_ec,75fbfd409df7e8b84f6b0d28f4303d59487bf7ec)",0,0,0,0,0,0,0,0,0,0,0,0,0,0,0,0,0,0,0,0,0,0,0,0,0,0,0,
"(org.eclipse.collections.impl.jmh.MinByIntTest.minByQuantity_parallel_lazy_direct_methodref_jdk,75fbfd409df7e8b84f6b0d28f4303d59487bf7ec)",0,0,0,0,0,0,0,0,0,0,0,0,0,0,0,0,0,0,0,0,0,0,0,0,0,0,0,
"(org.eclipse.collections.impl.jmh.GroupByListTest.groupBy_2_keys_serial_lazy_streams_ec,75fbfd409df7e8b84f6b0d28f4303d59487bf7ec)",0,0,0,0,0,0,0,0,0,0,0,0,0,0,0,0,0,0,0,0,0,0,0,0,0,0,0,
"(org.eclipse.collections.impl.jmh.AggregateByTest.aggregateInPlaceByProduct_parallel_lazy_ec,75fbfd409df7e8b84f6b0d28f4303d59487bf7ec)",0,0,0,0,0,0,0,0,0,0,0,0,0,0,0,0,0,0,0,0,0,0,0,0,0,0,0,
"(org.eclipse.collections.impl.jmh.CollectIfTest.serial_lazy_jdk,75fbfd409df7e8b84f6b0d28f4303d59487bf7ec)",0,0,0,0,0,0,0,0,0,0,0,0,0,0,0,0,0,0,0,0,0,0,0,0,0,0,0,
"(org.eclipse.collections.impl.jmh.AnagramListTest.serial_eager_ec,75fbfd409df7e8b84f6b0d28f4303d59487bf7ec)",0,0,0,0,0,0,0,0,0,0,0,0,0,0,0,0,0,0,0,0,0,0,0,0,0,0,0,
"(org.eclipse.collections.impl.jmh.CollectIfTest.parallel_eager_ec,75fbfd409df7e8b84f6b0d28f4303d59487bf7ec)",0,0,0,0,0,0,0,0,0,0,0,0,0,0,0,0,0,0,0,0,0,0,0,0,0,0,0,
"(org.eclipse.collections.impl.jmh.IntIntMapSmallStressTest.jdkGet,75fbfd409df7e8b84f6b0d28f4303d59487bf7ec)",0,0,0,0,0,0,0,0,0,0,0,0,0,0,0,0,0,0,0,0,0,0,0,0,0,0,0,
"(org.eclipse.collections.impl.jmh.IntIntMapTest.remove,75fbfd409df7e8b84f6b0d28f4303d59487bf7ec)",0,0,0,0,0,0,0,0,0,0,0,0,0,0,0,0,0,0,0,0,0,0,0,0,0,0,0,
"(org.eclipse.collections.impl.jmh.AnagramSetTest.serial_eager_scala,75fbfd409df7e8b84f6b0d28f4303d59487bf7ec)",0,0,0,0,0,0,0,0,0,0,0,0,0,0,0,0,0,0,0,0,0,0,0,0,0,0,0,
"(org.eclipse.collections.impl.jmh.CountTest.serial_eager_scala,75fbfd409df7e8b84f6b0d28f4303d59487bf7ec)",0,0,0,0,0,0,0,0,0,0,0,0,0,0,0,0,0,0,0,0,0,0,0,0,0,0,0,
"(org.eclipse.collections.impl.jmh.AnagramListTest.parallel_eager_ec,75fbfd409df7e8b84f6b0d28f4303d59487bf7ec)",0,0,0,0,0,0,0,0,0,0,0,0,0,0,0,0,0,0,0,0,0,0,0,0,0,0,0,
"(org.eclipse.collections.impl.jmh.LongLongMapLargeStressTest.kolobokeRemove,75fbfd409df7e8b84f6b0d28f4303d59487bf7ec)",0,0,0,0,0,0,0,0,0,0,0,0,0,0,0,0,0,0,0,0,0,0,0,0,0,0,0,
"(org.eclipse.collections.impl.jmh.map.ScalaMutableMapGetTest.get,75fbfd409df7e8b84f6b0d28f4303d59487bf7ec)",0,0,0,0,0,0,0,0,0,0,0,0,0,0,0,0,0,0,0,0,0,0,0,0,0,0,0,
"(org.eclipse.collections.impl.jmh.list.ListIterationTest.parallel_mutable_ec,75fbfd409df7e8b84f6b0d28f4303d59487bf7ec)",0,0,0,0,0,0,0,0,0,0,0,0,0,0,0,0,0,0,0,0,0,0,0,0,0,0,0,
"(org.eclipse.collections.impl.jmh.AggregateByTest.aggregateByCategory_parallel_eager_ec,75fbfd409df7e8b84f6b0d28f4303d59487bf7ec)",0,0,0,0,0,0,0,0,0,0,0,0,0,0,0,0,0,0,0,0,0,0,0,0,0,0,0,
"(org.eclipse.collections.impl.jmh.AggregateByTest.aggregateInPlaceByCategory_parallel_lazy_ec,75fbfd409df7e8b84f6b0d28f4303d59487bf7ec)",0,0,0,0,0,0,0,0,0,0,0,0,0,0,0,0,0,0,0,0,0,0,0,0,0,0,0,
"(org.eclipse.collections.impl.jmh.AllSatisfyTest.process_all_parallel_lazy_jdk,75fbfd409df7e8b84f6b0d28f4303d59487bf7ec)",0,0,0,0,0,0,0,0,0,0,0,0,0,0,0,0,0,0,0,0,0,0,0,0,0,0,0,
"(org.eclipse.collections.impl.jmh.LongLongMapSmallStressTest.ecGet,75fbfd409df7e8b84f6b0d28f4303d59487bf7ec)",0,0,0,0,0,0,0,0,0,0,0,0,0,0,0,0,0,0,0,0,0,0,0,0,0,0,0,
"(org.eclipse.collections.impl.jmh.FlatCollectTest.serial_eager_ec,75fbfd409df7e8b84f6b0d28f4303d59487bf7ec)",0,0,0,0,0,0,0,0,0,0,0,0,0,0,0,0,0,0,0,0,0,0,0,0,0,0,0,
"(org.eclipse.collections.impl.jmh.GroupBySetTest.groupBy_100_keys_parallel_lazy_streams_ec,75fbfd409df7e8b84f6b0d28f4303d59487bf7ec)",0,0,0,0,0,0,0,0,0,0,0,0,0,0,0,0,0,0,0,0,0,0,0,0,0,0,0,
"(org.eclipse.collections.impl.jmh.CountSetTest.serial_eager_ec,75fbfd409df7e8b84f6b0d28f4303d59487bf7ec)",0,0,0,0,0,0,0,0,0,0,0,0,0,0,0,0,0,0,0,0,0,0,0,0,0,0,0,
"(org.eclipse.collections.impl.jmh.CountSetTest.serial_lazy_streams_ec,75fbfd409df7e8b84f6b0d28f4303d59487bf7ec)",0,0,0,0,0,0,0,0,0,0,0,0,0,0,0,0,0,0,0,0,0,0,0,0,0,0,0,
"(org.eclipse.collections.impl.jmh.MinByDoubleTest.minByMarketValue_parallel_lazy_ec,75fbfd409df7e8b84f6b0d28f4303d59487bf7ec)",0,0,0,0,0,0,0,0,0,0,0,0,0,0,0,0,0,0,0,0,0,0,0,0,0,0,0,
"(org.eclipse.collections.impl.jmh.AnagramBagTest.parallel_lazy_streams_ec,75fbfd409df7e8b84f6b0d28f4303d59487bf7ec)",0,0,0,0,0,0,0,0,0,0,0,0,0,0,0,0,0,0,0,0,0,0,0,0,0,0,0,
"(org.eclipse.collections.impl.jmh.MaxByIntTest.maxByQuantity_serial_lazy_direct_methodref_jdk,75fbfd409df7e8b84f6b0d28f4303d59487bf7ec)",0,0,0,0,0,0,0,0,0,0,0,0,0,0,0,0,0,0,0,0,0,0,0,0,0,0,0,
"(org.eclipse.collections.impl.jmh.LongLongMapLargeStressTest.ecGet,75fbfd409df7e8b84f6b0d28f4303d59487bf7ec)",0,0,0,0,0,0,0,0,0,0,0,0,0,0,0,0,0,0,0,0,0,0,0,0,0,0,0,
"(org.eclipse.collections.impl.jmh.MaxByIntTest.maxByQuantity_serial_lazy_collect_methodref_jdk,75fbfd409df7e8b84f6b0d28f4303d59487bf7ec)",0,0,0,0,0,0,0,0,0,0,0,0,0,0,0,0,0,0,0,0,0,0,0,0,0,0,0,
"(org.eclipse.collections.impl.jmh.SetAddAllTest.ec,75fbfd409df7e8b84f6b0d28f4303d59487bf7ec)",0,0,0,0,0,0,0,0,0,0,0,0,0,0,0,0,0,0,0,0,0,0,0,0,0,0,0,
"(org.eclipse.collections.impl.jmh.CollectTest.serial_lazy_streams_ec,75fbfd409df7e8b84f6b0d28f4303d59487bf7ec)",0,0,0,0,0,0,0,0,0,0,0,0,0,0,0,0,0,0,0,0,0,0,0,0,0,0,0,
"(org.eclipse.collections.impl.jmh.SumByDoubleTest.sumByProduct_serial_lazy_streams_ec,75fbfd409df7e8b84f6b0d28f4303d59487bf7ec)",0,0,0,0,0,0,0,0,0,0,0,0,0,0,0,0,0,0,0,0,0,0,0,0,0,0,0,
"(org.eclipse.collections.impl.jmh.LongLongMapLargeStressTest.kolobokeGet,75fbfd409df7e8b84f6b0d28f4303d59487bf7ec)",0,0,0,0,0,0,0,0,0,0,0,0,0,0,0,0,0,0,0,0,0,0,0,0,0,0,0,
"(org.eclipse.collections.impl.jmh.set.sorted.SortedSetIterationTest.parallel_mutable_scala,75fbfd409df7e8b84f6b0d28f4303d59487bf7ec)",0,0,0,0,0,0,0,0,0,0,0,0,0,0,0,0,0,0,0,0,0,0,0,0,0,0,0,
"(org.eclipse.collections.impl.jmh.MinTest.serial_lazy_ec,75fbfd409df7e8b84f6b0d28f4303d59487bf7ec)",0,0,0,0,0,0,0,0,0,0,0,0,0,0,0,0,0,0,0,0,0,0,0,0,0,0,0,
"(org.eclipse.collections.impl.jmh.CountTest.serial_lazy_jdk,75fbfd409df7e8b84f6b0d28f4303d59487bf7ec)",0,0,0,0,0,0,0,0,0,0,0,0,0,0,0,0,0,0,0,0,0,0,0,0,0,0,0,
"(org.eclipse.collections.impl.jmh.CountTest.serial_lazy_streams_ec,75fbfd409df7e8b84f6b0d28f4303d59487bf7ec)",0,0,0,0,0,0,0,0,0,0,0,0,0,0,0,0,0,0,0,0,0,0,0,0,0,0,0,
"(org.eclipse.collections.impl.jmh.AggregateByTest.aggregateByProduct_serial_lazy_jdk,75fbfd409df7e8b84f6b0d28f4303d59487bf7ec)",0,0,0,0,0,0,0,0,0,0,0,0,0,0,0,0,0,0,0,0,0,0,0,0,0,0,0,
"(org.eclipse.collections.impl.jmh.AnagramSetTest.parallel_lazy_streams_ec,75fbfd409df7e8b84f6b0d28f4303d59487bf7ec)",0,0,0,0,0,0,0,0,0,0,0,0,0,0,0,0,0,0,0,0,0,0,0,0,0,0,0,
"(org.eclipse.collections.impl.jmh.RejectTest.serial_eager_ec,75fbfd409df7e8b84f6b0d28f4303d59487bf7ec)",0,0,0,0,0,0,0,0,0,0,0,0,0,0,0,0,0,0,0,0,0,0,0,0,0,0,0,
"(org.eclipse.collections.impl.jmh.AnagramSetTest.serial_lazy_jdk,75fbfd409df7e8b84f6b0d28f4303d59487bf7ec)",0,0,0,0,0,0,0,0,0,0,0,0,0,0,0,0,0,0,0,0,0,0,0,0,0,0,0,
"(org.eclipse.collections.impl.jmh.SumByDoubleTest.sumByProduct_serial_eager_ec,75fbfd409df7e8b84f6b0d28f4303d59487bf7ec)",0,0,0,0,0,0,0,0,0,0,0,0,0,0,0,0,0,0,0,0,0,0,0,0,0,0,0,
"(org.eclipse.collections.impl.jmh.MaxTest.parallel_lazy_reverse_jdk,75fbfd409df7e8b84f6b0d28f4303d59487bf7ec)",0,0,0,0,0,0,0,0,0,0,0,0,0,0,0,0,0,0,0,0,0,0,0,0,0,0,0,
"(org.eclipse.collections.impl.jmh.CollectIfTest.parallel_lazy_ec,75fbfd409df7e8b84f6b0d28f4303d59487bf7ec)",0,0,0,0,0,0,0,0,0,0,0,0,0,0,0,0,0,0,0,0,0,0,0,0,0,0,0,
"(org.eclipse.collections.impl.jmh.SumOfIntTest.serial_eager_directSumOfInt_ec,75fbfd409df7e8b84f6b0d28f4303d59487bf7ec)",0,0,0,0,0,0,0,0,0,0,0,0,0,0,0,0,0,0,0,0,0,0,0,0,0,0,0,
"(org.eclipse.collections.impl.jmh.map.EcImmutableMapGetTest.get,75fbfd409df7e8b84f6b0d28f4303d59487bf7ec)",0,0,0,0,0,0,0,0,0,0,0,0,0,0,0,0,0,0,0,0,0,0,0,0,0,0,0,
"(org.eclipse.collections.impl.jmh.MaxTest.parallel_lazy_reverse_streams_ec,75fbfd409df7e8b84f6b0d28f4303d59487bf7ec)",0,0,0,0,0,0,0,0,0,0,0,0,0,0,0,0,0,0,0,0,0,0,0,0,0,0,0,
"(org.eclipse.collections.impl.jmh.map.MapGrowthTest.mutableScalaPut,75fbfd409df7e8b84f6b0d28f4303d59487bf7ec)",0,0,0,0,0,0,0,0,0,0,0,0,0,0,0,0,0,0,0,0,0,0,0,0,0,0,0,
"(org.eclipse.collections.impl.jmh.AllSatisfyTest.short_circuit_middle_parallel_lazy_streams_ec,75fbfd409df7e8b84f6b0d28f4303d59487bf7ec)",0,0,0,0,0,0,0,0,0,0,0,0,0,0,0,0,0,0,0,0,0,0,0,0,0,0,0,
"(org.eclipse.collections.impl.jmh.AllSatisfyTest.short_circuit_middle_serial_lazy_ec,75fbfd409df7e8b84f6b0d28f4303d59487bf7ec)",0,0,0,0,0,0,0,0,0,0,0,0,0,0,0,0,0,0,0,0,0,0,0,0,0,0,0,
"(org.eclipse.collections.impl.jmh.SumByBigDecimalTest.sumByBigDecimalAccount_parallel_eager_ec,75fbfd409df7e8b84f6b0d28f4303d59487bf7ec)",0,0,0,0,0,0,0,0,0,0,0,0,0,0,0,0,0,0,0,0,0,0,0,0,0,0,0,
"(org.eclipse.collections.impl.jmh.FunctionalInterfaceTest.serial_lazy_scala,75fbfd409df7e8b84f6b0d28f4303d59487bf7ec)",0,0,0,0,0,0,0,0,0,0,0,0,0,0,0,0,0,0,0,0,0,0,0,0,0,0,0,
"(org.eclipse.collections.impl.jmh.CountSetTest.serial_lazy_jdk,75fbfd409df7e8b84f6b0d28f4303d59487bf7ec)",0,0,0,0,0,0,0,0,0,0,0,0,0,0,0,0,0,0,0,0,0,0,0,0,0,0,0,
"(org.eclipse.collections.impl.jmh.FunctionalInterfaceTest.parallel_eager_ec_hand_coded,75fbfd409df7e8b84f6b0d28f4303d59487bf7ec)",0,0,0,0,0,0,0,0,0,0,0,0,0,0,0,0,0,0,0,0,0,0,0,0,0,0,0,
"(org.eclipse.collections.impl.jmh.AggregateByTest.aggregateByAccount_parallel_lazy_jdk,75fbfd409df7e8b84f6b0d28f4303d59487bf7ec)",0,0,0,0,0,0,0,0,0,0,0,0,0,0,0,0,0,0,0,0,0,0,0,0,0,0,0,
"(org.eclipse.collections.impl.jmh.AnySatisfyTest.short_circuit_middle_parallel_lazy_streams_ec,75fbfd409df7e8b84f6b0d28f4303d59487bf7ec)",0,0,0,0,0,0,0,0,0,0,0,0,0,0,0,0,0,0,0,0,0,0,0,0,0,0,0,
"(org.eclipse.collections.impl.jmh.CountTest.serial_eager_ec,75fbfd409df7e8b84f6b0d28f4303d59487bf7ec)",0,0,0,0,0,0,0,0,0,0,0,0,0,0,0,0,0,0,0,0,0,0,0,0,0,0,0,
"(org.eclipse.collections.impl.jmh.MaxByIntTest.maxByQuantity_parallel_lazy_direct_methodref_jdk,75fbfd409df7e8b84f6b0d28f4303d59487bf7ec)",0,0,0,0,0,0,0,0,0,0,0,0,0,0,0,0,0,0,0,0,0,0,0,0,0,0,0,
"(org.eclipse.collections.impl.jmh.AnySatisfyTest.process_all_parallel_lazy_scala,75fbfd409df7e8b84f6b0d28f4303d59487bf7ec)",0,0,0,0,0,0,0,0,0,0,0,0,0,0,0,0,0,0,0,0,0,0,0,0,0,0,0,
"(org.eclipse.collections.impl.jmh.MinTest.serial_lazy_reverse_ec,75fbfd409df7e8b84f6b0d28f4303d59487bf7ec)",0,0,0,0,0,0,0,0,0,0,0,0,0,0,0,0,0,0,0,0,0,0,0,0,0,0,0,
"(org.eclipse.collections.impl.jmh.NoneSatisfyTest.process_none_serial_lazy_ec,75fbfd409df7e8b84f6b0d28f4303d59487bf7ec)",0,0,0,0,0,0,0,0,0,0,0,0,0,0,0,0,0,0,0,0,0,0,0,0,0,0,0,
"(org.eclipse.collections.impl.jmh.MaxByIntTest.maxByQuantity_parallel_lazy_ec,75fbfd409df7e8b84f6b0d28f4303d59487bf7ec)",0,0,0,0,0,0,0,0,0,0,0,0,0,0,0,0,0,0,0,0,0,0,0,0,0,0,0,
"(org.eclipse.collections.impl.jmh.MinByDoubleTest.minByMarketValue_parallel_lazy_collect_lambda_jdk,75fbfd409df7e8b84f6b0d28f4303d59487bf7ec)",0,0,0,0,0,0,0,0,0,0,0,0,0,0,0,0,0,0,0,0,0,0,0,0,0,0,0,
"(org.eclipse.collections.impl.jmh.MinByDoubleTest.minByMarketValue_serial_lazy_direct_lambda_jdk,75fbfd409df7e8b84f6b0d28f4303d59487bf7ec)",0,0,0,0,0,0,0,0,0,0,0,0,0,0,0,0,0,0,0,0,0,0,0,0,0,0,0,
"(org.eclipse.collections.impl.jmh.MinTest.parallel_lazy_reverse_streams_ec,75fbfd409df7e8b84f6b0d28f4303d59487bf7ec)",0,0,0,0,0,0,0,0,0,0,0,0,0,0,0,0,0,0,0,0,0,0,0,0,0,0,0,
"(org.eclipse.collections.impl.jmh.RejectTest.serial_lazy_jdk_lambda_negate,75fbfd409df7e8b84f6b0d28f4303d59487bf7ec)",0,0,0,0,0,0,0,0,0,0,0,0,0,0,0,0,0,0,0,0,0,0,0,0,0,0,0,
"(org.eclipse.collections.impl.jmh.RejectTest.serial_eager_ec_select_predicates_not,75fbfd409df7e8b84f6b0d28f4303d59487bf7ec)",0,0,0,0,0,0,0,0,0,0,0,0,0,0,0,0,0,0,0,0,0,0,0,0,0,0,0,
"(org.eclipse.collections.impl.jmh.SumByBigDecimalTest.sumByBigDecimalProduct_serial_eager_ec,75fbfd409df7e8b84f6b0d28f4303d59487bf7ec)",0,0,0,0,0,0,0,0,0,0,0,0,0,0,0,0,0,0,0,0,0,0,0,0,0,0,0,
"(org.eclipse.collections.impl.jmh.MinByIntTest.minByQuantity_serial_eager_ec,75fbfd409df7e8b84f6b0d28f4303d59487bf7ec)",0,0,0,0,0,0,0,0,0,0,0,0,0,0,0,0,0,0,0,0,0,0,0,0,0,0,0,
"(org.eclipse.collections.impl.jmh.LongIntMapTest.presizedPut,75fbfd409df7e8b84f6b0d28f4303d59487bf7ec)",0,0,0,0,0,0,0,0,0,0,0,0,0,0,0,0,0,0,0,0,0,0,0,0,0,0,0,
"(org.eclipse.collections.impl.jmh.MinTest.parallel_lazy_jdk,75fbfd409df7e8b84f6b0d28f4303d59487bf7ec)",0,0,0,0,0,0,0,0,0,0,0,0,0,0,0,0,0,0,0,0,0,0,0,0,0,0,0,
"(org.eclipse.collections.impl.jmh.AnagramBagTest.serial_lazy_jdk,75fbfd409df7e8b84f6b0d28f4303d59487bf7ec)",0,0,0,0,0,0,0,0,0,0,0,0,0,0,0,0,0,0,0,0,0,0,0,0,0,0,0,
"(org.eclipse.collections.impl.jmh.GroupByListTest.groupBy_10000_keys_serial_eager_scala,75fbfd409df7e8b84f6b0d28f4303d59487bf7ec)",0,0,0,0,0,0,0,0,0,0,0,0,0,0,0,0,0,0,0,0,0,0,0,0,0,0,0,
"(org.eclipse.collections.impl.jmh.GroupBySetTest.groupBy_2_keys_serial_lazy_streams_ec,75fbfd409df7e8b84f6b0d28f4303d59487bf7ec)",0,0,0,0,0,0,0,0,0,0,0,0,0,0,0,0,0,0,0,0,0,0,0,0,0,0,0,
"(org.eclipse.collections.impl.jmh.IntIntMapLargeStressTest.jdkPut,75fbfd409df7e8b84f6b0d28f4303d59487bf7ec)",0,0,0,0,0,0,0,0,0,0,0,0,0,0,0,0,0,0,0,0,0,0,0,0,0,0,0,
"(org.eclipse.collections.impl.jmh.MaxTest.serial_eager_reverse_ec,75fbfd409df7e8b84f6b0d28f4303d59487bf7ec)",0,0,0,0,0,0,0,0,0,0,0,0,0,0,0,0,0,0,0,0,0,0,0,0,0,0,0,
"(org.eclipse.collections.impl.jmh.FunctionalInterfaceTest.serial_lazy_jdk,75fbfd409df7e8b84f6b0d28f4303d59487bf7ec)",0,0,0,0,0,0,0,0,0,0,0,0,0,0,0,0,0,0,0,0,0,0,0,0,0,0,0,
"(org.eclipse.collections.impl.jmh.IntIntMapLargeStressTest.ecPut,75fbfd409df7e8b84f6b0d28f4303d59487bf7ec)",0,0,0,0,0,0,0,0,0,0,0,0,0,0,0,0,0,0,0,0,0,0,0,0,0,0,0,
"(org.eclipse.collections.impl.jmh.SumOfDoubleTest.serial_eager_collectDoubleSum_ec,75fbfd409df7e8b84f6b0d28f4303d59487bf7ec)",0,0,0,0,0,0,0,0,0,0,0,0,0,0,0,0,0,0,0,0,0,0,0,0,0,0,0,
"(org.eclipse.collections.impl.jmh.SelectTest.serial_lazy_streams_ec,75fbfd409df7e8b84f6b0d28f4303d59487bf7ec)",0,0,0,0,0,0,0,0,0,0,0,0,0,0,0,0,0,0,0,0,0,0,0,0,0,0,0,
"(org.eclipse.collections.impl.jmh.MaxTest.serial_lazy_reverse_jdk,75fbfd409df7e8b84f6b0d28f4303d59487bf7ec)",0,0,0,0,0,0,0,0,0,0,0,0,0,0,0,0,0,0,0,0,0,0,0,0,0,0,0,
"(org.eclipse.collections.impl.jmh.CollectTest.parallel_eager_fixed_pool_ec,75fbfd409df7e8b84f6b0d28f4303d59487bf7ec)",0,0,0,0,0,0,0,0,0,0,0,0,0,0,0,0,0,0,0,0,0,0,0,0,0,0,0,
"(org.eclipse.collections.impl.jmh.AnySatisfyTest.short_circuit_middle_serial_lazy_jdk,75fbfd409df7e8b84f6b0d28f4303d59487bf7ec)",0,0,0,0,0,0,0,0,0,0,0,0,0,0,0,0,0,0,0,0,0,0,0,0,0,0,0,
"(org.eclipse.collections.impl.jmh.BagAddAllTest.guava,75fbfd409df7e8b84f6b0d28f4303d59487bf7ec)",0,0,0,0,0,0,0,0,0,0,0,0,0,0,0,0,0,0,0,0,0,0,0,0,0,0,0,
"(org.eclipse.collections.impl.jmh.SelectTest.serial_eager_ec,75fbfd409df7e8b84f6b0d28f4303d59487bf7ec)",0,0,0,0,0,0,0,0,0,0,0,0,0,0,0,0,0,0,0,0,0,0,0,0,0,0,0,
"(org.eclipse.collections.impl.jmh.list.ListIterationTest.serial_mutable_ec,75fbfd409df7e8b84f6b0d28f4303d59487bf7ec)",0,0,0,0,0,0,0,0,0,0,0,0,0,0,0,0,0,0,0,0,0,0,0,0,0,0,0,
"(org.eclipse.collections.impl.jmh.AnySatisfyTest.process_all_parallel_lazy_jdk,75fbfd409df7e8b84f6b0d28f4303d59487bf7ec)",0,0,0,0,0,0,0,0,0,0,0,0,0,0,0,0,0,0,0,0,0,0,0,0,0,0,0,
"(org.eclipse.collections.impl.jmh.set.sorted.SortedSetIterationTest.parallel_immutable_scala,75fbfd409df7e8b84f6b0d28f4303d59487bf7ec)",0,0,0,0,0,0,0,0,0,0,0,0,0,0,0,0,0,0,0,0,0,0,0,0,0,0,0,
"(org.eclipse.collections.impl.jmh.NoneSatisfyTest.process_all_parallel_lazy_ec,75fbfd409df7e8b84f6b0d28f4303d59487bf7ec)",0,0,0,0,0,0,0,0,0,0,0,0,0,0,0,0,0,0,0,0,0,0,0,0,0,0,0,
"(org.eclipse.collections.impl.jmh.CollectTest.serial_lazy_scala,75fbfd409df7e8b84f6b0d28f4303d59487bf7ec)",0,0,0,0,0,0,0,0,0,0,0,0,0,0,0,0,0,0,0,0,0,0,0,0,0,0,0,
"(org.eclipse.collections.impl.jmh.AllSatisfyTest.short_circuit_middle_serial_eager_ec,75fbfd409df7e8b84f6b0d28f4303d59487bf7ec)",0,0,0,0,0,0,0,0,0,0,0,0,0,0,0,0,0,0,0,0,0,0,0,0,0,0,0,
"(org.eclipse.collections.impl.jmh.MaxByDoubleTest.maxByMarketValue_serial_lazy_direct_methodref_jdk,75fbfd409df7e8b84f6b0d28f4303d59487bf7ec)",0,0,0,0,0,0,0,0,0,0,0,0,0,0,0,0,0,0,0,0,0,0,0,0,0,0,0,
"(org.eclipse.collections.impl.jmh.AggregateByTest.aggregateByProduct_parallel_lazy_streams_ec,75fbfd409df7e8b84f6b0d28f4303d59487bf7ec)",0,0,0,0,0,0,0,0,0,0,0,0,0,0,0,0,0,0,0,0,0,0,0,0,0,0,0,
"(org.eclipse.collections.impl.jmh.SelectTest.parallel_lazy_ec,75fbfd409df7e8b84f6b0d28f4303d59487bf7ec)",0,0,0,0,0,0,0,0,0,0,0,0,0,0,0,0,0,0,0,0,0,0,0,0,0,0,0,
"(org.eclipse.collections.impl.jmh.AnagramBagTest.serial_eager_ec,75fbfd409df7e8b84f6b0d28f4303d59487bf7ec)",0,0,0,0,0,0,0,0,0,0,0,0,0,0,0,0,0,0,0,0,0,0,0,0,0,0,0,
"(org.eclipse.collections.impl.jmh.AnagramSetTest.parallel_eager_ec,75fbfd409df7e8b84f6b0d28f4303d59487bf7ec)",0,0,0,0,0,0,0,0,0,0,0,0,0,0,0,0,0,0,0,0,0,0,0,0,0,0,0,
"(org.eclipse.collections.impl.jmh.AnySatisfyTest.short_circuit_middle_serial_lazy_streams_ec,75fbfd409df7e8b84f6b0d28f4303d59487bf7ec)",0,0,0,0,0,0,0,0,0,0,0,0,0,0,0,0,0,0,0,0,0,0,0,0,0,0,0,
"(org.eclipse.collections.impl.jmh.SumByDoubleTest.sumByCategory_serial_eager_ec,75fbfd409df7e8b84f6b0d28f4303d59487bf7ec)",0,0,0,0,0,0,0,0,0,0,0,0,0,0,0,0,0,0,0,0,0,0,0,0,0,0,0,
"(org.eclipse.collections.impl.jmh.GroupBySetTest.groupBy_100_keys_parallel_lazy_ec,75fbfd409df7e8b84f6b0d28f4303d59487bf7ec)",0,0,0,0,0,0,0,0,0,0,0,0,0,0,0,0,0,0,0,0,0,0,0,0,0,0,0,
"(org.eclipse.collections.impl.jmh.SumOfDoubleTest.serial_lazy_collectDoubleSum_streams_ec,75fbfd409df7e8b84f6b0d28f4303d59487bf7ec)",0,0,0,0,0,0,0,0,0,0,0,0,0,0,0,0,0,0,0,0,0,0,0,0,0,0,0,
"(org.eclipse.collections.impl.jmh.AnagramBagTest.parallel_eager_ec,75fbfd409df7e8b84f6b0d28f4303d59487bf7ec)",0,0,0,0,0,0,0,0,0,0,0,0,0,0,0,0,0,0,0,0,0,0,0,0,0,0,0,
"(org.eclipse.collections.impl.jmh.GroupBySetTest.groupBy_10000_keys_serial_eager_scala,75fbfd409df7e8b84f6b0d28f4303d59487bf7ec)",0,0,0,0,0,0,0,0,0,0,0,0,0,0,0,0,0,0,0,0,0,0,0,0,0,0,0,
"(org.eclipse.collections.impl.jmh.MinByIntTest.minByQuantity_serial_lazy_collect_methodref_jdk,75fbfd409df7e8b84f6b0d28f4303d59487bf7ec)",0,0,0,0,0,0,0,0,0,0,0,0,0,0,0,0,0,0,0,0,0,0,0,0,0,0,0,
"(org.eclipse.collections.impl.jmh.BagAddAllTest.ec,75fbfd409df7e8b84f6b0d28f4303d59487bf7ec)",0,0,0,0,0,0,0,0,0,0,0,0,0,0,0,0,0,0,0,0,0,0,0,0,0,0,0,
"(org.eclipse.collections.impl.jmh.list.ListIterationTest.serial_immutable_ec,75fbfd409df7e8b84f6b0d28f4303d59487bf7ec)",0,0,0,0,0,0,0,0,0,0,0,0,0,0,0,0,0,0,0,0,0,0,0,0,0,0,0,
"(org.eclipse.collections.impl.jmh.RejectTest.serial_lazy_streams_ec_lambda_not,75fbfd409df7e8b84f6b0d28f4303d59487bf7ec)",0,0,0,0,0,0,0,0,0,0,0,0,0,0,0,0,0,0,0,0,0,0,0,0,0,0,0,
"(org.eclipse.collections.impl.jmh.AnySatisfyTest.process_all_parallel_lazy_ec,75fbfd409df7e8b84f6b0d28f4303d59487bf7ec)",0,0,0,0,0,0,0,0,0,0,0,0,0,0,0,0,0,0,0,0,0,0,0,0,0,0,0,
"(org.eclipse.collections.impl.jmh.MaxTest.serial_eager_ec,75fbfd409df7e8b84f6b0d28f4303d59487bf7ec)",0,0,0,0,0,0,0,0,0,0,0,0,0,0,0,0,0,0,0,0,0,0,0,0,0,0,0,
"(org.eclipse.collections.impl.jmh.GroupBySetTest.groupBy_10000_keys_parallel_lazy_streams_ec,75fbfd409df7e8b84f6b0d28f4303d59487bf7ec)",0,0,0,0,0,0,0,0,0,0,0,0,0,0,0,0,0,0,0,0,0,0,0,0,0,0,0,
"(org.eclipse.collections.impl.jmh.MinByDoubleTest.minByMarketValue_serial_lazy_direct_methodref_jdk,75fbfd409df7e8b84f6b0d28f4303d59487bf7ec)",0,0,0,0,0,0,0,0,0,0,0,0,0,0,0,0,0,0,0,0,0,0,0,0,0,0,0,
"(org.eclipse.collections.impl.jmh.MinByDoubleTest.minByMarketValue_serial_eager_ec,75fbfd409df7e8b84f6b0d28f4303d59487bf7ec)",0,0,0,0,0,0,0,0,0,0,0,0,0,0,0,0,0,0,0,0,0,0,0,0,0,0,0,
"(org.eclipse.collections.impl.jmh.NoneSatisfyTest.process_all_parallel_lazy_jdk,75fbfd409df7e8b84f6b0d28f4303d59487bf7ec)",0,0,0,0,0,0,0,0,0,0,0,0,0,0,0,0,0,0,0,0,0,0,0,0,0,0,0,
"(org.eclipse.collections.impl.jmh.NoneSatisfyTest.process_none_serial_lazy_streams_ec,75fbfd409df7e8b84f6b0d28f4303d59487bf7ec)",0,0,0,0,0,0,0,0,0,0,0,0,0,0,0,0,0,0,0,0,0,0,0,0,0,0,0,
"(org.eclipse.collections.impl.jmh.MinByIntTest.minByQuantity_serial_lazy_direct_methodref_jdk,75fbfd409df7e8b84f6b0d28f4303d59487bf7ec)",0,0,0,0,0,0,0,0,0,0,0,0,0,0,0,0,0,0,0,0,0,0,0,0,0,0,0,
"(org.eclipse.collections.impl.jmh.AnySatisfyTest.process_all_serial_lazy_scala,75fbfd409df7e8b84f6b0d28f4303d59487bf7ec)",0,0,0,0,0,0,0,0,0,0,0,0,0,0,0,0,0,0,0,0,0,0,0,0,0,0,0,
"(org.eclipse.collections.impl.jmh.LongLongMapSmallStressTest.kolobokeRemove,75fbfd409df7e8b84f6b0d28f4303d59487bf7ec)",0,0,0,0,0,0,0,0,0,0,0,0,0,0,0,0,0,0,0,0,0,0,0,0,0,0,0,
"(org.eclipse.collections.impl.jmh.RejectTest.serial_lazy_ec,75fbfd409df7e8b84f6b0d28f4303d59487bf7ec)",0,0,0,0,0,0,0,0,0,0,0,0,0,0,0,0,0,0,0,0,0,0,0,0,0,0,0,
"(org.eclipse.collections.impl.jmh.MinByDoubleTest.minByMarketValue_parallel_lazy_direct_lambda_jdk,75fbfd409df7e8b84f6b0d28f4303d59487bf7ec)",0,0,0,0,0,0,0,0,0,0,0,0,0,0,0,0,0,0,0,0,0,0,0,0,0,0,0,
"(org.eclipse.collections.impl.jmh.GroupBySetTest.groupBy_100_keys_serial_eager_scala,75fbfd409df7e8b84f6b0d28f4303d59487bf7ec)",0,0,0,0,0,0,0,0,0,0,0,0,0,0,0,0,0,0,0,0,0,0,0,0,0,0,0,
"(org.eclipse.collections.impl.jmh.AnagramListTest.serial_lazy_jdk,75fbfd409df7e8b84f6b0d28f4303d59487bf7ec)",0,0,0,0,0,0,0,0,0,0,0,0,0,0,0,0,0,0,0,0,0,0,0,0,0,0,0,
"(org.eclipse.collections.impl.jmh.FlatCollectTest.serial_lazy_streams_ec,75fbfd409df7e8b84f6b0d28f4303d59487bf7ec)",0,0,0,0,0,0,0,0,0,0,0,0,0,0,0,0,0,0,0,0,0,0,0,0,0,0,0,
"(org.eclipse.collections.impl.jmh.SetAddAllTest.jdk,75fbfd409df7e8b84f6b0d28f4303d59487bf7ec)",0,0,0,0,0,0,0,0,0,0,0,0,0,0,0,0,0,0,0,0,0,0,0,0,0,0,0,
"(org.eclipse.collections.impl.jmh.AnySatisfyTest.process_all_serial_eager_ec,75fbfd409df7e8b84f6b0d28f4303d59487bf7ec)",0,0,0,0,0,0,0,0,0,0,0,0,0,0,0,0,0,0,0,0,0,0,0,0,0,0,0,
"(org.eclipse.collections.impl.jmh.IntIntMapSmallStressTest.kolobokePut,75fbfd409df7e8b84f6b0d28f4303d59487bf7ec)",0,0,0,0,0,0,0,0,0,0,0,0,0,0,0,0,0,0,0,0,0,0,0,0,0,0,0,
"(org.eclipse.collections.impl.jmh.GroupBySetTest.groupBy_2_keys_parallel_lazy_jdk,75fbfd409df7e8b84f6b0d28f4303d59487bf7ec)",0,0,0,0,0,0,0,0,0,0,0,0,0,0,0,0,0,0,0,0,0,0,0,0,0,0,0,
"(org.eclipse.collections.impl.jmh.MinByDoubleTest.minByMarketValue_parallel_lazy_direct_methodref_jdk,75fbfd409df7e8b84f6b0d28f4303d59487bf7ec)",0,0,0,0,0,0,0,0,0,0,0,0,0,0,0,0,0,0,0,0,0,0,0,0,0,0,0,
"(org.eclipse.collections.impl.jmh.AllSatisfyTest.process_all_serial_lazy_jdk,75fbfd409df7e8b84f6b0d28f4303d59487bf7ec)",0,0,0,0,0,0,0,0,0,0,0,0,0,0,0,0,0,0,0,0,0,0,0,0,0,0,0,
"(org.eclipse.collections.impl.jmh.CountTest.parallel_lazy_scala,75fbfd409df7e8b84f6b0d28f4303d59487bf7ec)",0,0,0,0,0,0,0,0,0,0,0,0,0,0,0,0,0,0,0,0,0,0,0,0,0,0,0,
"(org.eclipse.collections.impl.jmh.MinByDoubleTest.minByMarketValue_serial_lazy_ec,75fbfd409df7e8b84f6b0d28f4303d59487bf7ec)",0,0,0,0,0,0,0,0,0,0,0,0,0,0,0,0,0,0,0,0,0,0,0,0,0,0,0,
"(org.eclipse.collections.impl.jmh.MinByIntTest.minByQuantity_parallel_lazy_ec,75fbfd409df7e8b84f6b0d28f4303d59487bf7ec)",0,0,0,0,0,0,0,0,0,0,0,0,0,0,0,0,0,0,0,0,0,0,0,0,0,0,0,
"(org.eclipse.collections.impl.jmh.ListEqualTest.jdk,75fbfd409df7e8b84f6b0d28f4303d59487bf7ec)",0,0,0,0,0,0,0,0,0,0,0,0,0,0,0,0,0,0,0,0,0,0,0,0,0,0,0,
"(org.eclipse.collections.impl.jmh.AnagramSetTest.serial_lazy_scala,75fbfd409df7e8b84f6b0d28f4303d59487bf7ec)",0,0,0,0,0,0,0,0,0,0,0,0,0,0,0,0,0,0,0,0,0,0,0,0,0,0,0,
"(org.eclipse.collections.impl.jmh.AllSatisfyTest.process_all_parallel_lazy_ec,75fbfd409df7e8b84f6b0d28f4303d59487bf7ec)",0,0,0,0,0,0,0,0,0,0,0,0,0,0,0,0,0,0,0,0,0,0,0,0,0,0,0,
"(org.eclipse.collections.impl.jmh.FunctionalInterfaceTest.parallel_lazy_jdk,75fbfd409df7e8b84f6b0d28f4303d59487bf7ec)",0,0,0,0,0,0,0,0,0,0,0,0,0,0,0,0,0,0,0,0,0,0,0,0,0,0,0,
"(org.eclipse.collections.impl.jmh.SelectTest.parallel_lazy_streams_ec,75fbfd409df7e8b84f6b0d28f4303d59487bf7ec)",0,0,0,0,0,0,0,0,0,0,0,0,0,0,0,0,0,0,0,0,0,0,0,0,0,0,0,
"(org.eclipse.collections.impl.jmh.MinTest.serial_lazy_intstream_streams_ec,75fbfd409df7e8b84f6b0d28f4303d59487bf7ec)",0,0,0,0,0,0,0,0,0,0,0,0,0,0,0,0,0,0,0,0,0,0,0,0,0,0,0,
"(org.eclipse.collections.impl.jmh.MinTest.serial_lazy_streams_ec,75fbfd409df7e8b84f6b0d28f4303d59487bf7ec)",0,0,0,0,0,0,0,0,0,0,0,0,0,0,0,0,0,0,0,0,0,0,0,0,0,0,0,
"(org.eclipse.collections.impl.jmh.AllSatisfyTest.process_all_serial_lazy_streams_ec,75fbfd409df7e8b84f6b0d28f4303d59487bf7ec)",0,0,0,0,0,0,0,0,0,0,0,0,0,0,0,0,0,0,0,0,0,0,0,0,0,0,0,
"(org.eclipse.collections.impl.jmh.map.HppcMutableMapGetTest.get,75fbfd409df7e8b84f6b0d28f4303d59487bf7ec)",0,0,0,0,0,0,0,0,0,0,0,0,0,0,0,0,0,0,0,0,0,0,0,0,0,0,0,
"(org.eclipse.collections.impl.jmh.LongLongMapLargeStressTest.ecRemove,75fbfd409df7e8b84f6b0d28f4303d59487bf7ec)",0,0,0,0,0,0,0,0,0,0,0,0,0,0,0,0,0,0,0,0,0,0,0,0,0,0,0,
"(org.eclipse.collections.impl.jmh.CountTest.parallel_lazy_ec,75fbfd409df7e8b84f6b0d28f4303d59487bf7ec)",0,0,0,0,0,0,0,0,0,0,0,0,0,0,0,0,0,0,0,0,0,0,0,0,0,0,0,
"(org.eclipse.collections.impl.jmh.SumOfDoubleTest.parallel_lazy_collectDoubleSum_streams_ec,75fbfd409df7e8b84f6b0d28f4303d59487bf7ec)",0,0,0,0,0,0,0,0,0,0,0,0,0,0,0,0,0,0,0,0,0,0,0,0,0,0,0,
"(org.eclipse.collections.impl.jmh.set.sorted.SortedSetIterationTest.serial_immutable_scala,75fbfd409df7e8b84f6b0d28f4303d59487bf7ec)",0,0,0,0,0,0,0,0,0,0,0,0,0,0,0,0,0,0,0,0,0,0,0,0,0,0,0,
"(org.eclipse.collections.impl.jmh.IntIntMapLargeStressTest.ecRemove,75fbfd409df7e8b84f6b0d28f4303d59487bf7ec)",0,0,0,0,0,0,0,0,0,0,0,0,0,0,0,0,0,0,0,0,0,0,0,0,0,0,0,
"(org.eclipse.collections.impl.jmh.CollectIfTest.parallel_lazy_jdk,75fbfd409df7e8b84f6b0d28f4303d59487bf7ec)",0,0,0,0,0,0,0,0,0,0,0,0,0,0,0,0,0,0,0,0,0,0,0,0,0,0,0,
"(org.eclipse.collections.impl.jmh.SumByDoubleTest.sumByCategory_parallel_eager_ec,75fbfd409df7e8b84f6b0d28f4303d59487bf7ec)",0,0,0,0,0,0,0,0,0,0,0,0,0,0,0,0,0,0,0,0,0,0,0,0,0,0,0,
"(org.eclipse.collections.impl.jmh.GroupByListTest.groupBy_2_keys_serial_eager_scala,75fbfd409df7e8b84f6b0d28f4303d59487bf7ec)",0,0,0,0,0,0,0,0,0,0,0,0,0,0,0,0,0,0,0,0,0,0,0,0,0,0,0,
"(org.eclipse.collections.impl.jmh.MaxByDoubleTest.maxByMarketValue_parallel_lazy_collect_methodref_jdk,75fbfd409df7e8b84f6b0d28f4303d59487bf7ec)",0,0,0,0,0,0,0,0,0,0,0,0,0,0,0,0,0,0,0,0,0,0,0,0,0,0,0,
"(org.eclipse.collections.impl.jmh.NoneSatisfyTest.short_circuit_middle_serial_lazy_streams_ec,75fbfd409df7e8b84f6b0d28f4303d59487bf7ec)",0,0,0,0,0,0,0,0,0,0,0,0,0,0,0,0,0,0,0,0,0,0,0,0,0,0,0,
"(org.eclipse.collections.impl.jmh.MinTest.parallel_lazy_ec,75fbfd409df7e8b84f6b0d28f4303d59487bf7ec)",0,0,0,0,0,0,0,0,0,0,0,0,0,0,0,0,0,0,0,0,0,0,0,0,0,0,0,
"(org.eclipse.collections.impl.jmh.GroupBySetTest.groupBy_2_keys_serial_lazy_jdk,75fbfd409df7e8b84f6b0d28f4303d59487bf7ec)",0,0,0,0,0,0,0,0,0,0,0,0,0,0,0,0,0,0,0,0,0,0,0,0,0,0,0,
"(org.eclipse.collections.impl.jmh.map.ChainMapPutTest.jdk,75fbfd409df7e8b84f6b0d28f4303d59487bf7ec)",0,0,0,0,0,0,0,0,0,0,0,0,0,0,0,0,0,0,0,0,0,0,0,0,0,0,0,
"(org.eclipse.collections.impl.jmh.LongIntMapTest.get,75fbfd409df7e8b84f6b0d28f4303d59487bf7ec)",0,0,0,0,0,0,0,0,0,0,0,0,0,0,0,0,0,0,0,0,0,0,0,0,0,0,0,
"(org.eclipse.collections.impl.jmh.map.EcMutableMapGetTest.get,75fbfd409df7e8b84f6b0d28f4303d59487bf7ec)",0,0,0,0,0,0,0,0,0,0,0,0,0,0,0,0,0,0,0,0,0,0,0,0,0,0,0,
"(org.eclipse.collections.impl.jmh.AnySatisfyTest.process_all_parallel_lazy_streams_ec,75fbfd409df7e8b84f6b0d28f4303d59487bf7ec)",0,0,0,0,0,0,0,0,0,0,0,0,0,0,0,0,0,0,0,0,0,0,0,0,0,0,0,
"(org.eclipse.collections.impl.jmh.AggregateByTest.aggregateInPlaceByProduct_parallel_eager_ec,75fbfd409df7e8b84f6b0d28f4303d59487bf7ec)",0,0,0,0,0,0,0,0,0,0,0,0,0,0,0,0,0,0,0,0,0,0,0,0,0,0,0,
"(org.eclipse.collections.impl.jmh.AnySatisfyTest.short_circuit_middle_parallel_lazy_ec,75fbfd409df7e8b84f6b0d28f4303d59487bf7ec)",0,0,0,0,0,0,0,0,0,0,0,0,0,0,0,0,0,0,0,0,0,0,0,0,0,0,0,
"(org.eclipse.collections.impl.jmh.CollectTest.parallel_lazy_ec,75fbfd409df7e8b84f6b0d28f4303d59487bf7ec)",0,0,0,0,0,0,0,0,0,0,0,0,0,0,0,0,0,0,0,0,0,0,0,0,0,0,0,
"(org.eclipse.collections.impl.jmh.LongIntMapTest.copyTest,75fbfd409df7e8b84f6b0d28f4303d59487bf7ec)",0,0,0,0,0,0,0,0,0,0,0,0,0,0,0,0,0,0,0,0,0,0,0,0,0,0,0,
"(org.eclipse.collections.impl.jmh.MaxByIntTest.maxByQuantity_parallel_lazy_collect_lambda_jdk,75fbfd409df7e8b84f6b0d28f4303d59487bf7ec)",0,0,0,0,0,0,0,0,0,0,0,0,0,0,0,0,0,0,0,0,0,0,0,0,0,0,0,
"(org.eclipse.collections.impl.jmh.AggregateByTest.aggregateInPlaceByAccount_parallel_eager_ec,75fbfd409df7e8b84f6b0d28f4303d59487bf7ec)",0,0,0,0,0,0,0,0,0,0,0,0,0,0,0,0,0,0,0,0,0,0,0,0,0,0,0,
"(org.eclipse.collections.impl.jmh.AggregateByTest.aggregateByCategory_parallel_lazy_jdk,75fbfd409df7e8b84f6b0d28f4303d59487bf7ec)",0,0,0,0,0,0,0,0,0,0,0,0,0,0,0,0,0,0,0,0,0,0,0,0,0,0,0,
"(org.eclipse.collections.impl.jmh.AnySatisfyTest.short_circuit_middle_serial_lazy_ec,75fbfd409df7e8b84f6b0d28f4303d59487bf7ec)",0,0,0,0,0,0,0,0,0,0,0,0,0,0,0,0,0,0,0,0,0,0,0,0,0,0,0,
"(org.eclipse.collections.impl.jmh.CountSetTest.parallel_lazy_scala,75fbfd409df7e8b84f6b0d28f4303d59487bf7ec)",0,0,0,0,0,0,0,0,0,0,0,0,0,0,0,0,0,0,0,0,0,0,0,0,0,0,0,
"(org.eclipse.collections.impl.jmh.AllSatisfyTest.process_all_serial_eager_ec,75fbfd409df7e8b84f6b0d28f4303d59487bf7ec)",0,0,0,0,0,0,0,0,0,0,0,0,0,0,0,0,0,0,0,0,0,0,0,0,0,0,0,
"(org.eclipse.collections.impl.jmh.AnagramSetTest.serial_eager_ec,75fbfd409df7e8b84f6b0d28f4303d59487bf7ec)",0,0,0,0,0,0,0,0,0,0,0,0,0,0,0,0,0,0,0,0,0,0,0,0,0,0,0,
"(org.eclipse.collections.impl.jmh.SumOfIntTest.serial_eager_collectIntSum_ec,75fbfd409df7e8b84f6b0d28f4303d59487bf7ec)",0,0,0,0,0,0,0,0,0,0,0,0,0,0,0,0,0,0,0,0,0,0,0,0,0,0,0,
"(org.eclipse.collections.impl.jmh.CollectTest.serial_eager_scala,75fbfd409df7e8b84f6b0d28f4303d59487bf7ec)",0,0,0,0,0,0,0,0,0,0,0,0,0,0,0,0,0,0,0,0,0,0,0,0,0,0,0,
"(org.eclipse.collections.impl.jmh.PartitionTest.serial_lazy_jdk,75fbfd409df7e8b84f6b0d28f4303d59487bf7ec)",0,0,0,0,0,0,0,0,0,0,0,0,0,0,0,0,0,0,0,0,0,0,0,0,0,0,0,
"(org.eclipse.collections.impl.jmh.IntIntMapSmallStressTest.jdkPut,75fbfd409df7e8b84f6b0d28f4303d59487bf7ec)",0,0,0,0,0,0,0,0,0,0,0,0,0,0,0,0,0,0,0,0,0,0,0,0,0,0,0,
"(org.eclipse.collections.impl.jmh.MaxByDoubleTest.maxByMarketValue_parallel_lazy_ec,75fbfd409df7e8b84f6b0d28f4303d59487bf7ec)",0,0,0,0,0,0,0,0,0,0,0,0,0,0,0,0,0,0,0,0,0,0,0,0,0,0,0,
"(org.eclipse.collections.impl.jmh.IntIntMapLargeStressTest.ecGet,75fbfd409df7e8b84f6b0d28f4303d59487bf7ec)",0,0,0,0,0,0,0,0,0,0,0,0,0,0,0,0,0,0,0,0,0,0,0,0,0,0,0,
"(org.eclipse.collections.impl.jmh.MinByDoubleTest.minByMarketValue_serial_lazy_collect_methodref_jdk,75fbfd409df7e8b84f6b0d28f4303d59487bf7ec)",0,0,0,0,0,0,0,0,0,0,0,0,0,0,0,0,0,0,0,0,0,0,0,0,0,0,0,
"(org.eclipse.collections.impl.jmh.MaxByDoubleTest.maxByMarketValue_parallel_lazy_direct_lambda_jdk,75fbfd409df7e8b84f6b0d28f4303d59487bf7ec)",0,0,0,0,0,0,0,0,0,0,0,0,0,0,0,0,0,0,0,0,0,0,0,0,0,0,0,
"(org.eclipse.collections.impl.jmh.AggregateByTest.aggregateByCategory_serial_lazy_ec,75fbfd409df7e8b84f6b0d28f4303d59487bf7ec)",0,0,0,0,0,0,0,0,0,0,0,0,0,0,0,0,0,0,0,0,0,0,0,0,0,0,0,
"(org.eclipse.collections.impl.jmh.IntIntMapSmallStressTest.jdkRemove,75fbfd409df7e8b84f6b0d28f4303d59487bf7ec)",0,0,0,0,0,0,0,0,0,0,0,0,0,0,0,0,0,0,0,0,0,0,0,0,0,0,0,
"(org.eclipse.collections.impl.jmh.GroupByListTest.groupBy_10000_keys_serial_lazy_streams_ec,75fbfd409df7e8b84f6b0d28f4303d59487bf7ec)",0,0,0,0,0,0,0,0,0,0,0,0,0,0,0,0,0,0,0,0,0,0,0,0,0,0,0,
"(org.eclipse.collections.impl.jmh.MinTest.parallel_lazy_reverse_ec,75fbfd409df7e8b84f6b0d28f4303d59487bf7ec)",0,0,0,0,0,0,0,0,0,0,0,0,0,0,0,0,0,0,0,0,0,0,0,0,0,0,0,
"(org.eclipse.collections.impl.jmh.AnagramBagTest.parallel_lazy_jdk,75fbfd409df7e8b84f6b0d28f4303d59487bf7ec)",0,0,0,0,0,0,0,0,0,0,0,0,0,0,0,0,0,0,0,0,0,0,0,0,0,0,0,
"(org.eclipse.collections.impl.jmh.RejectTest.serial_lazy_jdk_lambda_not,75fbfd409df7e8b84f6b0d28f4303d59487bf7ec)",0,0,0,0,0,0,0,0,0,0,0,0,0,0,0,0,0,0,0,0,0,0,0,0,0,0,0,
"(org.eclipse.collections.impl.jmh.SumByDoubleTest.sumByAccount_parallel_lazy_jdk,75fbfd409df7e8b84f6b0d28f4303d59487bf7ec)",0,0,0,0,0,0,0,0,0,0,0,0,0,0,0,0,0,0,0,0,0,0,0,0,0,0,0,
"(org.eclipse.collections.impl.jmh.set.sorted.SortedSetContainsTest.contains_immutable_ec,75fbfd409df7e8b84f6b0d28f4303d59487bf7ec)",0,0,0,0,0,0,0,0,0,0,0,0,0,0,0,0,0,0,0,0,0,0,0,0,0,0,0,
"(org.eclipse.collections.impl.jmh.NoneSatisfyTest.short_circuit_middle_parallel_lazy_ec,75fbfd409df7e8b84f6b0d28f4303d59487bf7ec)",0,0,0,0,0,0,0,0,0,0,0,0,0,0,0,0,0,0,0,0,0,0,0,0,0,0,0,
"(org.eclipse.collections.impl.jmh.NoneSatisfyTest.short_circuit_middle_serial_eager_ec,75fbfd409df7e8b84f6b0d28f4303d59487bf7ec)",0,0,0,0,0,0,0,0,0,0,0,0,0,0,0,0,0,0,0,0,0,0,0,0,0,0,0,
"(org.eclipse.collections.impl.jmh.MaxTest.serial_lazy_ec,75fbfd409df7e8b84f6b0d28f4303d59487bf7ec)",0,0,0,0,0,0,0,0,0,0,0,0,0,0,0,0,0,0,0,0,0,0,0,0,0,0,0,
"(org.eclipse.collections.impl.jmh.MinByIntTest.minByQuantity_serial_lazy_collect_lambda_jdk,75fbfd409df7e8b84f6b0d28f4303d59487bf7ec)",0,0,0,0,0,0,0,0,0,0,0,0,0,0,0,0,0,0,0,0,0,0,0,0,0,0,0,
"(org.eclipse.collections.impl.jmh.GroupBySetTest.groupBy_10000_keys_parallel_lazy_jdk,75fbfd409df7e8b84f6b0d28f4303d59487bf7ec)",0,0,0,0,0,0,0,0,0,0,0,0,0,0,0,0,0,0,0,0,0,0,0,0,0,0,0,
"(org.eclipse.collections.impl.jmh.CollectTest.serial_eager_ec,75fbfd409df7e8b84f6b0d28f4303d59487bf7ec)",0,0,0,0,0,0,0,0,0,0,0,0,0,0,0,0,0,0,0,0,0,0,0,0,0,0,0,
"(org.eclipse.collections.impl.jmh.CountSetTest.parallel_lazy_jdk,75fbfd409df7e8b84f6b0d28f4303d59487bf7ec)",0,0,0,0,0,0,0,0,0,0,0,0,0,0,0,0,0,0,0,0,0,0,0,0,0,0,0,
"(org.eclipse.collections.impl.jmh.list.ListIterationTest.parallel_immutable_ec,75fbfd409df7e8b84f6b0d28f4303d59487bf7ec)",0,0,0,0,0,0,0,0,0,0,0,0,0,0,0,0,0,0,0,0,0,0,0,0,0,0,0,
"(org.eclipse.collections.impl.jmh.SumOfIntTest.serial_lazy_collectLongSum_jdk,75fbfd409df7e8b84f6b0d28f4303d59487bf7ec)",0,0,0,0,0,0,0,0,0,0,0,0,0,0,0,0,0,0,0,0,0,0,0,0,0,0,0,
"(org.eclipse.collections.impl.jmh.LongIntMapTest.put,75fbfd409df7e8b84f6b0d28f4303d59487bf7ec)",0,0,0,0,0,0,0,0,0,0,0,0,0,0,0,0,0,0,0,0,0,0,0,0,0,0,0,
"(org.eclipse.collections.impl.jmh.AnySatisfyTest.process_all_serial_lazy_jdk,75fbfd409df7e8b84f6b0d28f4303d59487bf7ec)",0,0,0,0,0,0,0,0,0,0,0,0,0,0,0,0,0,0,0,0,0,0,0,0,0,0,0,
"(org.eclipse.collections.impl.jmh.FunctionalInterfaceSetTest.parallel_lazy_ec,75fbfd409df7e8b84f6b0d28f4303d59487bf7ec)",0,0,0,0,0,0,0,0,0,0,0,0,0,0,0,0,0,0,0,0,0,0,0,0,0,0,0,
"(org.eclipse.collections.impl.jmh.AllSatisfyTest.short_circuit_middle_parallel_lazy_ec,75fbfd409df7e8b84f6b0d28f4303d59487bf7ec)",0,0,0,0,0,0,0,0,0,0,0,0,0,0,0,0,0,0,0,0,0,0,0,0,0,0,0,
"(org.eclipse.collections.impl.jmh.list.ListIterationTest.serial_mutable_scala,75fbfd409df7e8b84f6b0d28f4303d59487bf7ec)",0,0,0,0,0,0,0,0,0,0,0,0,0,0,0,0,0,0,0,0,0,0,0,0,0,0,0,
"(org.eclipse.collections.impl.jmh.PartitionTest.serial_eager_ec,75fbfd409df7e8b84f6b0d28f4303d59487bf7ec)",0,0,0,0,0,0,0,0,0,0,0,0,0,0,0,0,0,0,0,0,0,0,0,0,0,0,0,
"(org.eclipse.collections.impl.jmh.AggregateByTest.aggregateByCategory_serial_lazy_jdk,75fbfd409df7e8b84f6b0d28f4303d59487bf7ec)",0,0,0,0,0,0,0,0,0,0,0,0,0,0,0,0,0,0,0,0,0,0,0,0,0,0,0,
"(org.eclipse.collections.impl.jmh.AnagramListTest.serial_lazy_streams_ec,75fbfd409df7e8b84f6b0d28f4303d59487bf7ec)",0,0,0,0,0,0,0,0,0,0,0,0,0,0,0,0,0,0,0,0,0,0,0,0,0,0,0,
"(org.eclipse.collections.impl.jmh.GroupBySetTest.groupBy_2_keys_serial_eager_scala,75fbfd409df7e8b84f6b0d28f4303d59487bf7ec)",0,0,0,0,0,0,0,0,0,0,0,0,0,0,0,0,0,0,0,0,0,0,0,0,0,0,0,
"(org.eclipse.collections.impl.jmh.SumOfIntTest.parallel_lazy_collectIntSum_streams_ec,75fbfd409df7e8b84f6b0d28f4303d59487bf7ec)",0,0,0,0,0,0,0,0,0,0,0,0,0,0,0,0,0,0,0,0,0,0,0,0,0,0,0,
"(org.eclipse.collections.impl.jmh.map.TroveMapPutTest.trove,75fbfd409df7e8b84f6b0d28f4303d59487bf7ec)",0,0,0,0,0,0,0,0,0,0,0,0,0,0,0,0,0,0,0,0,0,0,0,0,0,0,0,
"(org.eclipse.collections.impl.jmh.FlatCollectTest.serial_lazy_ec,75fbfd409df7e8b84f6b0d28f4303d59487bf7ec)",0,0,0,0,0,0,0,0,0,0,0,0,0,0,0,0,0,0,0,0,0,0,0,0,0,0,0,
"(org.eclipse.collections.impl.jmh.GroupBySetTest.groupBy_10000_keys_serial_lazy_streams_ec,75fbfd409df7e8b84f6b0d28f4303d59487bf7ec)",0,0,0,0,0,0,0,0,0,0,0,0,0,0,0,0,0,0,0,0,0,0,0,0,0,0,0,
"(org.eclipse.collections.impl.jmh.map.KolobokeMutableMapGetTest.get,75fbfd409df7e8b84f6b0d28f4303d59487bf7ec)",0,0,0,0,0,0,0,0,0,0,0,0,0,0,0,0,0,0,0,0,0,0,0,0,0,0,0,
"(org.eclipse.collections.impl.jmh.GroupBySetTest.groupBy_10000_keys_parallel_lazy_scala,75fbfd409df7e8b84f6b0d28f4303d59487bf7ec)",0,0,0,0,0,0,0,0,0,0,0,0,0,0,0,0,0,0,0,0,0,0,0,0,0,0,0,
"(org.eclipse.collections.impl.jmh.map.ChainMapPutTest.scala,75fbfd409df7e8b84f6b0d28f4303d59487bf7ec)",0,0,0,0,0,0,0,0,0,0,0,0,0,0,0,0,0,0,0,0,0,0,0,0,0,0,0,
"(org.eclipse.collections.impl.jmh.FunctionalInterfaceTest.parallel_lazy_scala,75fbfd409df7e8b84f6b0d28f4303d59487bf7ec)",0,0,0,0,0,0,0,0,0,0,0,0,0,0,0,0,0,0,0,0,0,0,0,0,0,0,0,
"(org.eclipse.collections.impl.jmh.FunctionalInterfaceTest.serial_eager_ec,75fbfd409df7e8b84f6b0d28f4303d59487bf7ec)",0,0,0,0,0,0,0,0,0,0,0,0,0,0,0,0,0,0,0,0,0,0,0,0,0,0,0,
"(org.eclipse.collections.impl.jmh.SumByDoubleTest.sumByAccount_serial_eager_ec,75fbfd409df7e8b84f6b0d28f4303d59487bf7ec)",0,0,0,0,0,0,0,0,0,0,0,0,0,0,0,0,0,0,0,0,0,0,0,0,0,0,0,
"(org.eclipse.collections.impl.jmh.SumByDoubleTest.sumByProduct_parallel_lazy_jdk,75fbfd409df7e8b84f6b0d28f4303d59487bf7ec)",0,0,0,0,0,0,0,0,0,0,0,0,0,0,0,0,0,0,0,0,0,0,0,0,0,0,0,
"(org.eclipse.collections.impl.jmh.SumOfDoubleTest.parallel_lazy_collectDoubleSum_jdk,75fbfd409df7e8b84f6b0d28f4303d59487bf7ec)",0,0,0,0,0,0,0,0,0,0,0,0,0,0,0,0,0,0,0,0,0,0,0,0,0,0,0,
"(org.eclipse.collections.impl.jmh.map.TroveMutableMapGetTest.get,75fbfd409df7e8b84f6b0d28f4303d59487bf7ec)",0,0,0,0,0,0,0,0,0,0,0,0,0,0,0,0,0,0,0,0,0,0,0,0,0,0,0,
"(org.eclipse.collections.impl.jmh.MinTest.parallel_lazy_intstream_jdk,75fbfd409df7e8b84f6b0d28f4303d59487bf7ec)",0,0,0,0,0,0,0,0,0,0,0,0,0,0,0,0,0,0,0,0,0,0,0,0,0,0,0,
"(org.eclipse.collections.impl.jmh.SumOfIntTest.parallel_lazy_collectLongSum_jdk,75fbfd409df7e8b84f6b0d28f4303d59487bf7ec)",0,0,0,0,0,0,0,0,0,0,0,0,0,0,0,0,0,0,0,0,0,0,0,0,0,0,0,
"(org.eclipse.collections.impl.jmh.set.sorted.SortedSetIterationTest.parallel_mutable_ec,75fbfd409df7e8b84f6b0d28f4303d59487bf7ec)",0,0,0,0,0,0,0,0,0,0,0,0,0,0,0,0,0,0,0,0,0,0,0,0,0,0,0,
"(org.eclipse.collections.impl.jmh.MaxByDoubleTest.maxByMarketValue_serial_lazy_collect_lambda_jdk,75fbfd409df7e8b84f6b0d28f4303d59487bf7ec)",0,0,0,0,0,0,0,0,0,0,0,0,0,0,0,0,0,0,0,0,0,0,0,0,0,0,0,
"(org.eclipse.collections.impl.jmh.NoneSatisfyTest.process_none_serial_lazy_jdk,75fbfd409df7e8b84f6b0d28f4303d59487bf7ec)",0,0,0,0,0,0,0,0,0,0,0,0,0,0,0,0,0,0,0,0,0,0,0,0,0,0,0,
"(org.eclipse.collections.impl.jmh.GroupByListTest.groupBy_100_keys_serial_lazy_scala,75fbfd409df7e8b84f6b0d28f4303d59487bf7ec)",0,0,0,0,0,0,0,0,0,0,0,0,0,0,0,0,0,0,0,0,0,0,0,0,0,0,0,
"(org.eclipse.collections.impl.jmh.LongLongMapSmallStressTest.ecRemove,75fbfd409df7e8b84f6b0d28f4303d59487bf7ec)",0,0,0,0,0,0,0,0,0,0,0,0,0,0,0,0,0,0,0,0,0,0,0,0,0,0,0,
"(org.eclipse.collections.impl.jmh.map.MapGrowthTest.mutableEcPut,75fbfd409df7e8b84f6b0d28f4303d59487bf7ec)",0,0,0,0,0,0,0,0,0,0,0,0,0,0,0,0,0,0,0,0,0,0,0,0,0,0,0,
"(org.eclipse.collections.impl.jmh.FunctionalInterfaceSetTest.serial_eager_ec,75fbfd409df7e8b84f6b0d28f4303d59487bf7ec)",0,0,0,0,0,0,0,0,0,0,0,0,0,0,0,0,0,0,0,0,0,0,0,0,0,0,0,
"(org.eclipse.collections.impl.jmh.MaxByDoubleTest.maxByMarketValue_serial_eager_ec,75fbfd409df7e8b84f6b0d28f4303d59487bf7ec)",0,0,0,0,0,0,0,0,0,0,0,0,0,0,0,0,0,0,0,0,0,0,0,0,0,0,0,
"(org.eclipse.collections.impl.jmh.MaxByIntTest.maxByQuantity_parallel_lazy_collect_methodref_jdk,75fbfd409df7e8b84f6b0d28f4303d59487bf7ec)",0,0,0,0,0,0,0,0,0,0,0,0,0,0,0,0,0,0,0,0,0,0,0,0,0,0,0,
"(org.eclipse.collections.impl.jmh.GroupByListTest.groupBy_100_keys_serial_eager_scala,75fbfd409df7e8b84f6b0d28f4303d59487bf7ec)",0,0,0,0,0,0,0,0,0,0,0,0,0,0,0,0,0,0,0,0,0,0,0,0,0,0,0,
"(org.eclipse.collections.impl.jmh.map.MapGrowthTest.immutableScalaPut,75fbfd409df7e8b84f6b0d28f4303d59487bf7ec)",0,0,0,0,0,0,0,0,0,0,0,0,0,0,0,0,0,0,0,0,0,0,0,0,0,0,0,
"(org.eclipse.collections.impl.jmh.GroupByListTest.groupBy_2_keys_serial_lazy_jdk,75fbfd409df7e8b84f6b0d28f4303d59487bf7ec)",0,0,0,0,0,0,0,0,0,0,0,0,0,0,0,0,0,0,0,0,0,0,0,0,0,0,0,
"(org.eclipse.collections.impl.jmh.MaxByDoubleTest.maxByMarketValue_serial_lazy_collect_methodref_jdk,75fbfd409df7e8b84f6b0d28f4303d59487bf7ec)",0,0,0,0,0,0,0,0,0,0,0,0,0,0,0,0,0,0,0,0,0,0,0,0,0,0,0,
"(org.eclipse.collections.impl.jmh.SumByDoubleTest.sumByProduct_serial_lazy_jdk,75fbfd409df7e8b84f6b0d28f4303d59487bf7ec)",0,0,0,0,0,0,0,0,0,0,0,0,0,0,0,0,0,0,0,0,0,0,0,0,0,0,0,
"(org.eclipse.collections.impl.jmh.AggregateByTest.aggregateByProduct_parallel_eager_ec,75fbfd409df7e8b84f6b0d28f4303d59487bf7ec)",0,0,0,0,0,0,0,0,0,0,0,0,0,0,0,0,0,0,0,0,0,0,0,0,0,0,0,
"(org.eclipse.collections.impl.jmh.AnagramSetTest.serial_lazy_streams_ec,75fbfd409df7e8b84f6b0d28f4303d59487bf7ec)",0,0,0,0,0,0,0,0,0,0,0,0,0,0,0,0,0,0,0,0,0,0,0,0,0,0,0,
"(org.eclipse.collections.impl.jmh.MaxTest.serial_lazy_jdk,75fbfd409df7e8b84f6b0d28f4303d59487bf7ec)",0,0,0,0,0,0,0,0,0,0,0,0,0,0,0,0,0,0,0,0,0,0,0,0,0,0,0,
"(org.eclipse.collections.impl.jmh.AnagramBagTest.parallel_lazy_ec,75fbfd409df7e8b84f6b0d28f4303d59487bf7ec)",0,0,0,0,0,0,0,0,0,0,0,0,0,0,0,0,0,0,0,0,0,0,0,0,0,0,0,
"(org.eclipse.collections.impl.jmh.GroupByListTest.groupBy_2_keys_serial_lazy_ec,75fbfd409df7e8b84f6b0d28f4303d59487bf7ec)",0,0,0,0,0,0,0,0,0,0,0,0,0,0,0,0,0,0,0,0,0,0,0,0,0,0,0,
"(org.eclipse.collections.impl.jmh.CollectIfTest.serial_lazy_ec,75fbfd409df7e8b84f6b0d28f4303d59487bf7ec)",0,0,0,0,0,0,0,0,0,0,0,0,0,0,0,0,0,0,0,0,0,0,0,0,0,0,0,
"(org.eclipse.collections.impl.jmh.AggregateByTest.aggregateByProduct_parallel_lazy_ec,75fbfd409df7e8b84f6b0d28f4303d59487bf7ec)",0,0,0,0,0,0,0,0,0,0,0,0,0,0,0,0,0,0,0,0,0,0,0,0,0,0,0,
"(org.eclipse.collections.impl.jmh.SumByDoubleTest.sumByAccount_serial_lazy_jdk,75fbfd409df7e8b84f6b0d28f4303d59487bf7ec)",0,0,0,0,0,0,0,0,0,0,0,0,0,0,0,0,0,0,0,0,0,0,0,0,0,0,0,
"(org.eclipse.collections.impl.jmh.AnySatisfyTest.process_all_serial_lazy_streams_ec,75fbfd409df7e8b84f6b0d28f4303d59487bf7ec)",0,0,0,0,0,0,0,0,0,0,0,0,0,0,0,0,0,0,0,0,0,0,0,0,0,0,0,
"(org.eclipse.collections.impl.jmh.GroupBySetTest.groupBy_unordered_lists_10000_keys_serial_eager_guava,75fbfd409df7e8b84f6b0d28f4303d59487bf7ec)",0,0,0,0,0,0,0,0,0,0,0,0,0,0,0,0,0,0,0,0,0,0,0,0,0,0,0,
"(org.eclipse.collections.impl.jmh.MaxByIntTest.maxByQuantity_serial_lazy_collect_lambda_jdk,75fbfd409df7e8b84f6b0d28f4303d59487bf7ec)",0,0,0,0,0,0,0,0,0,0,0,0,0,0,0,0,0,0,0,0,0,0,0,0,0,0,0,
"(org.eclipse.collections.impl.jmh.FunctionalInterfaceTest.serial_eager_scala,75fbfd409df7e8b84f6b0d28f4303d59487bf7ec)",0,0,0,0,0,0,0,0,0,0,0,0,0,0,0,0,0,0,0,0,0,0,0,0,0,0,0,
"(org.eclipse.collections.impl.jmh.MinTest.serial_lazy_jdk,75fbfd409df7e8b84f6b0d28f4303d59487bf7ec)",0,0,0,0,0,0,0,0,0,0,0,0,0,0,0,0,0,0,0,0,0,0,0,0,0,0,0,
"(org.eclipse.collections.impl.jmh.IntIntMapLargeStressTest.kolobokeRemove,75fbfd409df7e8b84f6b0d28f4303d59487bf7ec)",0,0,0,0,0,0,0,0,0,0,0,0,0,0,0,0,0,0,0,0,0,0,0,0,0,0,0,
"(org.eclipse.collections.impl.jmh.SelectTest.parallel_lazy_jdk,75fbfd409df7e8b84f6b0d28f4303d59487bf7ec)",0,0,0,0,0,0,0,0,0,0,0,0,0,0,0,0,0,0,0,0,0,0,0,0,0,0,0,
"(org.eclipse.collections.impl.jmh.IntIntMapSmallStressTest.kolobokeRemove,75fbfd409df7e8b84f6b0d28f4303d59487bf7ec)",0,0,0,0,0,0,0,0,0,0,0,0,0,0,0,0,0,0,0,0,0,0,0,0,0,0,0,
"(org.eclipse.collections.impl.jmh.SumOfIntTest.parallel_lazy_directSumOfInt_ec,75fbfd409df7e8b84f6b0d28f4303d59487bf7ec)",0,0,0,0,0,0,0,0,0,0,0,0,0,0,0,0,0,0,0,0,0,0,0,0,0,0,0,
"(org.eclipse.collections.impl.jmh.GroupBySetTest.groupBy_unordered_lists_10000_keys_serial_lazy_ec,75fbfd409df7e8b84f6b0d28f4303d59487bf7ec)",0,0,0,0,0,0,0,0,0,0,0,0,0,0,0,0,0,0,0,0,0,0,0,0,0,0,0,
"(org.eclipse.collections.impl.jmh.GroupBySetTest.groupBy_100_keys_parallel_lazy_scala,75fbfd409df7e8b84f6b0d28f4303d59487bf7ec)",0,0,0,0,0,0,0,0,0,0,0,0,0,0,0,0,0,0,0,0,0,0,0,0,0,0,0,
"(org.eclipse.collections.impl.jmh.AggregateByTest.aggregateInPlaceByCategory_parallel_eager_ec,75fbfd409df7e8b84f6b0d28f4303d59487bf7ec)",0,0,0,0,0,0,0,0,0,0,0,0,0,0,0,0,0,0,0,0,0,0,0,0,0,0,0,
"(org.eclipse.collections.impl.jmh.AggregateByTest.aggregateByAccount_serial_lazy_ec,75fbfd409df7e8b84f6b0d28f4303d59487bf7ec)",0,0,0,0,0,0,0,0,0,0,0,0,0,0,0,0,0,0,0,0,0,0,0,0,0,0,0,
"(org.eclipse.collections.impl.jmh.CollectIfTest.parallel_lazy_streams_ec,75fbfd409df7e8b84f6b0d28f4303d59487bf7ec)",0,0,0,0,0,0,0,0,0,0,0,0,0,0,0,0,0,0,0,0,0,0,0,0,0,0,0,
"(org.eclipse.collections.impl.jmh.GroupBySetTest.groupBy_10000_keys_parallel_lazy_ec,75fbfd409df7e8b84f6b0d28f4303d59487bf7ec)",0,0,0,0,0,0,0,0,0,0,0,0,0,0,0,0,0,0,0,0,0,0,0,0,0,0,0,
"(org.eclipse.collections.impl.jmh.set.sorted.SortedSetIterationTest.parallel_immutable_ec,75fbfd409df7e8b84f6b0d28f4303d59487bf7ec)",0,0,0,0,0,0,0,0,0,0,0,0,0,0,0,0,0,0,0,0,0,0,0,0,0,0,0,
"(org.eclipse.collections.impl.jmh.ListAddAllTest.jdk,75fbfd409df7e8b84f6b0d28f4303d59487bf7ec)",0,0,0,0,0,0,0,0,0,0,0,0,0,0,0,0,0,0,0,0,0,0,0,0,0,0,0,
"(org.eclipse.collections.impl.jmh.SumOfDoubleTest.serial_eager_directSumOfDouble_ec,75fbfd409df7e8b84f6b0d28f4303d59487bf7ec)",0,0,0,0,0,0,0,0,0,0,0,0,0,0,0,0,0,0,0,0,0,0,0,0,0,0,0,
"(org.eclipse.collections.impl.jmh.AnagramBagTest.parallel_eager_forkjoin_ec,75fbfd409df7e8b84f6b0d28f4303d59487bf7ec)",0,0,0,0,0,0,0,0,0,0,0,0,0,0,0,0,0,0,0,0,0,0,0,0,0,0,0,
"(org.eclipse.collections.impl.jmh.CountSetTest.serial_lazy_scala,75fbfd409df7e8b84f6b0d28f4303d59487bf7ec)",0,0,0,0,0,0,0,0,0,0,0,0,0,0,0,0,0,0,0,0,0,0,0,0,0,0,0,
"(org.eclipse.collections.impl.jmh.GroupByListTest.groupBy_10000_keys_serial_eager_ec,75fbfd409df7e8b84f6b0d28f4303d59487bf7ec)",0,0,0,0,0,0,0,0,0,0,0,0,0,0,0,0,0,0,0,0,0,0,0,0,0,0,0,
"(org.eclipse.collections.impl.jmh.CollectTest.serial_lazy_jdk,75fbfd409df7e8b84f6b0d28f4303d59487bf7ec)",0,0,0,0,0,0,0,0,0,0,0,0,0,0,0,0,0,0,0,0,0,0,0,0,0,0,0,
"(org.eclipse.collections.impl.jmh.AnySatisfyTest.short_circuit_middle_parallel_lazy_scala,75fbfd409df7e8b84f6b0d28f4303d59487bf7ec)",0,0,0,0,0,0,0,0,0,0,0,0,0,0,0,0,0,0,0,0,0,0,0,0,0,0,0,
"(org.eclipse.collections.impl.jmh.MinByIntTest.minByQuantity_serial_lazy_ec,75fbfd409df7e8b84f6b0d28f4303d59487bf7ec)",0,0,0,0,0,0,0,0,0,0,0,0,0,0,0,0,0,0,0,0,0,0,0,0,0,0,0,
"(org.eclipse.collections.impl.jmh.IntIntMapSmallStressTest.ecPut,75fbfd409df7e8b84f6b0d28f4303d59487bf7ec)",0,0,0,0,0,0,0,0,0,0,0,0,0,0,0,0,0,0,0,0,0,0,0,0,0,0,0,
"(org.eclipse.collections.impl.jmh.SumByDoubleTest.sumByCategory_parallel_lazy_jdk,75fbfd409df7e8b84f6b0d28f4303d59487bf7ec)",0,0,0,0,0,0,0,0,0,0,0,0,0,0,0,0,0,0,0,0,0,0,0,0,0,0,0,
"(org.eclipse.collections.impl.jmh.SelectTest.parallel_eager_ec,75fbfd409df7e8b84f6b0d28f4303d59487bf7ec)",0,0,0,0,0,0,0,0,0,0,0,0,0,0,0,0,0,0,0,0,0,0,0,0,0,0,0,
"(org.eclipse.collections.impl.jmh.set.sorted.SortedSetIterationTest.serial_mutable_ec,75fbfd409df7e8b84f6b0d28f4303d59487bf7ec)",0,0,0,0,0,0,0,0,0,0,0,0,0,0,0,0,0,0,0,0,0,0,0,0,0,0,0,
"(org.eclipse.collections.impl.jmh.CountSetTest.parallel_lazy_streams_ec,75fbfd409df7e8b84f6b0d28f4303d59487bf7ec)",0,0,0,0,0,0,0,0,0,0,0,0,0,0,0,0,0,0,0,0,0,0,0,0,0,0,0,
"(org.eclipse.collections.impl.jmh.set.sorted.SortedSetIterationTest.serial_immutable_ec,75fbfd409df7e8b84f6b0d28f4303d59487bf7ec)",0,0,0,0,0,0,0,0,0,0,0,0,0,0,0,0,0,0,0,0,0,0,0,0,0,0,0,
"(org.eclipse.collections.impl.jmh.AggregateByTest.aggregateInPlaceByAccount_parallel_lazy_ec,75fbfd409df7e8b84f6b0d28f4303d59487bf7ec)",0,0,0,0,0,0,0,0,0,0,0,0,0,0,0,0,0,0,0,0,0,0,0,0,0,0,0,
"(org.eclipse.collections.impl.jmh.MinByIntTest.minByQuantity_serial_lazy_direct_lambda_jdk,75fbfd409df7e8b84f6b0d28f4303d59487bf7ec)",0,0,0,0,0,0,0,0,0,0,0,0,0,0,0,0,0,0,0,0,0,0,0,0,0,0,0,
"(org.eclipse.collections.impl.jmh.GroupByListTest.groupBy_100_keys_serial_lazy_jdk,75fbfd409df7e8b84f6b0d28f4303d59487bf7ec)",0,0,0,0,0,0,0,0,0,0,0,0,0,0,0,0,0,0,0,0,0,0,0,0,0,0,0,
"(org.eclipse.collections.impl.jmh.SumByDoubleTest.sumByAccount_parallel_eager_ec,75fbfd409df7e8b84f6b0d28f4303d59487bf7ec)",0,0,0,0,0,0,0,0,0,0,0,0,0,0,0,0,0,0,0,0,0,0,0,0,0,0,0,
"(org.eclipse.collections.impl.jmh.FunctionalInterfaceTest.serial_lazy_ec,75fbfd409df7e8b84f6b0d28f4303d59487bf7ec)",0,0,0,0,0,0,0,0,0,0,0,0,0,0,0,0,0,0,0,0,0,0,0,0,0,0,0,
"(org.eclipse.collections.impl.jmh.SumByBigDecimalTest.sumByBigDecimalCategory_serial_eager_ec,75fbfd409df7e8b84f6b0d28f4303d59487bf7ec)",0,0,0,0,0,0,0,0,0,0,0,0,0,0,0,0,0,0,0,0,0,0,0,0,0,0,0,
"(org.eclipse.collections.impl.jmh.CollectTest.parallel_lazy_scala,75fbfd409df7e8b84f6b0d28f4303d59487bf7ec)",0,0,0,0,0,0,0,0,0,0,0,0,0,0,0,0,0,0,0,0,0,0,0,0,0,0,0,
"(org.eclipse.collections.impl.jmh.NoneSatisfyTest.short_circuit_middle_serial_lazy_ec,75fbfd409df7e8b84f6b0d28f4303d59487bf7ec)",0,0,0,0,0,0,0,0,0,0,0,0,0,0,0,0,0,0,0,0,0,0,0,0,0,0,0,
"(org.eclipse.collections.impl.jmh.IntIntMapSmallStressTest.kolobokeGet,75fbfd409df7e8b84f6b0d28f4303d59487bf7ec)",0,0,0,0,0,0,0,0,0,0,0,0,0,0,0,0,0,0,0,0,0,0,0,0,0,0,0,
"(org.eclipse.collections.impl.jmh.CollectTest.serial_lazy_ec,75fbfd409df7e8b84f6b0d28f4303d59487bf7ec)",0,0,0,0,0,0,0,0,0,0,0,0,0,0,0,0,0,0,0,0,0,0,0,0,0,0,0,
"(org.eclipse.collections.impl.jmh.LongIntMapTest.remove,75fbfd409df7e8b84f6b0d28f4303d59487bf7ec)",0,0,0,0,0,0,0,0,0,0,0,0,0,0,0,0,0,0,0,0,0,0,0,0,0,0,0,
"(org.eclipse.collections.impl.jmh.AnagramBagTest.serial_lazy_streams_ec,75fbfd409df7e8b84f6b0d28f4303d59487bf7ec)",0,0,0,0,0,0,0,0,0,0,0,0,0,0,0,0,0,0,0,0,0,0,0,0,0,0,0,
"(org.eclipse.collections.impl.jmh.CountSetTest.serial_lazy_ec,75fbfd409df7e8b84f6b0d28f4303d59487bf7ec)",0,0,0,0,0,0,0,0,0,0,0,0,0,0,0,0,0,0,0,0,0,0,0,0,0,0,0,
"(org.eclipse.collections.impl.jmh.CollectIfTest.serial_lazy_streams_ec,75fbfd409df7e8b84f6b0d28f4303d59487bf7ec)",0,0,0,0,0,0,0,0,0,0,0,0,0,0,0,0,0,0,0,0,0,0,0,0,0,0,0,
"(org.eclipse.collections.impl.jmh.CountSetTest.parallel_lazy_ec,75fbfd409df7e8b84f6b0d28f4303d59487bf7ec)",0,0,0,0,0,0,0,0,0,0,0,0,0,0,0,0,0,0,0,0,0,0,0,0,0,0,0,
"(org.eclipse.collections.impl.jmh.map.ScalaImmutableMapGetTest.get,75fbfd409df7e8b84f6b0d28f4303d59487bf7ec)",0,0,0,0,0,0,0,0,0,0,0,0,0,0,0,0,0,0,0,0,0,0,0,0,0,0,0,
"(org.eclipse.collections.impl.jmh.AnySatisfyTest.short_circuit_middle_serial_eager_scala,75fbfd409df7e8b84f6b0d28f4303d59487bf7ec)",0,0,0,0,0,0,0,0,0,0,0,0,0,0,0,0,0,0,0,0,0,0,0,0,0,0,0,
"(org.eclipse.collections.impl.jmh.map.ChainMapPutTest.ec,75fbfd409df7e8b84f6b0d28f4303d59487bf7ec)",0,0,0,0,0,0,0,0,0,0,0,0,0,0,0,0,0,0,0,0,0,0,0,0,0,0,0,
"(org.eclipse.collections.impl.jmh.AggregateByTest.aggregateByAccount_parallel_eager_ec,75fbfd409df7e8b84f6b0d28f4303d59487bf7ec)",0,0,0,0,0,0,0,0,0,0,0,0,0,0,0,0,0,0,0,0,0,0,0,0,0,0,0,
"(org.eclipse.collections.impl.jmh.FunctionalInterfaceTest.parallel_lazy_ec_hand_coded,75fbfd409df7e8b84f6b0d28f4303d59487bf7ec)",0,0,0,0,0,0,0,0,0,0,0,0,0,0,0,0,0,0,0,0,0,0,0,0,0,0,0,
"(org.eclipse.collections.impl.jmh.SumByDoubleTest.sumByProduct_parallel_lazy_streams_ec,75fbfd409df7e8b84f6b0d28f4303d59487bf7ec)",0,0,0,0,0,0,0,0,0,0,0,0,0,0,0,0,0,0,0,0,0,0,0,0,0,0,0,
"(org.eclipse.collections.impl.jmh.AnagramListTest.parallel_lazy_streams_ec,75fbfd409df7e8b84f6b0d28f4303d59487bf7ec)",0,0,0,0,0,0,0,0,0,0,0,0,0,0,0,0,0,0,0,0,0,0,0,0,0,0,0,
"(org.eclipse.collections.impl.jmh.CountSetTest.serial_eager_scala,75fbfd409df7e8b84f6b0d28f4303d59487bf7ec)",0,0,0,0,0,0,0,0,0,0,0,0,0,0,0,0,0,0,0,0,0,0,0,0,0,0,0,
"(org.eclipse.collections.impl.jmh.LongLongMapLargeStressTest.ecPut,75fbfd409df7e8b84f6b0d28f4303d59487bf7ec)",0,0,0,0,0,0,0,0,0,0,0,0,0,0,0,0,0,0,0,0,0,0,0,0,0,0,0,
"(org.eclipse.collections.impl.jmh.GroupBySetTest.groupBy_10000_keys_serial_lazy_jdk,75fbfd409df7e8b84f6b0d28f4303d59487bf7ec)",0,0,0,0,0,0,0,0,0,0,0,0,0,0,0,0,0,0,0,0,0,0,0,0,0,0,0,
"(org.eclipse.collections.impl.jmh.GroupBySetTest.groupBy_100_keys_serial_lazy_jdk,75fbfd409df7e8b84f6b0d28f4303d59487bf7ec)",0,0,0,0,0,0,0,0,0,0,0,0,0,0,0,0,0,0,0,0,0,0,0,0,0,0,0,
"(org.eclipse.collections.impl.jmh.MaxTest.parallel_lazy_ec,75fbfd409df7e8b84f6b0d28f4303d59487bf7ec)",0,0,0,0,0,0,0,0,0,0,0,0,0,0,0,0,0,0,0,0,0,0,0,0,0,0,0,
"(org.eclipse.collections.impl.jmh.SumOfIntTest.parallel_lazy_collectLongSum_streams_ec,75fbfd409df7e8b84f6b0d28f4303d59487bf7ec)",0,0,0,0,0,0,0,0,0,0,0,0,0,0,0,0,0,0,0,0,0,0,0,0,0,0,0,
"(org.eclipse.collections.impl.jmh.AggregateByTest.aggregateByAccount_parallel_lazy_streams_ec,75fbfd409df7e8b84f6b0d28f4303d59487bf7ec)",0,0,0,0,0,0,0,0,0,0,0,0,0,0,0,0,0,0,0,0,0,0,0,0,0,0,0,
"(org.eclipse.collections.impl.jmh.GroupBySetTest.groupBy_100_keys_parallel_lazy_jdk,75fbfd409df7e8b84f6b0d28f4303d59487bf7ec)",0,0,0,0,0,0,0,0,0,0,0,0,0,0,0,0,0,0,0,0,0,0,0,0,0,0,0,
"(org.eclipse.collections.impl.jmh.AnySatisfyTest.short_circuit_middle_serial_eager_ec,75fbfd409df7e8b84f6b0d28f4303d59487bf7ec)",0,0,0,0,0,0,0,0,0,0,0,0,0,0,0,0,0,0,0,0,0,0,0,0,0,0,0,
"(org.eclipse.collections.impl.jmh.AllSatisfyTest.short_circuit_middle_serial_lazy_streams_ec,75fbfd409df7e8b84f6b0d28f4303d59487bf7ec)",0,0,0,0,0,0,0,0,0,0,0,0,0,0,0,0,0,0,0,0,0,0,0,0,0,0,0,
"(org.eclipse.collections.impl.jmh.GroupByListTest.groupBy_10000_keys_serial_lazy_scala,75fbfd409df7e8b84f6b0d28f4303d59487bf7ec)",0,0,0,0,0,0,0,0,0,0,0,0,0,0,0,0,0,0,0,0,0,0,0,0,0,0,0,
"(org.eclipse.collections.impl.jmh.GroupByListTest.groupBy_100_keys_serial_lazy_ec,75fbfd409df7e8b84f6b0d28f4303d59487bf7ec)",0,0,0,0,0,0,0,0,0,0,0,0,0,0,0,0,0,0,0,0,0,0,0,0,0,0,0,
"(org.eclipse.collections.impl.jmh.GroupBySetTest.groupBy_unordered_lists_100_keys_serial_lazy_ec,75fbfd409df7e8b84f6b0d28f4303d59487bf7ec)",0,0,0,0,0,0,0,0,0,0,0,0,0,0,0,0,0,0,0,0,0,0,0,0,0,0,0,
"(org.eclipse.collections.impl.jmh.MinByIntTest.minByQuantity_parallel_lazy_collect_lambda_jdk,75fbfd409df7e8b84f6b0d28f4303d59487bf7ec)",0,0,0,0,0,0,0,0,0,0,0,0,0,0,0,0,0,0,0,0,0,0,0,0,0,0,0,
"(org.eclipse.collections.impl.jmh.NoneSatisfyTest.process_none_serial_eager_ec,75fbfd409df7e8b84f6b0d28f4303d59487bf7ec)",0,0,0,0,0,0,0,0,0,0,0,0,0,0,0,0,0,0,0,0,0,0,0,0,0,0,0,
"(org.eclipse.collections.impl.jmh.CountTest.parallel_lazy_jdk,75fbfd409df7e8b84f6b0d28f4303d59487bf7ec)",0,0,0,0,0,0,0,0,0,0,0,0,0,0,0,0,0,0,0,0,0,0,0,0,0,0,0,
"(org.eclipse.collections.impl.jmh.PartitionTest.serial_lazy_streams_ec,75fbfd409df7e8b84f6b0d28f4303d59487bf7ec)",0,0,0,0,0,0,0,0,0,0,0,0,0,0,0,0,0,0,0,0,0,0,0,0,0,0,0,
"(org.eclipse.collections.impl.jmh.SumByBigDecimalTest.sumByBigDecimalCategory_parallel_eager_ec,75fbfd409df7e8b84f6b0d28f4303d59487bf7ec)",0,0,0,0,0,0,0,0,0,0,0,0,0,0,0,0,0,0,0,0,0,0,0,0,0,0,0,
"(org.eclipse.collections.impl.jmh.IntIntMapLargeStressTest.kolobokePut,75fbfd409df7e8b84f6b0d28f4303d59487bf7ec)",0,0,0,0,0,0,0,0,0,0,0,0,0,0,0,0,0,0,0,0,0,0,0,0,0,0,0,
"(org.eclipse.collections.impl.jmh.MaxByDoubleTest.maxByMarketValue_serial_lazy_ec,75fbfd409df7e8b84f6b0d28f4303d59487bf7ec)",0,0,0,0,0,0,0,0,0,0,0,0,0,0,0,0,0,0,0,0,0,0,0,0,0,0,0,
"(org.eclipse.collections.impl.jmh.MinTest.parallel_lazy_streams_ec,75fbfd409df7e8b84f6b0d28f4303d59487bf7ec)",0,0,0,0,0,0,0,0,0,0,0,0,0,0,0,0,0,0,0,0,0,0,0,0,0,0,0,
"(org.eclipse.collections.impl.jmh.CollectTest.parallel_lazy_streams_ec,75fbfd409df7e8b84f6b0d28f4303d59487bf7ec)",0,0,0,0,0,0,0,0,0,0,0,0,0,0,0,0,0,0,0,0,0,0,0,0,0,0,0,
"(org.eclipse.collections.impl.jmh.CountTest.serial_lazy_scala,75fbfd409df7e8b84f6b0d28f4303d59487bf7ec)",0,0,0,0,0,0,0,0,0,0,0,0,0,0,0,0,0,0,0,0,0,0,0,0,0,0,0,
"(org.eclipse.collections.impl.jmh.MaxTest.parallel_lazy_reverse_ec,75fbfd409df7e8b84f6b0d28f4303d59487bf7ec)",0,0,0,0,0,0,0,0,0,0,0,0,0,0,0,0,0,0,0,0,0,0,0,0,0,0,0,
"(org.eclipse.collections.impl.jmh.SumOfIntTest.parallel_lazy_collectIntSum_jdk,75fbfd409df7e8b84f6b0d28f4303d59487bf7ec)",0,0,0,0,0,0,0,0,0,0,0,0,0,0,0,0,0,0,0,0,0,0,0,0,0,0,0,
"(org.eclipse.collections.impl.jmh.MinByDoubleTest.minByMarketValue_parallel_lazy_collect_methodref_jdk,75fbfd409df7e8b84f6b0d28f4303d59487bf7ec)",0,0,0,0,0,0,0,0,0,0,0,0,0,0,0,0,0,0,0,0,0,0,0,0,0,0,0,
"(org.eclipse.collections.impl.jmh.MinTest.serial_lazy_intstream_jdk,75fbfd409df7e8b84f6b0d28f4303d59487bf7ec)",0,0,0,0,0,0,0,0,0,0,0,0,0,0,0,0,0,0,0,0,0,0,0,0,0,0,0,
"(org.eclipse.collections.impl.jmh.PartitionTest.serial_lazy_ec,75fbfd409df7e8b84f6b0d28f4303d59487bf7ec)",0,0,0,0,0,0,0,0,0,0,0,0,0,0,0,0,0,0,0,0,0,0,0,0,0,0,0,
"(org.eclipse.collections.impl.jmh.SelectTest.serial_lazy_ec,75fbfd409df7e8b84f6b0d28f4303d59487bf7ec)",0,0,0,0,0,0,0,0,0,0,0,0,0,0,0,0,0,0,0,0,0,0,0,0,0,0,0,
"(org.eclipse.collections.impl.jmh.SumOfIntTest.serial_lazy_collectIntSum_ec,75fbfd409df7e8b84f6b0d28f4303d59487bf7ec)",0,0,0,0,0,0,0,0,0,0,0,0,0,0,0,0,0,0,0,0,0,0,0,0,0,0,0,
"(org.eclipse.collections.impl.jmh.AnySatisfyTest.short_circuit_middle_parallel_lazy_jdk,75fbfd409df7e8b84f6b0d28f4303d59487bf7ec)",0,0,0,0,0,0,0,0,0,0,0,0,0,0,0,0,0,0,0,0,0,0,0,0,0,0,0,
"(org.eclipse.collections.impl.jmh.MaxByDoubleTest.maxByMarketValue_serial_lazy_direct_lambda_jdk,75fbfd409df7e8b84f6b0d28f4303d59487bf7ec)",0,0,0,0,0,0,0,0,0,0,0,0,0,0,0,0,0,0,0,0,0,0,0,0,0,0,0,
"(org.eclipse.collections.impl.jmh.CountTest.serial_lazy_ec,75fbfd409df7e8b84f6b0d28f4303d59487bf7ec)",0,0,0,0,0,0,0,0,0,0,0,0,0,0,0,0,0,0,0,0,0,0,0,0,0,0,0,
"(org.eclipse.collections.impl.jmh.GroupBySetTest.groupBy_100_keys_serial_lazy_streams_ec,75fbfd409df7e8b84f6b0d28f4303d59487bf7ec)",0,0,0,0,0,0,0,0,0,0,0,0,0,0,0,0,0,0,0,0,0,0,0,0,0,0,0,
"(org.eclipse.collections.impl.jmh.SumByDoubleTest.sumByCategory_serial_lazy_streams_ec,75fbfd409df7e8b84f6b0d28f4303d59487bf7ec)",0,0,0,0,0,0,0,0,0,0,0,0,0,0,0,0,0,0,0,0,0,0,0,0,0,0,0,
"(org.eclipse.collections.impl.jmh.ListEqualTest.ec,75fbfd409df7e8b84f6b0d28f4303d59487bf7ec)",0,0,0,0,0,0,0,0,0,0,0,0,0,0,0,0,0,0,0,0,0,0,0,0,0,0,0,
"(org.eclipse.collections.impl.jmh.SumOfIntTest.serial_lazy_collectIntSum_streams_ec,75fbfd409df7e8b84f6b0d28f4303d59487bf7ec)",0,0,0,0,0,0,0,0,0,0,0,0,0,0,0,0,0,0,0,0,0,0,0,0,0,0,0,
"(org.eclipse.collections.impl.jmh.AnagramSetTest.parallel_lazy_jdk,75fbfd409df7e8b84f6b0d28f4303d59487bf7ec)",0,0,0,0,0,0,0,0,0,0,0,0,0,0,0,0,0,0,0,0,0,0,0,0,0,0,0,
"(org.eclipse.collections.impl.jmh.SumByBigDecimalTest.sumByBigDecimalAccount_serial_eager_ec,75fbfd409df7e8b84f6b0d28f4303d59487bf7ec)",0,0,0,0,0,0,0,0,0,0,0,0,0,0,0,0,0,0,0,0,0,0,0,0,0,0,0,
"(org.eclipse.collections.impl.jmh.CountSetTest.parallel_eager_ec,75fbfd409df7e8b84f6b0d28f4303d59487bf7ec)",0,0,0,0,0,0,0,0,0,0,0,0,0,0,0,0,0,0,0,0,0,0,0,0,0,0,0,
"(org.eclipse.collections.impl.jmh.MaxByIntTest.maxByQuantity_serial_eager_ec,75fbfd409df7e8b84f6b0d28f4303d59487bf7ec)",0,0,0,0,0,0,0,0,0,0,0,0,0,0,0,0,0,0,0,0,0,0,0,0,0,0,0,
"(org.eclipse.collections.impl.jmh.SumByDoubleTest.sumByAccount_parallel_lazy_streams_ec,75fbfd409df7e8b84f6b0d28f4303d59487bf7ec)",0,0,0,0,0,0,0,0,0,0,0,0,0,0,0,0,0,0,0,0,0,0,0,0,0,0,0,
"(org.eclipse.collections.impl.jmh.set.sorted.SortedSetContainsTest.contains_mutable_scala,75fbfd409df7e8b84f6b0d28f4303d59487bf7ec)",0,0,0,0,0,0,0,0,0,0,0,0,0,0,0,0,0,0,0,0,0,0,0,0,0,0,0,
"(org.eclipse.collections.impl.jmh.map.KolobokeMapPutTest.koloboke,75fbfd409df7e8b84f6b0d28f4303d59487bf7ec)",0,0,0,0,0,0,0,0,0,0,0,0,0,0,0,0,0,0,0,0,0,0,0,0,0,0,0,
"(org.eclipse.collections.impl.jmh.SumOfDoubleTest.serial_lazy_directSumOfDouble_ec,7ec64b42cdaaf6da583e9db30c0f04cda34450f6)",0,0,0,0,0,0,0,0,0,0,0,0,0,0,0,0,0,0,0,0,0,0,0,0,0,0,0,
"(org.eclipse.collections.impl.jmh.IntIntMapSmallStressTest.ecGet,7ec64b42cdaaf6da583e9db30c0f04cda34450f6)",0,0,0,0,0,0,0,0,0,0,0,0,0,0,0,0,0,0,0,0,0,0,0,0,0,0,0,
"(org.eclipse.collections.impl.jmh.FunctionalInterfaceTest.parallel_lazy_ec,7ec64b42cdaaf6da583e9db30c0f04cda34450f6)",0,0,0,0,0,0,0,0,0,0,0,0,0,0,0,0,0,0,0,0,0,0,0,0,0,0,0,
"(org.eclipse.collections.impl.jmh.LongLongMapSmallStressTest.kolobokeGet,7ec64b42cdaaf6da583e9db30c0f04cda34450f6)",0,0,0,0,0,0,0,0,0,0,0,0,0,0,0,0,0,0,0,0,0,0,0,0,0,0,0,
"(org.eclipse.collections.impl.jmh.SumOfDoubleTest.serial_lazy_collectDoubleSum_jdk,7ec64b42cdaaf6da583e9db30c0f04cda34450f6)",0,0,0,0,0,0,0,0,0,0,0,0,0,0,0,0,0,0,0,0,0,0,0,0,0,0,0,
"(org.eclipse.collections.impl.jmh.set.sorted.SortedSetContainsTest.contains_mutable_ec,7ec64b42cdaaf6da583e9db30c0f04cda34450f6)",0,0,0,0,0,0,0,0,0,0,0,0,0,0,0,0,0,0,0,0,0,0,0,0,0,0,0,
"(org.eclipse.collections.impl.jmh.MinByDoubleTest.minByMarketValue_serial_lazy_collect_lambda_jdk,7ec64b42cdaaf6da583e9db30c0f04cda34450f6)",0,0,0,0,0,0,0,0,0,0,0,0,0,0,0,0,0,0,0,0,0,0,0,0,0,0,0,
"(org.eclipse.collections.impl.jmh.GroupByListTest.groupBy_100_keys_serial_eager_guava,7ec64b42cdaaf6da583e9db30c0f04cda34450f6)",0,0,0,0,0,0,0,0,0,0,0,0,0,0,0,0,0,0,0,0,0,0,0,0,0,0,0,
"(org.eclipse.collections.impl.jmh.AnagramSetTest.parallel_lazy_ec,7ec64b42cdaaf6da583e9db30c0f04cda34450f6)",0,0,0,0,0,0,0,0,0,0,0,0,0,0,0,0,0,0,0,0,0,0,0,0,0,0,0,
"(org.eclipse.collections.impl.jmh.MaxByIntTest.maxByQuantity_parallel_lazy_direct_lambda_jdk,7ec64b42cdaaf6da583e9db30c0f04cda34450f6)",0,0,0,0,0,0,0,0,0,0,0,0,0,0,0,0,0,0,0,0,0,0,0,0,0,0,0,
"(org.eclipse.collections.impl.jmh.MinTest.serial_eager_ec,7ec64b42cdaaf6da583e9db30c0f04cda34450f6)",0,0,0,0,0,0,0,0,0,0,0,0,0,0,0,0,0,0,0,0,0,0,0,0,0,0,0,
"(org.eclipse.collections.impl.jmh.GroupBySetTest.groupBy_2_keys_parallel_lazy_ec,7ec64b42cdaaf6da583e9db30c0f04cda34450f6)",0,0,0,0,0,0,0,0,0,0,0,0,0,0,0,0,0,0,0,0,0,0,0,0,0,0,0,
"(org.eclipse.collections.impl.jmh.AggregateByTest.aggregateByAccount_parallel_lazy_ec,7ec64b42cdaaf6da583e9db30c0f04cda34450f6)",0,0,0,0,0,0,0,0,0,0,0,0,0,0,0,0,0,0,0,0,0,0,0,0,0,0,0,
"(org.eclipse.collections.impl.jmh.CollectTest.parallel_lazy_jdk,7ec64b42cdaaf6da583e9db30c0f04cda34450f6)",0,0,0,0,0,0,0,0,0,0,0,0,0,0,0,0,0,0,0,0,0,0,0,0,0,0,0,
"(org.eclipse.collections.impl.jmh.IntIntMapTest.put,7ec64b42cdaaf6da583e9db30c0f04cda34450f6)",0,0,0,0,0,0,0,0,0,0,0,0,0,0,0,0,0,0,0,0,0,0,0,0,0,0,0,
"(org.eclipse.collections.impl.jmh.RejectTest.serial_lazy_streams_ec_lambda_negate,7ec64b42cdaaf6da583e9db30c0f04cda34450f6)",0,0,0,0,0,0,0,0,0,0,0,0,0,0,0,0,0,0,0,0,0,0,0,0,0,0,0,
"(org.eclipse.collections.impl.jmh.AggregateByTest.aggregateByProduct_serial_lazy_ec,7ec64b42cdaaf6da583e9db30c0f04cda34450f6)",0,0,0,0,0,0,0,0,0,0,0,0,0,0,0,0,0,0,0,0,0,0,0,0,0,0,0,
"(org.eclipse.collections.impl.jmh.IntIntMapLargeStressTest.jdkGet,7ec64b42cdaaf6da583e9db30c0f04cda34450f6)",0,0,0,0,0,0,0,0,0,0,0,0,0,0,0,0,0,0,0,0,0,0,0,0,0,0,0,
"(org.eclipse.collections.impl.jmh.GroupByListTest.groupBy_100_keys_serial_eager_ec,7ec64b42cdaaf6da583e9db30c0f04cda34450f6)",0,0,0,0,0,0,0,0,0,0,0,0,0,0,0,0,0,0,0,0,0,0,0,0,0,0,0,
"(org.eclipse.collections.impl.jmh.AggregateByTest.aggregateByProduct_serial_eager_ec,7ec64b42cdaaf6da583e9db30c0f04cda34450f6)",0,0,0,0,0,0,0,0,0,0,0,0,0,0,0,0,0,0,0,0,0,0,0,0,0,0,0,
"(org.eclipse.collections.impl.jmh.MaxTest.serial_lazy_intstream_jdk,7ec64b42cdaaf6da583e9db30c0f04cda34450f6)",0,0,0,0,0,0,0,0,0,0,0,0,0,0,0,0,0,0,0,0,0,0,0,0,0,0,0,
"(org.eclipse.collections.impl.jmh.FlatCollectTest.serial_lazy_jdk,7ec64b42cdaaf6da583e9db30c0f04cda34450f6)",0,0,0,0,0,0,0,0,0,0,0,0,0,0,0,0,0,0,0,0,0,0,0,0,0,0,0,
"(org.eclipse.collections.impl.jmh.GroupBySetTest.groupBy_unordered_lists_2_keys_serial_eager_guava,7ec64b42cdaaf6da583e9db30c0f04cda34450f6)",0,0,0,0,0,0,0,0,0,0,0,0,0,0,0,0,0,0,0,0,0,0,0,0,0,0,0,
"(org.eclipse.collections.impl.jmh.AnagramListTest.parallel_eager_forkjoin_ec,7ec64b42cdaaf6da583e9db30c0f04cda34450f6)",0,0,0,0,0,0,0,0,0,0,0,0,0,0,0,0,0,0,0,0,0,0,0,0,0,0,0,
"(org.eclipse.collections.impl.jmh.AnySatisfyTest.process_all_serial_lazy_ec,7ec64b42cdaaf6da583e9db30c0f04cda34450f6)",0,0,0,0,0,0,0,0,0,0,0,0,0,0,0,0,0,0,0,0,0,0,0,0,0,0,0,
"(org.eclipse.collections.impl.jmh.FunctionalInterfaceSetTest.serial_lazy_jdk,7ec64b42cdaaf6da583e9db30c0f04cda34450f6)",0,0,0,0,0,0,0,0,0,0,0,0,0,0,0,0,0,0,0,0,0,0,0,0,0,0,0,
"(org.eclipse.collections.impl.jmh.MaxByIntTest.maxByQuantity_serial_lazy_direct_lambda_jdk,7ec64b42cdaaf6da583e9db30c0f04cda34450f6)",0,0,0,0,0,0,0,0,0,0,0,0,0,0,0,0,0,0,0,0,0,0,0,0,0,0,0,
"(org.eclipse.collections.impl.jmh.MaxTest.parallel_lazy_intstream_jdk,7ec64b42cdaaf6da583e9db30c0f04cda34450f6)",0,0,0,0,0,0,0,0,0,0,0,0,0,0,0,0,0,0,0,0,0,0,0,0,0,0,0,
"(org.eclipse.collections.impl.jmh.SumOfDoubleTest.serial_lazy_collectDoubleSum_ec,7ec64b42cdaaf6da583e9db30c0f04cda34450f6)",0,0,0,0,0,0,0,0,0,0,0,0,0,0,0,0,0,0,0,0,0,0,0,0,0,0,0,
"(org.eclipse.collections.impl.jmh.AggregateByTest.aggregateByCategory_serial_eager_ec,7ec64b42cdaaf6da583e9db30c0f04cda34450f6)",0,0,0,0,0,0,0,0,0,0,0,0,0,0,0,0,0,0,0,0,0,0,0,0,0,0,0,
"(org.eclipse.collections.impl.jmh.IntIntMapTest.get,7ec64b42cdaaf6da583e9db30c0f04cda34450f6)",0,0,0,0,0,0,0,0,0,0,0,0,0,0,0,0,0,0,0,0,0,0,0,0,0,0,0,
"(org.eclipse.collections.impl.jmh.AggregateByTest.aggregateInPlaceByProduct_serial_eager_ec,7ec64b42cdaaf6da583e9db30c0f04cda34450f6)",0,0,0,0,0,0,0,0,0,0,0,0,0,0,0,0,0,0,0,0,0,0,0,0,0,0,0,
"(org.eclipse.collections.impl.jmh.LongLongMapLargeStressTest.kolobokePut,7ec64b42cdaaf6da583e9db30c0f04cda34450f6)",0,0,0,0,0,0,0,0,0,0,0,0,0,0,0,0,0,0,0,0,0,0,0,0,0,0,0,
"(org.eclipse.collections.impl.jmh.MaxTest.serial_lazy_reverse_ec,7ec64b42cdaaf6da583e9db30c0f04cda34450f6)",0,0,0,0,0,0,0,0,0,0,0,0,0,0,0,0,0,0,0,0,0,0,0,0,0,0,0,
"(org.eclipse.collections.impl.jmh.GroupBySetTest.groupBy_2_keys_serial_lazy_scala,7ec64b42cdaaf6da583e9db30c0f04cda34450f6)",0,0,0,0,0,0,0,0,0,0,0,0,0,0,0,0,0,0,0,0,0,0,0,0,0,0,0,
"(org.eclipse.collections.impl.jmh.GroupByListTest.groupBy_2_keys_serial_eager_guava,7ec64b42cdaaf6da583e9db30c0f04cda34450f6)",0,0,0,0,0,0,0,0,0,0,0,0,0,0,0,0,0,0,0,0,0,0,0,0,0,0,0,
"(org.eclipse.collections.impl.jmh.AnySatisfyTest.short_circuit_middle_serial_lazy_scala,7ec64b42cdaaf6da583e9db30c0f04cda34450f6)",0,0,0,0,0,0,0,0,0,0,0,0,0,0,0,0,0,0,0,0,0,0,0,0,0,0,0,
"(org.eclipse.collections.impl.jmh.GroupBySetTest.groupBy_2_keys_parallel_lazy_scala,7ec64b42cdaaf6da583e9db30c0f04cda34450f6)",0,0,0,0,0,0,0,0,0,0,0,0,0,0,0,0,0,0,0,0,0,0,0,0,0,0,0,
"(org.eclipse.collections.impl.jmh.FunctionalInterfaceTest.parallel_eager_ec,7ec64b42cdaaf6da583e9db30c0f04cda34450f6)",0,0,0,0,0,0,0,0,0,0,0,0,0,0,0,0,0,0,0,0,0,0,0,0,0,0,0,
"(org.eclipse.collections.impl.jmh.AggregateByTest.aggregateByProduct_serial_lazy_streams_ec,7ec64b42cdaaf6da583e9db30c0f04cda34450f6)",0,0,0,0,0,0,0,0,0,0,0,0,0,0,0,0,0,0,0,0,0,0,0,0,0,0,0,
"(org.eclipse.collections.impl.jmh.FunctionalInterfaceTest.serial_eager_ec_hand_coded,7ec64b42cdaaf6da583e9db30c0f04cda34450f6)",0,0,0,0,0,0,0,0,0,0,0,0,0,0,0,0,0,0,0,0,0,0,0,0,0,0,0,
"(org.eclipse.collections.impl.jmh.SumByDoubleTest.sumByAccount_serial_lazy_streams_ec,7ec64b42cdaaf6da583e9db30c0f04cda34450f6)",0,0,0,0,0,0,0,0,0,0,0,0,0,0,0,0,0,0,0,0,0,0,0,0,0,0,0,
"(org.eclipse.collections.impl.jmh.AllSatisfyTest.short_circuit_middle_parallel_lazy_jdk,7ec64b42cdaaf6da583e9db30c0f04cda34450f6)",0,0,0,0,0,0,0,0,0,0,0,0,0,0,0,0,0,0,0,0,0,0,0,0,0,0,0,
"(org.eclipse.collections.impl.jmh.map.JdkMutableMapGetTest.get,7ec64b42cdaaf6da583e9db30c0f04cda34450f6)",0,0,0,0,0,0,0,0,0,0,0,0,0,0,0,0,0,0,0,0,0,0,0,0,0,0,0,
"(org.eclipse.collections.impl.jmh.GroupBySetTest.groupBy_unordered_lists_100_keys_serial_eager_guava,7ec64b42cdaaf6da583e9db30c0f04cda34450f6)",0,0,0,0,0,0,0,0,0,0,0,0,0,0,0,0,0,0,0,0,0,0,0,0,0,0,0,
"(org.eclipse.collections.impl.jmh.AggregateByTest.aggregateInPlaceByCategory_serial_eager_ec,7ec64b42cdaaf6da583e9db30c0f04cda34450f6)",0,0,0,0,0,0,0,0,0,0,0,0,0,0,0,0,0,0,0,0,0,0,0,0,0,0,0,
"(org.eclipse.collections.impl.jmh.MaxTest.parallel_lazy_streams_ec,7ec64b42cdaaf6da583e9db30c0f04cda34450f6)",0,0,0,0,0,0,0,0,0,0,0,0,0,0,0,0,0,0,0,0,0,0,0,0,0,0,0,
"(org.eclipse.collections.impl.jmh.SumOfDoubleTest.parallel_lazy_directSumOfDouble_ec,7ec64b42cdaaf6da583e9db30c0f04cda34450f6)",0,0,0,0,0,0,0,0,0,0,0,0,0,0,0,0,0,0,0,0,0,0,0,0,0,0,0,
"(org.eclipse.collections.impl.jmh.GroupBySetTest.groupBy_10000_keys_serial_lazy_scala,7ec64b42cdaaf6da583e9db30c0f04cda34450f6)",0,0,0,0,0,0,0,0,0,0,0,0,0,0,0,0,0,0,0,0,0,0,0,0,0,0,0,
"(org.eclipse.collections.impl.jmh.GroupBySetTest.groupBy_100_keys_serial_eager_ec,7ec64b42cdaaf6da583e9db30c0f04cda34450f6)",0,0,0,0,0,0,0,0,0,0,0,0,0,0,0,0,0,0,0,0,0,0,0,0,0,0,0,
"(org.eclipse.collections.impl.jmh.MinTest.serial_eager_reverse_ec,7ec64b42cdaaf6da583e9db30c0f04cda34450f6)",0,0,0,0,0,0,0,0,0,0,0,0,0,0,0,0,0,0,0,0,0,0,0,0,0,0,0,
"(org.eclipse.collections.impl.jmh.AggregateByTest.aggregateByProduct_parallel_lazy_jdk,7ec64b42cdaaf6da583e9db30c0f04cda34450f6)",0,0,0,0,0,0,0,0,0,0,0,0,0,0,0,0,0,0,0,0,0,0,0,0,0,0,0,
"(org.eclipse.collections.impl.jmh.AggregateByTest.aggregateByAccount_serial_eager_ec,7ec64b42cdaaf6da583e9db30c0f04cda34450f6)",0,0,0,0,0,0,0,0,0,0,0,0,0,0,0,0,0,0,0,0,0,0,0,0,0,0,0,
"(org.eclipse.collections.impl.jmh.AggregateByTest.aggregateInPlaceByAccount_serial_eager_ec,7ec64b42cdaaf6da583e9db30c0f04cda34450f6)",0,0,0,0,0,0,0,0,0,0,0,0,0,0,0,0,0,0,0,0,0,0,0,0,0,0,0,
"(org.eclipse.collections.impl.jmh.GroupBySetTest.groupBy_100_keys_serial_lazy_scala,7ec64b42cdaaf6da583e9db30c0f04cda34450f6)",0,0,0,0,0,0,0,0,0,0,0,0,0,0,0,0,0,0,0,0,0,0,0,0,0,0,0,
"(org.eclipse.collections.impl.jmh.map.ChainMapPutTest.hppc,7ec64b42cdaaf6da583e9db30c0f04cda34450f6)",0,0,0,0,0,0,0,0,0,0,0,0,0,0,0,0,0,0,0,0,0,0,0,0,0,0,0,
"(org.eclipse.collections.impl.jmh.SelectTest.serial_lazy_jdk,7ec64b42cdaaf6da583e9db30c0f04cda34450f6)",0,0,0,0,0,0,0,0,0,0,0,0,0,0,0,0,0,0,0,0,0,0,0,0,0,0,0,
"(org.eclipse.collections.impl.jmh.MaxTest.parallel_lazy_jdk,7ec64b42cdaaf6da583e9db30c0f04cda34450f6)",0,0,0,0,0,0,0,0,0,0,0,0,0,0,0,0,0,0,0,0,0,0,0,0,0,0,0,
"(org.eclipse.collections.impl.jmh.AnySatisfyTest.process_all_serial_eager_scala,7ec64b42cdaaf6da583e9db30c0f04cda34450f6)",0,0,0,0,0,0,0,0,0,0,0,0,0,0,0,0,0,0,0,0,0,0,0,0,0,0,0,
"(org.eclipse.collections.impl.jmh.SumByBigDecimalTest.sumByBigDecimalProduct_parallel_eager_ec,7ec64b42cdaaf6da583e9db30c0f04cda34450f6)",0,0,0,0,0,0,0,0,0,0,0,0,0,0,0,0,0,0,0,0,0,0,0,0,0,0,0,
"(org.eclipse.collections.impl.jmh.CollectTest.parallel_eager_ec,7ec64b42cdaaf6da583e9db30c0f04cda34450f6)",0,0,0,0,0,0,0,0,0,0,0,0,0,0,0,0,0,0,0,0,0,0,0,0,0,0,0,
"(org.eclipse.collections.impl.jmh.FunctionalInterfaceSetTest.parallel_lazy_jdk,7ec64b42cdaaf6da583e9db30c0f04cda34450f6)",0,0,0,0,0,0,0,0,0,0,0,0,0,0,0,0,0,0,0,0,0,0,0,0,0,0,0,
"(org.eclipse.collections.impl.jmh.SumOfIntTest.serial_lazy_collectLongSum_streams_ec,7ec64b42cdaaf6da583e9db30c0f04cda34450f6)",0,0,0,0,0,0,0,0,0,0,0,0,0,0,0,0,0,0,0,0,0,0,0,0,0,0,0,
"(org.eclipse.collections.impl.jmh.GroupByListTest.groupBy_2_keys_serial_lazy_scala,7ec64b42cdaaf6da583e9db30c0f04cda34450f6)",0,0,0,0,0,0,0,0,0,0,0,0,0,0,0,0,0,0,0,0,0,0,0,0,0,0,0,
"(org.eclipse.collections.impl.jmh.GroupBySetTest.groupBy_10000_keys_serial_eager_ec,7ec64b42cdaaf6da583e9db30c0f04cda34450f6)",0,0,0,0,0,0,0,0,0,0,0,0,0,0,0,0,0,0,0,0,0,0,0,0,0,0,0,
"(org.eclipse.collections.impl.jmh.MinTest.parallel_lazy_reverse_jdk,7ec64b42cdaaf6da583e9db30c0f04cda34450f6)",0,0,0,0,0,0,0,0,0,0,0,0,0,0,0,0,0,0,0,0,0,0,0,0,0,0,0,
"(org.eclipse.collections.impl.jmh.MinTest.serial_lazy_reverse_streams_ec,7ec64b42cdaaf6da583e9db30c0f04cda34450f6)",0,0,0,0,0,0,0,0,0,0,0,0,0,0,0,0,0,0,0,0,0,0,0,0,0,0,0,
"(org.eclipse.collections.impl.jmh.FunctionalInterfaceTest.parallel_lazy_scala_hand_coded,7ec64b42cdaaf6da583e9db30c0f04cda34450f6)",0,0,0,0,0,0,0,0,0,0,0,0,0,0,0,0,0,0,0,0,0,0,0,0,0,0,0,
"(org.eclipse.collections.impl.jmh.SumByDoubleTest.sumByProduct_parallel_eager_ec,7ec64b42cdaaf6da583e9db30c0f04cda34450f6)",0,0,0,0,0,0,0,0,0,0,0,0,0,0,0,0,0,0,0,0,0,0,0,0,0,0,0,
"(org.eclipse.collections.impl.jmh.MaxByDoubleTest.maxByMarketValue_parallel_lazy_collect_lambda_jdk,7ec64b42cdaaf6da583e9db30c0f04cda34450f6)",0,0,0,0,0,0,0,0,0,0,0,0,0,0,0,0,0,0,0,0,0,0,0,0,0,0,0,
"(org.eclipse.collections.impl.jmh.LongLongMapSmallStressTest.kolobokePut,7ec64b42cdaaf6da583e9db30c0f04cda34450f6)",0,0,0,0,0,0,0,0,0,0,0,0,0,0,0,0,0,0,0,0,0,0,0,0,0,0,0,
"(org.eclipse.collections.impl.jmh.GroupBySetTest.groupBy_2_keys_parallel_lazy_streams_ec,7ec64b42cdaaf6da583e9db30c0f04cda34450f6)",0,0,0,0,0,0,0,0,0,0,0,0,0,0,0,0,0,0,0,0,0,0,0,0,0,0,0,
"(org.eclipse.collections.impl.jmh.NoneSatisfyTest.short_circuit_middle_serial_lazy_jdk,7ec64b42cdaaf6da583e9db30c0f04cda34450f6)",0,0,0,0,0,0,0,0,0,0,0,0,0,0,0,0,0,0,0,0,0,0,0,0,0,0,0,
"(org.eclipse.collections.impl.jmh.NoneSatisfyTest.short_circuit_middle_parallel_lazy_jdk,7ec64b42cdaaf6da583e9db30c0f04cda34450f6)",0,0,0,0,0,0,0,0,0,0,0,0,0,0,0,0,0,0,0,0,0,0,0,0,0,0,0,
"(org.eclipse.collections.impl.jmh.IntIntMapTest.presizedPut,7ec64b42cdaaf6da583e9db30c0f04cda34450f6)",0,0,0,0,0,0,0,0,0,0,0,0,0,0,0,0,0,0,0,0,0,0,0,0,0,0,0,
"(org.eclipse.collections.impl.jmh.AnagramListTest.parallel_lazy_jdk,7ec64b42cdaaf6da583e9db30c0f04cda34450f6)",0,0,0,0,0,0,0,0,0,0,0,0,0,0,0,0,0,0,0,0,0,0,0,0,0,0,0,
"(org.eclipse.collections.impl.jmh.CountTest.parallel_lazy_streams_ec,7ec64b42cdaaf6da583e9db30c0f04cda34450f6)",0,0,0,0,0,0,0,0,0,0,0,0,0,0,0,0,0,0,0,0,0,0,0,0,0,0,0,
"(org.eclipse.collections.impl.jmh.IntIntMapSmallStressTest.ecRemove,7ec64b42cdaaf6da583e9db30c0f04cda34450f6)",0,0,0,0,0,0,0,0,0,0,0,0,0,0,0,0,0,0,0,0,0,0,0,0,0,0,0,
"(org.eclipse.collections.impl.jmh.SumByDoubleTest.sumByCategory_serial_lazy_jdk,7ec64b42cdaaf6da583e9db30c0f04cda34450f6)",0,0,0,0,0,0,0,0,0,0,0,0,0,0,0,0,0,0,0,0,0,0,0,0,0,0,0,
"(org.eclipse.collections.impl.jmh.SumOfIntTest.serial_lazy_collectIntSum_jdk,7ec64b42cdaaf6da583e9db30c0f04cda34450f6)",0,0,0,0,0,0,0,0,0,0,0,0,0,0,0,0,0,0,0,0,0,0,0,0,0,0,0,
"(org.eclipse.collections.impl.jmh.list.ListIterationTest.parallel_mutable_scala,7ec64b42cdaaf6da583e9db30c0f04cda34450f6)",0,0,0,0,0,0,0,0,0,0,0,0,0,0,0,0,0,0,0,0,0,0,0,0,0,0,0,
"(org.eclipse.collections.impl.jmh.SumByDoubleTest.sumByCategory_parallel_lazy_streams_ec,7ec64b42cdaaf6da583e9db30c0f04cda34450f6)",0,0,0,0,0,0,0,0,0,0,0,0,0,0,0,0,0,0,0,0,0,0,0,0,0,0,0,
"(org.eclipse.collections.impl.jmh.MinByIntTest.minByQuantity_parallel_lazy_direct_lambda_jdk,7ec64b42cdaaf6da583e9db30c0f04cda34450f6)",0,0,0,0,0,0,0,0,0,0,0,0,0,0,0,0,0,0,0,0,0,0,0,0,0,0,0,
"(org.eclipse.collections.impl.jmh.set.sorted.SortedSetContainsTest.contains_immutable_scala,7ec64b42cdaaf6da583e9db30c0f04cda34450f6)",0,0,0,0,0,0,0,0,0,0,0,0,0,0,0,0,0,0,0,0,0,0,0,0,0,0,0,
"(org.eclipse.collections.impl.jmh.SumOfIntTest.serial_lazy_directSumOfInt_ec,7ec64b42cdaaf6da583e9db30c0f04cda34450f6)",0,0,0,0,0,0,0,0,0,0,0,0,0,0,0,0,0,0,0,0,0,0,0,0,0,0,0,
"(org.eclipse.collections.impl.jmh.MinTest.serial_lazy_reverse_jdk,7ec64b42cdaaf6da583e9db30c0f04cda34450f6)",0,0,0,0,0,0,0,0,0,0,0,0,0,0,0,0,0,0,0,0,0,0,0,0,0,0,0,
"(org.eclipse.collections.impl.jmh.MinTest.parallel_lazy_intstream_streams_ec,7ec64b42cdaaf6da583e9db30c0f04cda34450f6)",0,0,0,0,0,0,0,0,0,0,0,0,0,0,0,0,0,0,0,0,0,0,0,0,0,0,0,
"(org.eclipse.collections.impl.jmh.AggregateByTest.aggregateByCategory_parallel_lazy_ec,7ec64b42cdaaf6da583e9db30c0f04cda34450f6)",0,0,0,0,0,0,0,0,0,0,0,0,0,0,0,0,0,0,0,0,0,0,0,0,0,0,0,
"(org.eclipse.collections.impl.jmh.MaxTest.parallel_lazy_intstream_streams_ec,7ec64b42cdaaf6da583e9db30c0f04cda34450f6)",0,0,0,0,0,0,0,0,0,0,0,0,0,0,0,0,0,0,0,0,0,0,0,0,0,0,0,
"(org.eclipse.collections.impl.jmh.AggregateByTest.aggregateByAccount_serial_lazy_jdk,7ec64b42cdaaf6da583e9db30c0f04cda34450f6)",0,0,0,0,0,0,0,0,0,0,0,0,0,0,0,0,0,0,0,0,0,0,0,0,0,0,0,
"(org.eclipse.collections.impl.jmh.FunctionalInterfaceSetTest.serial_lazy_ec,7ec64b42cdaaf6da583e9db30c0f04cda34450f6)",0,0,0,0,0,0,0,0,0,0,0,0,0,0,0,0,0,0,0,0,0,0,0,0,0,0,0,
"(org.eclipse.collections.impl.jmh.set.sorted.SortedSetIterationTest.serial_mutable_scala,7ec64b42cdaaf6da583e9db30c0f04cda34450f6)",0,0,0,0,0,0,0,0,0,0,0,0,0,0,0,0,0,0,0,0,0,0,0,0,0,0,0,
"(org.eclipse.collections.impl.jmh.GroupByListTest.groupBy_10000_keys_serial_lazy_ec,7ec64b42cdaaf6da583e9db30c0f04cda34450f6)",0,0,0,0,0,0,0,0,0,0,0,0,0,0,0,0,0,0,0,0,0,0,0,0,0,0,0,
"(org.eclipse.collections.impl.jmh.MaxTest.serial_lazy_reverse_streams_ec,7ec64b42cdaaf6da583e9db30c0f04cda34450f6)",0,0,0,0,0,0,0,0,0,0,0,0,0,0,0,0,0,0,0,0,0,0,0,0,0,0,0,
"(org.eclipse.collections.impl.jmh.AnagramSetTest.parallel_lazy_scala,7ec64b42cdaaf6da583e9db30c0f04cda34450f6)",0,0,0,0,0,0,0,0,0,0,0,0,0,0,0,0,0,0,0,0,0,0,0,0,0,0,0,
"(org.eclipse.collections.impl.jmh.MaxByDoubleTest.maxByMarketValue_parallel_lazy_direct_methodref_jdk,7ec64b42cdaaf6da583e9db30c0f04cda34450f6)",0,0,0,0,0,0,0,0,0,0,0,0,0,0,0,0,0,0,0,0,0,0,0,0,0,0,0,
"(org.eclipse.collections.impl.jmh.map.ScalaAnyRefMapGetTest.get,7ec64b42cdaaf6da583e9db30c0f04cda34450f6)",0,0,0,0,0,0,0,0,0,0,0,0,0,0,0,0,0,0,0,0,0,0,0,0,0,0,0,
"(org.eclipse.collections.impl.jmh.map.ScalaAnyRefMapPutTest.scalaAnyRef,7ec64b42cdaaf6da583e9db30c0f04cda34450f6)",0,0,0,0,0,0,0,0,0,0,0,0,0,0,0,0,0,0,0,0,0,0,0,0,0,0,0,
"(org.eclipse.collections.impl.jmh.CollectIfTest.serial_eager_ec,7ec64b42cdaaf6da583e9db30c0f04cda34450f6)",0,0,0,0,0,0,0,0,0,0,0,0,0,0,0,0,0,0,0,0,0,0,0,0,0,0,0,
"(org.eclipse.collections.impl.jmh.AllSatisfyTest.process_all_parallel_lazy_streams_ec,7ec64b42cdaaf6da583e9db30c0f04cda34450f6)",0,0,0,0,0,0,0,0,0,0,0,0,0,0,0,0,0,0,0,0,0,0,0,0,0,0,0,
"(org.eclipse.collections.impl.jmh.ListAddAllTest.ec,7ec64b42cdaaf6da583e9db30c0f04cda34450f6)",0,0,0,0,0,0,0,0,0,0,0,0,0,0,0,0,0,0,0,0,0,0,0,0,0,0,0,
"(org.eclipse.collections.impl.jmh.AggregateByTest.aggregateByCategory_parallel_lazy_streams_ec,7ec64b42cdaaf6da583e9db30c0f04cda34450f6)",0,0,0,0,0,0,0,0,0,0,0,0,0,0,0,0,0,0,0,0,0,0,0,0,0,0,0,
"(org.eclipse.collections.impl.jmh.CountTest.parallel_eager_ec,7ec64b42cdaaf6da583e9db30c0f04cda34450f6)",0,0,0,0,0,0,0,0,0,0,0,0,0,0,0,0,0,0,0,0,0,0,0,0,0,0,0,
"(org.eclipse.collections.impl.jmh.IntIntMapLargeStressTest.jdkRemove,7ec64b42cdaaf6da583e9db30c0f04cda34450f6)",0,0,0,0,0,0,0,0,0,0,0,0,0,0,0,0,0,0,0,0,0,0,0,0,0,0,0,
"(org.eclipse.collections.impl.jmh.AggregateByTest.aggregateByCategory_serial_lazy_streams_ec,7ec64b42cdaaf6da583e9db30c0f04cda34450f6)",0,0,0,0,0,0,0,0,0,0,0,0,0,0,0,0,0,0,0,0,0,0,0,0,0,0,0,
"(org.eclipse.collections.impl.jmh.AnagramSetTest.parallel_eager_forkjoin_ec,7ec64b42cdaaf6da583e9db30c0f04cda34450f6)",0,0,0,0,0,0,0,0,0,0,0,0,0,0,0,0,0,0,0,0,0,0,0,0,0,0,0,
"(org.eclipse.collections.impl.jmh.MinByIntTest.minByQuantity_parallel_lazy_collect_methodref_jdk,7ec64b42cdaaf6da583e9db30c0f04cda34450f6)",0,0,0,0,0,0,0,0,0,0,0,0,0,0,0,0,0,0,0,0,0,0,0,0,0,0,0,
"(org.eclipse.collections.impl.jmh.AggregateByTest.aggregateByAccount_serial_lazy_streams_ec,7ec64b42cdaaf6da583e9db30c0f04cda34450f6)",0,0,0,0,0,0,0,0,0,0,0,0,0,0,0,0,0,0,0,0,0,0,0,0,0,0,0,
"(org.eclipse.collections.impl.jmh.GroupBySetTest.groupBy_2_keys_serial_eager_ec,7ec64b42cdaaf6da583e9db30c0f04cda34450f6)",0,0,0,0,0,0,0,0,0,0,0,0,0,0,0,0,0,0,0,0,0,0,0,0,0,0,0,
"(org.eclipse.collections.impl.jmh.GroupByListTest.groupBy_10000_keys_serial_lazy_jdk,7ec64b42cdaaf6da583e9db30c0f04cda34450f6)",0,0,0,0,0,0,0,0,0,0,0,0,0,0,0,0,0,0,0,0,0,0,0,0,0,0,0,
"(org.eclipse.collections.impl.jmh.GroupByListTest.groupBy_2_keys_serial_eager_ec,7ec64b42cdaaf6da583e9db30c0f04cda34450f6)",0,0,0,0,0,0,0,0,0,0,0,0,0,0,0,0,0,0,0,0,0,0,0,0,0,0,0,
"(org.eclipse.collections.impl.jmh.GroupBySetTest.groupBy_unordered_lists_2_keys_serial_lazy_ec,7ec64b42cdaaf6da583e9db30c0f04cda34450f6)",0,0,0,0,0,0,0,0,0,0,0,0,0,0,0,0,0,0,0,0,0,0,0,0,0,0,0,
"(org.eclipse.collections.impl.jmh.MaxTest.serial_lazy_intstream_streams_ec,7ec64b42cdaaf6da583e9db30c0f04cda34450f6)",0,0,0,0,0,0,0,0,0,0,0,0,0,0,0,0,0,0,0,0,0,0,0,0,0,0,0,
"(org.eclipse.collections.impl.jmh.AllSatisfyTest.process_all_serial_lazy_ec,7ec64b42cdaaf6da583e9db30c0f04cda34450f6)",0,0,0,0,0,0,0,0,0,0,0,0,0,0,0,0,0,0,0,0,0,0,0,0,0,0,0,
"(org.eclipse.collections.impl.jmh.IntIntMapLargeStressTest.kolobokeGet,7ec64b42cdaaf6da583e9db30c0f04cda34450f6)",0,0,0,0,0,0,0,0,0,0,0,0,0,0,0,0,0,0,0,0,0,0,0,0,0,0,0,
"(org.eclipse.collections.impl.jmh.GroupByListTest.groupBy_10000_keys_serial_eager_guava,7ec64b42cdaaf6da583e9db30c0f04cda34450f6)",0,0,0,0,0,0,0,0,0,0,0,0,0,0,0,0,0,0,0,0,0,0,0,0,0,0,0,
"(org.eclipse.collections.impl.jmh.LongLongMapSmallStressTest.ecPut,7ec64b42cdaaf6da583e9db30c0f04cda34450f6)",0,0,0,0,0,0,0,0,0,0,0,0,0,0,0,0,0,0,0,0,0,0,0,0,0,0,0,
"(org.eclipse.collections.impl.jmh.GroupByListTest.groupBy_100_keys_serial_lazy_streams_ec,7ec64b42cdaaf6da583e9db30c0f04cda34450f6)",0,0,0,0,0,0,0,0,0,0,0,0,0,0,0,0,0,0,0,0,0,0,0,0,0,0,0,
"(org.eclipse.collections.impl.jmh.AllSatisfyTest.short_circuit_middle_serial_lazy_jdk,7ec64b42cdaaf6da583e9db30c0f04cda34450f6)",0,0,0,0,0,0,0,0,0,0,0,0,0,0,0,0,0,0,0,0,0,0,0,0,0,0,0,
"(org.eclipse.collections.impl.jmh.MaxByIntTest.maxByQuantity_serial_lazy_ec,7ec64b42cdaaf6da583e9db30c0f04cda34450f6)",0,0,0,0,0,0,0,0,0,0,0,0,0,0,0,0,0,0,0,0,0,0,0,0,0,0,0,
"(org.eclipse.collections.impl.jmh.MinByIntTest.minByQuantity_parallel_lazy_direct_methodref_jdk,7ec64b42cdaaf6da583e9db30c0f04cda34450f6)",0,0,0,0,0,0,0,0,0,0,0,0,0,0,0,0,0,0,0,0,0,0,0,0,0,0,0,
"(org.eclipse.collections.impl.jmh.GroupByListTest.groupBy_2_keys_serial_lazy_streams_ec,7ec64b42cdaaf6da583e9db30c0f04cda34450f6)",0,0,0,0,0,0,0,0,0,0,0,0,0,0,0,0,0,0,0,0,0,0,0,0,0,0,0,
"(org.eclipse.collections.impl.jmh.AggregateByTest.aggregateInPlaceByProduct_parallel_lazy_ec,7ec64b42cdaaf6da583e9db30c0f04cda34450f6)",0,0,0,0,0,0,0,0,0,0,0,0,0,0,0,0,0,0,0,0,0,0,0,0,0,0,0,
"(org.eclipse.collections.impl.jmh.CollectIfTest.serial_lazy_jdk,7ec64b42cdaaf6da583e9db30c0f04cda34450f6)",0,0,0,0,0,0,0,0,0,0,0,0,0,0,0,0,0,0,0,0,0,0,0,0,0,0,0,
"(org.eclipse.collections.impl.jmh.AnagramListTest.serial_eager_ec,7ec64b42cdaaf6da583e9db30c0f04cda34450f6)",0,0,0,0,0,0,0,0,0,0,0,0,0,0,0,0,0,0,0,0,0,0,0,0,0,0,0,
"(org.eclipse.collections.impl.jmh.CollectIfTest.parallel_eager_ec,7ec64b42cdaaf6da583e9db30c0f04cda34450f6)",0,0,0,0,0,0,0,0,0,0,0,0,0,0,0,0,0,0,0,0,0,0,0,0,0,0,0,
"(org.eclipse.collections.impl.jmh.IntIntMapSmallStressTest.jdkGet,7ec64b42cdaaf6da583e9db30c0f04cda34450f6)",0,0,0,0,0,0,0,0,0,0,0,0,0,0,0,0,0,0,0,0,0,0,0,0,0,0,0,
"(org.eclipse.collections.impl.jmh.IntIntMapTest.remove,7ec64b42cdaaf6da583e9db30c0f04cda34450f6)",0,0,0,0,0,0,0,0,0,0,0,0,0,0,0,0,0,0,0,0,0,0,0,0,0,0,0,
"(org.eclipse.collections.impl.jmh.AnagramSetTest.serial_eager_scala,7ec64b42cdaaf6da583e9db30c0f04cda34450f6)",0,0,0,0,0,0,0,0,0,0,0,0,0,0,0,0,0,0,0,0,0,0,0,0,0,0,0,
"(org.eclipse.collections.impl.jmh.CountTest.serial_eager_scala,7ec64b42cdaaf6da583e9db30c0f04cda34450f6)",0,0,0,0,0,0,0,0,0,0,0,0,0,0,0,0,0,0,0,0,0,0,0,0,0,0,0,
"(org.eclipse.collections.impl.jmh.AnagramListTest.parallel_eager_ec,7ec64b42cdaaf6da583e9db30c0f04cda34450f6)",0,0,0,0,0,0,0,0,0,0,0,0,0,0,0,0,0,0,0,0,0,0,0,0,0,0,0,
"(org.eclipse.collections.impl.jmh.LongLongMapLargeStressTest.kolobokeRemove,7ec64b42cdaaf6da583e9db30c0f04cda34450f6)",0,0,0,0,0,0,0,0,0,0,0,0,0,0,0,0,0,0,0,0,0,0,0,0,0,0,0,
"(org.eclipse.collections.impl.jmh.map.ScalaMutableMapGetTest.get,7ec64b42cdaaf6da583e9db30c0f04cda34450f6)",0,0,0,0,0,0,0,0,0,0,0,0,0,0,0,0,0,0,0,0,0,0,0,0,0,0,0,
"(org.eclipse.collections.impl.jmh.list.ListIterationTest.parallel_mutable_ec,7ec64b42cdaaf6da583e9db30c0f04cda34450f6)",0,0,0,0,0,0,0,0,0,0,0,0,0,0,0,0,0,0,0,0,0,0,0,0,0,0,0,
"(org.eclipse.collections.impl.jmh.AggregateByTest.aggregateByCategory_parallel_eager_ec,7ec64b42cdaaf6da583e9db30c0f04cda34450f6)",0,0,0,0,0,0,0,0,0,0,0,0,0,0,0,0,0,0,0,0,0,0,0,0,0,0,0,
"(org.eclipse.collections.impl.jmh.AggregateByTest.aggregateInPlaceByCategory_parallel_lazy_ec,7ec64b42cdaaf6da583e9db30c0f04cda34450f6)",0,0,0,0,0,0,0,0,0,0,0,0,0,0,0,0,0,0,0,0,0,0,0,0,0,0,0,
"(org.eclipse.collections.impl.jmh.AllSatisfyTest.process_all_parallel_lazy_jdk,7ec64b42cdaaf6da583e9db30c0f04cda34450f6)",0,0,0,0,0,0,0,0,0,0,0,0,0,0,0,0,0,0,0,0,0,0,0,0,0,0,0,
"(org.eclipse.collections.impl.jmh.LongLongMapSmallStressTest.ecGet,7ec64b42cdaaf6da583e9db30c0f04cda34450f6)",0,0,0,0,0,0,0,0,0,0,0,0,0,0,0,0,0,0,0,0,0,0,0,0,0,0,0,
"(org.eclipse.collections.impl.jmh.FlatCollectTest.serial_eager_ec,7ec64b42cdaaf6da583e9db30c0f04cda34450f6)",0,0,0,0,0,0,0,0,0,0,0,0,0,0,0,0,0,0,0,0,0,0,0,0,0,0,0,
"(org.eclipse.collections.impl.jmh.GroupBySetTest.groupBy_100_keys_parallel_lazy_streams_ec,7ec64b42cdaaf6da583e9db30c0f04cda34450f6)",0,0,0,0,0,0,0,0,0,0,0,0,0,0,0,0,0,0,0,0,0,0,0,0,0,0,0,
"(org.eclipse.collections.impl.jmh.CountSetTest.serial_eager_ec,7ec64b42cdaaf6da583e9db30c0f04cda34450f6)",0,0,0,0,0,0,0,0,0,0,0,0,0,0,0,0,0,0,0,0,0,0,0,0,0,0,0,
"(org.eclipse.collections.impl.jmh.CountSetTest.serial_lazy_streams_ec,7ec64b42cdaaf6da583e9db30c0f04cda34450f6)",0,0,0,0,0,0,0,0,0,0,0,0,0,0,0,0,0,0,0,0,0,0,0,0,0,0,0,
"(org.eclipse.collections.impl.jmh.MinByDoubleTest.minByMarketValue_parallel_lazy_ec,7ec64b42cdaaf6da583e9db30c0f04cda34450f6)",0,0,0,0,0,0,0,0,0,0,0,0,0,0,0,0,0,0,0,0,0,0,0,0,0,0,0,
"(org.eclipse.collections.impl.jmh.AnagramBagTest.parallel_lazy_streams_ec,7ec64b42cdaaf6da583e9db30c0f04cda34450f6)",0,0,0,0,0,0,0,1,0,0,0,0,0,0,0,0,0,0,0,0,0,0,0,0,1,0,2,
"(org.eclipse.collections.impl.jmh.MaxByIntTest.maxByQuantity_serial_lazy_direct_methodref_jdk,7ec64b42cdaaf6da583e9db30c0f04cda34450f6)",0,0,0,0,0,0,0,0,0,0,0,0,0,0,0,0,0,0,0,0,0,0,0,0,0,0,0,
"(org.eclipse.collections.impl.jmh.LongLongMapLargeStressTest.ecGet,7ec64b42cdaaf6da583e9db30c0f04cda34450f6)",0,0,0,0,0,0,0,0,0,0,0,0,0,0,0,0,0,0,0,0,0,0,0,0,0,0,0,
"(org.eclipse.collections.impl.jmh.MaxByIntTest.maxByQuantity_serial_lazy_collect_methodref_jdk,7ec64b42cdaaf6da583e9db30c0f04cda34450f6)",0,0,0,0,0,0,0,0,0,0,0,0,0,0,0,0,0,0,0,0,0,0,0,0,0,0,0,
"(org.eclipse.collections.impl.jmh.SetAddAllTest.ec,7ec64b42cdaaf6da583e9db30c0f04cda34450f6)",0,0,0,0,0,0,0,0,0,0,0,0,0,0,0,0,0,0,0,0,0,0,0,0,0,0,0,
"(org.eclipse.collections.impl.jmh.CollectTest.serial_lazy_streams_ec,7ec64b42cdaaf6da583e9db30c0f04cda34450f6)",0,0,0,0,0,0,0,0,0,0,0,0,0,0,0,0,0,0,0,0,0,0,0,0,0,0,0,
"(org.eclipse.collections.impl.jmh.SumByDoubleTest.sumByProduct_serial_lazy_streams_ec,7ec64b42cdaaf6da583e9db30c0f04cda34450f6)",0,0,0,0,0,0,0,0,0,0,0,0,0,0,0,0,0,0,0,0,0,0,0,0,0,0,0,
"(org.eclipse.collections.impl.jmh.LongLongMapLargeStressTest.kolobokeGet,7ec64b42cdaaf6da583e9db30c0f04cda34450f6)",0,0,0,0,0,0,0,0,0,0,0,0,0,0,0,0,0,0,0,0,0,0,0,0,0,0,0,
"(org.eclipse.collections.impl.jmh.set.sorted.SortedSetIterationTest.parallel_mutable_scala,7ec64b42cdaaf6da583e9db30c0f04cda34450f6)",0,0,0,0,0,0,0,0,0,0,0,0,0,0,0,0,0,0,0,0,0,0,0,0,0,0,0,
"(org.eclipse.collections.impl.jmh.MinTest.serial_lazy_ec,7ec64b42cdaaf6da583e9db30c0f04cda34450f6)",0,0,0,0,0,0,0,0,0,0,0,0,0,0,0,0,0,0,0,0,0,0,0,0,0,0,0,
"(org.eclipse.collections.impl.jmh.CountTest.serial_lazy_jdk,7ec64b42cdaaf6da583e9db30c0f04cda34450f6)",0,0,0,0,0,0,0,0,0,0,0,0,0,0,0,0,0,0,0,0,0,0,0,0,0,0,0,
"(org.eclipse.collections.impl.jmh.CountTest.serial_lazy_streams_ec,7ec64b42cdaaf6da583e9db30c0f04cda34450f6)",0,0,0,0,0,0,0,0,0,0,0,0,0,0,0,0,0,0,0,0,0,0,0,0,0,0,0,
"(org.eclipse.collections.impl.jmh.AggregateByTest.aggregateByProduct_serial_lazy_jdk,7ec64b42cdaaf6da583e9db30c0f04cda34450f6)",0,0,0,0,0,0,0,0,0,0,0,0,0,0,0,0,0,0,0,0,0,0,0,0,0,0,0,
"(org.eclipse.collections.impl.jmh.AnagramSetTest.parallel_lazy_streams_ec,7ec64b42cdaaf6da583e9db30c0f04cda34450f6)",0,0,0,0,0,0,0,0,0,0,0,0,0,0,0,0,0,0,0,0,0,0,0,0,0,0,0,
"(org.eclipse.collections.impl.jmh.RejectTest.serial_eager_ec,7ec64b42cdaaf6da583e9db30c0f04cda34450f6)",0,0,0,0,0,0,0,0,0,0,0,0,0,0,0,0,0,0,0,0,0,0,0,0,0,0,0,
"(org.eclipse.collections.impl.jmh.AnagramSetTest.serial_lazy_jdk,7ec64b42cdaaf6da583e9db30c0f04cda34450f6)",0,0,0,0,0,0,0,0,0,0,0,0,0,0,0,0,0,0,0,0,0,0,0,0,0,0,0,
"(org.eclipse.collections.impl.jmh.SumByDoubleTest.sumByProduct_serial_eager_ec,7ec64b42cdaaf6da583e9db30c0f04cda34450f6)",0,0,0,0,0,0,0,0,0,0,0,0,0,0,0,0,0,0,0,0,0,0,0,0,0,0,0,
"(org.eclipse.collections.impl.jmh.MaxTest.parallel_lazy_reverse_jdk,7ec64b42cdaaf6da583e9db30c0f04cda34450f6)",0,0,0,0,0,0,0,0,0,0,0,0,0,0,0,0,0,0,0,0,0,0,0,0,0,0,0,
"(org.eclipse.collections.impl.jmh.CollectIfTest.parallel_lazy_ec,7ec64b42cdaaf6da583e9db30c0f04cda34450f6)",0,0,0,0,0,0,0,0,0,0,0,0,0,0,0,0,0,0,0,0,0,0,0,0,0,0,0,
"(org.eclipse.collections.impl.jmh.SumOfIntTest.serial_eager_directSumOfInt_ec,7ec64b42cdaaf6da583e9db30c0f04cda34450f6)",0,0,0,0,0,0,0,0,0,0,0,0,0,0,0,0,0,0,0,0,0,0,0,0,0,0,0,
"(org.eclipse.collections.impl.jmh.map.EcImmutableMapGetTest.get,7ec64b42cdaaf6da583e9db30c0f04cda34450f6)",0,0,0,0,0,0,0,0,0,0,0,0,0,0,0,0,0,0,0,0,0,0,0,0,0,0,0,
"(org.eclipse.collections.impl.jmh.MaxTest.parallel_lazy_reverse_streams_ec,7ec64b42cdaaf6da583e9db30c0f04cda34450f6)",0,0,0,0,0,0,0,0,0,0,0,0,0,0,0,0,0,0,0,0,0,0,0,0,0,0,0,
"(org.eclipse.collections.impl.jmh.map.MapGrowthTest.mutableScalaPut,7ec64b42cdaaf6da583e9db30c0f04cda34450f6)",0,0,0,0,0,0,0,0,0,0,0,0,0,0,0,0,0,0,0,0,0,0,0,0,0,0,0,
"(org.eclipse.collections.impl.jmh.AllSatisfyTest.short_circuit_middle_parallel_lazy_streams_ec,7ec64b42cdaaf6da583e9db30c0f04cda34450f6)",0,0,0,0,0,0,0,0,0,0,0,0,0,0,0,0,0,0,0,0,0,0,0,0,0,0,0,
"(org.eclipse.collections.impl.jmh.AllSatisfyTest.short_circuit_middle_serial_lazy_ec,7ec64b42cdaaf6da583e9db30c0f04cda34450f6)",0,0,0,0,0,0,0,0,0,0,0,0,0,0,0,0,0,0,0,0,0,0,0,0,0,0,0,
"(org.eclipse.collections.impl.jmh.SumByBigDecimalTest.sumByBigDecimalAccount_parallel_eager_ec,7ec64b42cdaaf6da583e9db30c0f04cda34450f6)",0,0,0,0,0,0,0,0,0,0,0,0,0,0,0,0,0,0,0,0,0,0,0,0,0,0,0,
"(org.eclipse.collections.impl.jmh.FunctionalInterfaceTest.serial_lazy_scala,7ec64b42cdaaf6da583e9db30c0f04cda34450f6)",0,0,0,0,0,0,0,0,0,0,0,0,0,0,0,0,0,0,0,0,0,0,0,0,0,0,0,
"(org.eclipse.collections.impl.jmh.CountSetTest.serial_lazy_jdk,7ec64b42cdaaf6da583e9db30c0f04cda34450f6)",0,0,0,0,0,0,0,0,0,0,0,0,0,0,0,0,0,0,0,0,0,0,0,0,0,0,0,
"(org.eclipse.collections.impl.jmh.FunctionalInterfaceTest.parallel_eager_ec_hand_coded,7ec64b42cdaaf6da583e9db30c0f04cda34450f6)",0,0,0,0,0,0,0,0,0,0,0,0,0,0,0,0,0,0,0,0,0,0,0,0,0,0,0,
"(org.eclipse.collections.impl.jmh.AggregateByTest.aggregateByAccount_parallel_lazy_jdk,7ec64b42cdaaf6da583e9db30c0f04cda34450f6)",0,0,0,0,0,0,0,0,0,0,0,0,0,0,0,0,0,0,0,0,0,0,0,0,0,0,0,
"(org.eclipse.collections.impl.jmh.AnySatisfyTest.short_circuit_middle_parallel_lazy_streams_ec,7ec64b42cdaaf6da583e9db30c0f04cda34450f6)",0,0,0,0,0,0,0,0,0,0,0,0,0,0,0,0,0,0,0,0,0,0,0,0,0,0,0,
"(org.eclipse.collections.impl.jmh.CountTest.serial_eager_ec,7ec64b42cdaaf6da583e9db30c0f04cda34450f6)",0,0,0,0,0,0,0,0,0,0,0,0,0,0,0,0,0,0,0,0,0,0,0,0,0,0,0,
"(org.eclipse.collections.impl.jmh.MaxByIntTest.maxByQuantity_parallel_lazy_direct_methodref_jdk,7ec64b42cdaaf6da583e9db30c0f04cda34450f6)",0,0,0,0,0,0,0,0,0,0,0,0,0,0,0,0,0,0,0,0,0,0,0,0,0,0,0,
"(org.eclipse.collections.impl.jmh.AnySatisfyTest.process_all_parallel_lazy_scala,7ec64b42cdaaf6da583e9db30c0f04cda34450f6)",0,0,0,0,0,0,0,0,0,0,0,0,0,0,0,0,0,0,0,0,0,0,0,0,0,0,0,
"(org.eclipse.collections.impl.jmh.MinTest.serial_lazy_reverse_ec,7ec64b42cdaaf6da583e9db30c0f04cda34450f6)",0,0,0,0,0,0,0,0,0,0,0,0,0,0,0,0,0,0,0,0,0,0,0,0,0,0,0,
"(org.eclipse.collections.impl.jmh.NoneSatisfyTest.process_none_serial_lazy_ec,7ec64b42cdaaf6da583e9db30c0f04cda34450f6)",0,0,0,0,0,0,0,0,0,0,0,0,0,0,0,0,0,0,0,0,0,0,0,0,0,0,0,
"(org.eclipse.collections.impl.jmh.MaxByIntTest.maxByQuantity_parallel_lazy_ec,7ec64b42cdaaf6da583e9db30c0f04cda34450f6)",0,0,0,0,0,0,0,0,0,0,0,0,0,0,0,0,0,0,0,0,0,0,0,0,0,0,0,
"(org.eclipse.collections.impl.jmh.MinByDoubleTest.minByMarketValue_parallel_lazy_collect_lambda_jdk,7ec64b42cdaaf6da583e9db30c0f04cda34450f6)",0,0,0,0,0,0,0,0,0,0,0,0,0,0,0,0,0,0,0,0,0,0,0,0,0,0,0,
"(org.eclipse.collections.impl.jmh.MinByDoubleTest.minByMarketValue_serial_lazy_direct_lambda_jdk,7ec64b42cdaaf6da583e9db30c0f04cda34450f6)",0,0,0,0,0,0,0,0,0,0,0,0,0,0,0,0,0,0,0,0,0,0,0,0,0,0,0,
"(org.eclipse.collections.impl.jmh.MinTest.parallel_lazy_reverse_streams_ec,7ec64b42cdaaf6da583e9db30c0f04cda34450f6)",0,0,0,0,0,0,0,0,0,0,0,0,0,0,0,0,0,0,0,0,0,0,0,0,0,0,0,
"(org.eclipse.collections.impl.jmh.RejectTest.serial_lazy_jdk_lambda_negate,7ec64b42cdaaf6da583e9db30c0f04cda34450f6)",0,0,0,0,0,0,0,0,0,0,0,0,0,0,0,0,0,0,0,0,0,0,0,0,0,0,0,
"(org.eclipse.collections.impl.jmh.RejectTest.serial_eager_ec_select_predicates_not,7ec64b42cdaaf6da583e9db30c0f04cda34450f6)",0,0,0,0,0,0,0,0,0,0,0,0,0,0,0,0,0,0,0,0,0,0,0,0,0,0,0,
"(org.eclipse.collections.impl.jmh.SumByBigDecimalTest.sumByBigDecimalProduct_serial_eager_ec,7ec64b42cdaaf6da583e9db30c0f04cda34450f6)",0,0,0,0,0,0,0,0,0,0,0,0,0,0,0,0,0,0,0,0,0,0,0,0,0,0,0,
"(org.eclipse.collections.impl.jmh.MinByIntTest.minByQuantity_serial_eager_ec,7ec64b42cdaaf6da583e9db30c0f04cda34450f6)",0,0,0,0,0,0,0,0,0,0,0,0,0,0,0,0,0,0,0,0,0,0,0,0,0,0,0,
"(org.eclipse.collections.impl.jmh.LongIntMapTest.presizedPut,7ec64b42cdaaf6da583e9db30c0f04cda34450f6)",0,0,0,0,0,0,0,0,0,0,0,0,0,0,0,0,0,0,0,0,0,0,0,0,0,0,0,
"(org.eclipse.collections.impl.jmh.MinTest.parallel_lazy_jdk,7ec64b42cdaaf6da583e9db30c0f04cda34450f6)",0,0,0,0,0,0,0,0,0,0,0,0,0,0,0,0,0,0,0,0,0,0,0,0,0,0,0,
"(org.eclipse.collections.impl.jmh.AnagramBagTest.serial_lazy_jdk,7ec64b42cdaaf6da583e9db30c0f04cda34450f6)",0,0,0,0,0,0,0,0,0,0,0,0,0,0,0,0,0,0,0,0,0,0,0,0,0,0,0,
"(org.eclipse.collections.impl.jmh.GroupByListTest.groupBy_10000_keys_serial_eager_scala,7ec64b42cdaaf6da583e9db30c0f04cda34450f6)",0,0,0,0,0,0,0,0,0,0,0,0,0,0,0,0,0,0,0,0,0,0,0,0,0,0,0,
"(org.eclipse.collections.impl.jmh.GroupBySetTest.groupBy_2_keys_serial_lazy_streams_ec,7ec64b42cdaaf6da583e9db30c0f04cda34450f6)",0,0,0,0,0,0,0,0,0,0,0,0,0,0,0,0,0,0,0,0,0,0,0,0,0,0,0,
"(org.eclipse.collections.impl.jmh.IntIntMapLargeStressTest.jdkPut,7ec64b42cdaaf6da583e9db30c0f04cda34450f6)",0,0,0,0,0,0,0,0,0,0,0,0,0,0,0,0,0,0,0,0,0,0,0,0,0,0,0,
"(org.eclipse.collections.impl.jmh.MaxTest.serial_eager_reverse_ec,7ec64b42cdaaf6da583e9db30c0f04cda34450f6)",0,0,0,0,0,0,0,0,0,0,0,0,0,0,0,0,0,0,0,0,0,0,0,0,0,0,0,
"(org.eclipse.collections.impl.jmh.FunctionalInterfaceTest.serial_lazy_jdk,7ec64b42cdaaf6da583e9db30c0f04cda34450f6)",0,0,0,0,0,0,0,0,0,0,0,0,0,0,0,0,0,0,0,0,0,0,0,0,0,0,0,
"(org.eclipse.collections.impl.jmh.IntIntMapLargeStressTest.ecPut,7ec64b42cdaaf6da583e9db30c0f04cda34450f6)",0,0,0,0,0,0,0,0,0,0,0,0,0,0,0,0,0,0,0,0,0,0,0,0,0,0,0,
"(org.eclipse.collections.impl.jmh.SumOfDoubleTest.serial_eager_collectDoubleSum_ec,7ec64b42cdaaf6da583e9db30c0f04cda34450f6)",0,0,0,0,0,0,0,0,0,0,0,0,0,0,0,0,0,0,0,0,0,0,0,0,0,0,0,
"(org.eclipse.collections.impl.jmh.SelectTest.serial_lazy_streams_ec,7ec64b42cdaaf6da583e9db30c0f04cda34450f6)",0,0,0,0,0,0,0,0,0,0,0,0,0,0,0,0,0,0,0,0,0,0,0,0,0,0,0,
"(org.eclipse.collections.impl.jmh.MaxTest.serial_lazy_reverse_jdk,7ec64b42cdaaf6da583e9db30c0f04cda34450f6)",0,0,0,0,0,0,0,0,0,0,0,0,0,0,0,0,0,0,0,0,0,0,0,0,0,0,0,
"(org.eclipse.collections.impl.jmh.CollectTest.parallel_eager_fixed_pool_ec,7ec64b42cdaaf6da583e9db30c0f04cda34450f6)",0,0,0,0,0,0,0,0,0,0,0,0,0,0,0,0,0,0,0,0,0,0,0,0,0,0,0,
"(org.eclipse.collections.impl.jmh.AnySatisfyTest.short_circuit_middle_serial_lazy_jdk,7ec64b42cdaaf6da583e9db30c0f04cda34450f6)",0,0,0,0,0,0,0,0,0,0,0,0,0,0,0,0,0,0,0,0,0,0,0,0,0,0,0,
"(org.eclipse.collections.impl.jmh.BagAddAllTest.guava,7ec64b42cdaaf6da583e9db30c0f04cda34450f6)",0,0,0,0,0,0,0,0,0,0,0,0,0,0,0,0,0,0,0,0,0,0,0,0,0,0,0,
"(org.eclipse.collections.impl.jmh.SelectTest.serial_eager_ec,7ec64b42cdaaf6da583e9db30c0f04cda34450f6)",0,0,0,0,0,0,0,0,0,0,0,0,0,0,0,0,0,0,0,0,0,0,0,0,0,0,0,
"(org.eclipse.collections.impl.jmh.list.ListIterationTest.serial_mutable_ec,7ec64b42cdaaf6da583e9db30c0f04cda34450f6)",0,0,0,0,0,0,0,0,0,0,0,0,0,0,0,0,0,0,0,0,0,0,0,0,0,0,0,
"(org.eclipse.collections.impl.jmh.AnySatisfyTest.process_all_parallel_lazy_jdk,7ec64b42cdaaf6da583e9db30c0f04cda34450f6)",0,0,0,0,0,0,0,0,0,0,0,0,0,0,0,0,0,0,0,0,0,0,0,0,0,0,0,
"(org.eclipse.collections.impl.jmh.set.sorted.SortedSetIterationTest.parallel_immutable_scala,7ec64b42cdaaf6da583e9db30c0f04cda34450f6)",0,0,0,0,0,0,0,0,0,0,0,0,0,0,0,0,0,0,0,0,0,0,0,0,0,0,0,
"(org.eclipse.collections.impl.jmh.NoneSatisfyTest.process_all_parallel_lazy_ec,7ec64b42cdaaf6da583e9db30c0f04cda34450f6)",0,0,0,0,0,0,0,0,0,0,0,0,0,0,0,0,0,0,0,0,0,0,0,0,0,0,0,
"(org.eclipse.collections.impl.jmh.CollectTest.serial_lazy_scala,7ec64b42cdaaf6da583e9db30c0f04cda34450f6)",0,0,0,0,0,0,0,0,0,0,0,0,0,0,0,0,0,0,0,0,0,0,0,0,0,0,0,
"(org.eclipse.collections.impl.jmh.AllSatisfyTest.short_circuit_middle_serial_eager_ec,7ec64b42cdaaf6da583e9db30c0f04cda34450f6)",0,0,0,0,0,0,0,0,0,0,0,0,0,0,0,0,0,0,0,0,0,0,0,0,0,0,0,
"(org.eclipse.collections.impl.jmh.MaxByDoubleTest.maxByMarketValue_serial_lazy_direct_methodref_jdk,7ec64b42cdaaf6da583e9db30c0f04cda34450f6)",0,0,0,0,0,0,0,0,0,0,0,0,0,0,0,0,0,0,0,0,0,0,0,0,0,0,0,
"(org.eclipse.collections.impl.jmh.AggregateByTest.aggregateByProduct_parallel_lazy_streams_ec,7ec64b42cdaaf6da583e9db30c0f04cda34450f6)",0,0,0,0,0,0,0,0,0,0,0,0,0,0,0,0,0,0,0,0,0,0,0,0,0,0,0,
"(org.eclipse.collections.impl.jmh.SelectTest.parallel_lazy_ec,7ec64b42cdaaf6da583e9db30c0f04cda34450f6)",0,0,0,0,0,0,0,0,0,0,0,0,0,0,0,0,0,0,0,0,0,0,0,0,0,0,0,
"(org.eclipse.collections.impl.jmh.AnagramBagTest.serial_eager_ec,7ec64b42cdaaf6da583e9db30c0f04cda34450f6)",0,0,0,0,0,0,0,1,0,0,0,0,0,0,0,0,0,0,0,0,0,0,0,0,1,0,2,
"(org.eclipse.collections.impl.jmh.AnagramSetTest.parallel_eager_ec,7ec64b42cdaaf6da583e9db30c0f04cda34450f6)",0,0,0,0,0,0,0,0,0,0,0,0,0,0,0,0,0,0,0,0,0,0,0,0,0,0,0,
"(org.eclipse.collections.impl.jmh.AnySatisfyTest.short_circuit_middle_serial_lazy_streams_ec,7ec64b42cdaaf6da583e9db30c0f04cda34450f6)",0,0,0,0,0,0,0,0,0,0,0,0,0,0,0,0,0,0,0,0,0,0,0,0,0,0,0,
"(org.eclipse.collections.impl.jmh.SumByDoubleTest.sumByCategory_serial_eager_ec,7ec64b42cdaaf6da583e9db30c0f04cda34450f6)",0,0,0,0,0,0,0,0,0,0,0,0,0,0,0,0,0,0,0,0,0,0,0,0,0,0,0,
"(org.eclipse.collections.impl.jmh.GroupBySetTest.groupBy_100_keys_parallel_lazy_ec,7ec64b42cdaaf6da583e9db30c0f04cda34450f6)",0,0,0,0,0,0,0,0,0,0,0,0,0,0,0,0,0,0,0,0,0,0,0,0,0,0,0,
"(org.eclipse.collections.impl.jmh.SumOfDoubleTest.serial_lazy_collectDoubleSum_streams_ec,7ec64b42cdaaf6da583e9db30c0f04cda34450f6)",0,0,0,0,0,0,0,0,0,0,0,0,0,0,0,0,0,0,0,0,0,0,0,0,0,0,0,
"(org.eclipse.collections.impl.jmh.AnagramBagTest.parallel_eager_ec,7ec64b42cdaaf6da583e9db30c0f04cda34450f6)",0,0,0,0,0,0,0,1,0,0,0,0,0,0,0,0,0,0,0,0,0,0,0,0,1,0,2,
"(org.eclipse.collections.impl.jmh.GroupBySetTest.groupBy_10000_keys_serial_eager_scala,7ec64b42cdaaf6da583e9db30c0f04cda34450f6)",0,0,0,0,0,0,0,0,0,0,0,0,0,0,0,0,0,0,0,0,0,0,0,0,0,0,0,
"(org.eclipse.collections.impl.jmh.MinByIntTest.minByQuantity_serial_lazy_collect_methodref_jdk,7ec64b42cdaaf6da583e9db30c0f04cda34450f6)",0,0,0,0,0,0,0,0,0,0,0,0,0,0,0,0,0,0,0,0,0,0,0,0,0,0,0,
"(org.eclipse.collections.impl.jmh.BagAddAllTest.ec,7ec64b42cdaaf6da583e9db30c0f04cda34450f6)",0,0,0,0,0,0,0,4,0,0,0,0,0,0,0,0,0,0,0,0,0,0,0,0,1,0,5,
"(org.eclipse.collections.impl.jmh.list.ListIterationTest.serial_immutable_ec,7ec64b42cdaaf6da583e9db30c0f04cda34450f6)",0,0,0,0,0,0,0,0,0,0,0,0,0,0,0,0,0,0,0,0,0,0,0,0,0,0,0,
"(org.eclipse.collections.impl.jmh.RejectTest.serial_lazy_streams_ec_lambda_not,7ec64b42cdaaf6da583e9db30c0f04cda34450f6)",0,0,0,0,0,0,0,0,0,0,0,0,0,0,0,0,0,0,0,0,0,0,0,0,0,0,0,
"(org.eclipse.collections.impl.jmh.AnySatisfyTest.process_all_parallel_lazy_ec,7ec64b42cdaaf6da583e9db30c0f04cda34450f6)",0,0,0,0,0,0,0,0,0,0,0,0,0,0,0,0,0,0,0,0,0,0,0,0,0,0,0,
"(org.eclipse.collections.impl.jmh.MaxTest.serial_eager_ec,7ec64b42cdaaf6da583e9db30c0f04cda34450f6)",0,0,0,0,0,0,0,0,0,0,0,0,0,0,0,0,0,0,0,0,0,0,0,0,0,0,0,
"(org.eclipse.collections.impl.jmh.GroupBySetTest.groupBy_10000_keys_parallel_lazy_streams_ec,7ec64b42cdaaf6da583e9db30c0f04cda34450f6)",0,0,0,0,0,0,0,0,0,0,0,0,0,0,0,0,0,0,0,0,0,0,0,0,0,0,0,
"(org.eclipse.collections.impl.jmh.MinByDoubleTest.minByMarketValue_serial_lazy_direct_methodref_jdk,7ec64b42cdaaf6da583e9db30c0f04cda34450f6)",0,0,0,0,0,0,0,0,0,0,0,0,0,0,0,0,0,0,0,0,0,0,0,0,0,0,0,
"(org.eclipse.collections.impl.jmh.MinByDoubleTest.minByMarketValue_serial_eager_ec,7ec64b42cdaaf6da583e9db30c0f04cda34450f6)",0,0,0,0,0,0,0,0,0,0,0,0,0,0,0,0,0,0,0,0,0,0,0,0,0,0,0,
"(org.eclipse.collections.impl.jmh.NoneSatisfyTest.process_all_parallel_lazy_jdk,7ec64b42cdaaf6da583e9db30c0f04cda34450f6)",0,0,0,0,0,0,0,0,0,0,0,0,0,0,0,0,0,0,0,0,0,0,0,0,0,0,0,
"(org.eclipse.collections.impl.jmh.NoneSatisfyTest.process_none_serial_lazy_streams_ec,7ec64b42cdaaf6da583e9db30c0f04cda34450f6)",0,0,0,0,0,0,0,0,0,0,0,0,0,0,0,0,0,0,0,0,0,0,0,0,0,0,0,
"(org.eclipse.collections.impl.jmh.MinByIntTest.minByQuantity_serial_lazy_direct_methodref_jdk,7ec64b42cdaaf6da583e9db30c0f04cda34450f6)",0,0,0,0,0,0,0,0,0,0,0,0,0,0,0,0,0,0,0,0,0,0,0,0,0,0,0,
"(org.eclipse.collections.impl.jmh.AnySatisfyTest.process_all_serial_lazy_scala,7ec64b42cdaaf6da583e9db30c0f04cda34450f6)",0,0,0,0,0,0,0,0,0,0,0,0,0,0,0,0,0,0,0,0,0,0,0,0,0,0,0,
"(org.eclipse.collections.impl.jmh.LongLongMapSmallStressTest.kolobokeRemove,7ec64b42cdaaf6da583e9db30c0f04cda34450f6)",0,0,0,0,0,0,0,0,0,0,0,0,0,0,0,0,0,0,0,0,0,0,0,0,0,0,0,
"(org.eclipse.collections.impl.jmh.RejectTest.serial_lazy_ec,7ec64b42cdaaf6da583e9db30c0f04cda34450f6)",0,0,0,0,0,0,0,0,0,0,0,0,0,0,0,0,0,0,0,0,0,0,0,0,0,0,0,
"(org.eclipse.collections.impl.jmh.MinByDoubleTest.minByMarketValue_parallel_lazy_direct_lambda_jdk,7ec64b42cdaaf6da583e9db30c0f04cda34450f6)",0,0,0,0,0,0,0,0,0,0,0,0,0,0,0,0,0,0,0,0,0,0,0,0,0,0,0,
"(org.eclipse.collections.impl.jmh.GroupBySetTest.groupBy_100_keys_serial_eager_scala,7ec64b42cdaaf6da583e9db30c0f04cda34450f6)",0,0,0,0,0,0,0,0,0,0,0,0,0,0,0,0,0,0,0,0,0,0,0,0,0,0,0,
"(org.eclipse.collections.impl.jmh.AnagramListTest.serial_lazy_jdk,7ec64b42cdaaf6da583e9db30c0f04cda34450f6)",0,0,0,0,0,0,0,0,0,0,0,0,0,0,0,0,0,0,0,0,0,0,0,0,0,0,0,
"(org.eclipse.collections.impl.jmh.FlatCollectTest.serial_lazy_streams_ec,7ec64b42cdaaf6da583e9db30c0f04cda34450f6)",0,0,0,0,0,0,0,0,0,0,0,0,0,0,0,0,0,0,0,0,0,0,0,0,0,0,0,
"(org.eclipse.collections.impl.jmh.SetAddAllTest.jdk,7ec64b42cdaaf6da583e9db30c0f04cda34450f6)",0,0,0,0,0,0,0,0,0,0,0,0,0,0,0,0,0,0,0,0,0,0,0,0,0,0,0,
"(org.eclipse.collections.impl.jmh.AnySatisfyTest.process_all_serial_eager_ec,7ec64b42cdaaf6da583e9db30c0f04cda34450f6)",0,0,0,0,0,0,0,0,0,0,0,0,0,0,0,0,0,0,0,0,0,0,0,0,0,0,0,
"(org.eclipse.collections.impl.jmh.IntIntMapSmallStressTest.kolobokePut,7ec64b42cdaaf6da583e9db30c0f04cda34450f6)",0,0,0,0,0,0,0,0,0,0,0,0,0,0,0,0,0,0,0,0,0,0,0,0,0,0,0,
"(org.eclipse.collections.impl.jmh.GroupBySetTest.groupBy_2_keys_parallel_lazy_jdk,7ec64b42cdaaf6da583e9db30c0f04cda34450f6)",0,0,0,0,0,0,0,0,0,0,0,0,0,0,0,0,0,0,0,0,0,0,0,0,0,0,0,
"(org.eclipse.collections.impl.jmh.MinByDoubleTest.minByMarketValue_parallel_lazy_direct_methodref_jdk,7ec64b42cdaaf6da583e9db30c0f04cda34450f6)",0,0,0,0,0,0,0,0,0,0,0,0,0,0,0,0,0,0,0,0,0,0,0,0,0,0,0,
"(org.eclipse.collections.impl.jmh.AllSatisfyTest.process_all_serial_lazy_jdk,7ec64b42cdaaf6da583e9db30c0f04cda34450f6)",0,0,0,0,0,0,0,0,0,0,0,0,0,0,0,0,0,0,0,0,0,0,0,0,0,0,0,
"(org.eclipse.collections.impl.jmh.CountTest.parallel_lazy_scala,7ec64b42cdaaf6da583e9db30c0f04cda34450f6)",0,0,0,0,0,0,0,0,0,0,0,0,0,0,0,0,0,0,0,0,0,0,0,0,0,0,0,
"(org.eclipse.collections.impl.jmh.MinByDoubleTest.minByMarketValue_serial_lazy_ec,7ec64b42cdaaf6da583e9db30c0f04cda34450f6)",0,0,0,0,0,0,0,0,0,0,0,0,0,0,0,0,0,0,0,0,0,0,0,0,0,0,0,
"(org.eclipse.collections.impl.jmh.MinByIntTest.minByQuantity_parallel_lazy_ec,7ec64b42cdaaf6da583e9db30c0f04cda34450f6)",0,0,0,0,0,0,0,0,0,0,0,0,0,0,0,0,0,0,0,0,0,0,0,0,0,0,0,
"(org.eclipse.collections.impl.jmh.ListEqualTest.jdk,7ec64b42cdaaf6da583e9db30c0f04cda34450f6)",0,0,0,0,0,0,0,0,0,0,0,0,0,0,0,0,0,0,0,0,0,0,0,0,0,0,0,
"(org.eclipse.collections.impl.jmh.AnagramSetTest.serial_lazy_scala,7ec64b42cdaaf6da583e9db30c0f04cda34450f6)",0,0,0,0,0,0,0,0,0,0,0,0,0,0,0,0,0,0,0,0,0,0,0,0,0,0,0,
"(org.eclipse.collections.impl.jmh.AllSatisfyTest.process_all_parallel_lazy_ec,7ec64b42cdaaf6da583e9db30c0f04cda34450f6)",0,0,0,0,0,0,0,0,0,0,0,0,0,0,0,0,0,0,0,0,0,0,0,0,0,0,0,
"(org.eclipse.collections.impl.jmh.FunctionalInterfaceTest.parallel_lazy_jdk,7ec64b42cdaaf6da583e9db30c0f04cda34450f6)",0,0,0,0,0,0,0,0,0,0,0,0,0,0,0,0,0,0,0,0,0,0,0,0,0,0,0,
"(org.eclipse.collections.impl.jmh.SelectTest.parallel_lazy_streams_ec,7ec64b42cdaaf6da583e9db30c0f04cda34450f6)",0,0,0,0,0,0,0,0,0,0,0,0,0,0,0,0,0,0,0,0,0,0,0,0,0,0,0,
"(org.eclipse.collections.impl.jmh.MinTest.serial_lazy_intstream_streams_ec,7ec64b42cdaaf6da583e9db30c0f04cda34450f6)",0,0,0,0,0,0,0,0,0,0,0,0,0,0,0,0,0,0,0,0,0,0,0,0,0,0,0,
"(org.eclipse.collections.impl.jmh.MinTest.serial_lazy_streams_ec,7ec64b42cdaaf6da583e9db30c0f04cda34450f6)",0,0,0,0,0,0,0,0,0,0,0,0,0,0,0,0,0,0,0,0,0,0,0,0,0,0,0,
"(org.eclipse.collections.impl.jmh.AllSatisfyTest.process_all_serial_lazy_streams_ec,7ec64b42cdaaf6da583e9db30c0f04cda34450f6)",0,0,0,0,0,0,0,0,0,0,0,0,0,0,0,0,0,0,0,0,0,0,0,0,0,0,0,
"(org.eclipse.collections.impl.jmh.map.HppcMutableMapGetTest.get,7ec64b42cdaaf6da583e9db30c0f04cda34450f6)",0,0,0,0,0,0,0,0,0,0,0,0,0,0,0,0,0,0,0,0,0,0,0,0,0,0,0,
"(org.eclipse.collections.impl.jmh.LongLongMapLargeStressTest.ecRemove,7ec64b42cdaaf6da583e9db30c0f04cda34450f6)",0,0,0,0,0,0,0,0,0,0,0,0,0,0,0,0,0,0,0,0,0,0,0,0,0,0,0,
"(org.eclipse.collections.impl.jmh.CountTest.parallel_lazy_ec,7ec64b42cdaaf6da583e9db30c0f04cda34450f6)",0,0,0,0,0,0,0,0,0,0,0,0,0,0,0,0,0,0,0,0,0,0,0,0,0,0,0,
"(org.eclipse.collections.impl.jmh.SumOfDoubleTest.parallel_lazy_collectDoubleSum_streams_ec,7ec64b42cdaaf6da583e9db30c0f04cda34450f6)",0,0,0,0,0,0,0,0,0,0,0,0,0,0,0,0,0,0,0,0,0,0,0,0,0,0,0,
"(org.eclipse.collections.impl.jmh.set.sorted.SortedSetIterationTest.serial_immutable_scala,7ec64b42cdaaf6da583e9db30c0f04cda34450f6)",0,0,0,0,0,0,0,0,0,0,0,0,0,0,0,0,0,0,0,0,0,0,0,0,0,0,0,
"(org.eclipse.collections.impl.jmh.IntIntMapLargeStressTest.ecRemove,7ec64b42cdaaf6da583e9db30c0f04cda34450f6)",0,0,0,0,0,0,0,0,0,0,0,0,0,0,0,0,0,0,0,0,0,0,0,0,0,0,0,
"(org.eclipse.collections.impl.jmh.CollectIfTest.parallel_lazy_jdk,7ec64b42cdaaf6da583e9db30c0f04cda34450f6)",0,0,0,0,0,0,0,0,0,0,0,0,0,0,0,0,0,0,0,0,0,0,0,0,0,0,0,
"(org.eclipse.collections.impl.jmh.SumByDoubleTest.sumByCategory_parallel_eager_ec,7ec64b42cdaaf6da583e9db30c0f04cda34450f6)",0,0,0,0,0,0,0,0,0,0,0,0,0,0,0,0,0,0,0,0,0,0,0,0,0,0,0,
"(org.eclipse.collections.impl.jmh.GroupByListTest.groupBy_2_keys_serial_eager_scala,7ec64b42cdaaf6da583e9db30c0f04cda34450f6)",0,0,0,0,0,0,0,0,0,0,0,0,0,0,0,0,0,0,0,0,0,0,0,0,0,0,0,
"(org.eclipse.collections.impl.jmh.MaxByDoubleTest.maxByMarketValue_parallel_lazy_collect_methodref_jdk,7ec64b42cdaaf6da583e9db30c0f04cda34450f6)",0,0,0,0,0,0,0,0,0,0,0,0,0,0,0,0,0,0,0,0,0,0,0,0,0,0,0,
"(org.eclipse.collections.impl.jmh.NoneSatisfyTest.short_circuit_middle_serial_lazy_streams_ec,7ec64b42cdaaf6da583e9db30c0f04cda34450f6)",0,0,0,0,0,0,0,0,0,0,0,0,0,0,0,0,0,0,0,0,0,0,0,0,0,0,0,
"(org.eclipse.collections.impl.jmh.MinTest.parallel_lazy_ec,7ec64b42cdaaf6da583e9db30c0f04cda34450f6)",0,0,0,0,0,0,0,0,0,0,0,0,0,0,0,0,0,0,0,0,0,0,0,0,0,0,0,
"(org.eclipse.collections.impl.jmh.GroupBySetTest.groupBy_2_keys_serial_lazy_jdk,7ec64b42cdaaf6da583e9db30c0f04cda34450f6)",0,0,0,0,0,0,0,0,0,0,0,0,0,0,0,0,0,0,0,0,0,0,0,0,0,0,0,
"(org.eclipse.collections.impl.jmh.map.ChainMapPutTest.jdk,7ec64b42cdaaf6da583e9db30c0f04cda34450f6)",0,0,0,0,0,0,0,0,0,0,0,0,0,0,0,0,0,0,0,0,0,0,0,0,0,0,0,
"(org.eclipse.collections.impl.jmh.LongIntMapTest.get,7ec64b42cdaaf6da583e9db30c0f04cda34450f6)",0,0,0,0,0,0,0,0,0,0,0,0,0,0,0,0,0,0,0,0,0,0,0,0,0,0,0,
"(org.eclipse.collections.impl.jmh.map.EcMutableMapGetTest.get,7ec64b42cdaaf6da583e9db30c0f04cda34450f6)",0,0,0,0,0,0,0,0,0,0,0,0,0,0,0,0,0,0,0,0,0,0,0,0,0,0,0,
"(org.eclipse.collections.impl.jmh.AnySatisfyTest.process_all_parallel_lazy_streams_ec,7ec64b42cdaaf6da583e9db30c0f04cda34450f6)",0,0,0,0,0,0,0,0,0,0,0,0,0,0,0,0,0,0,0,0,0,0,0,0,0,0,0,
"(org.eclipse.collections.impl.jmh.AggregateByTest.aggregateInPlaceByProduct_parallel_eager_ec,7ec64b42cdaaf6da583e9db30c0f04cda34450f6)",0,0,0,0,0,0,0,0,0,0,0,0,0,0,0,0,0,0,0,0,0,0,0,0,0,0,0,
"(org.eclipse.collections.impl.jmh.AnySatisfyTest.short_circuit_middle_parallel_lazy_ec,7ec64b42cdaaf6da583e9db30c0f04cda34450f6)",0,0,0,0,0,0,0,0,0,0,0,0,0,0,0,0,0,0,0,0,0,0,0,0,0,0,0,
"(org.eclipse.collections.impl.jmh.CollectTest.parallel_lazy_ec,7ec64b42cdaaf6da583e9db30c0f04cda34450f6)",0,0,0,0,0,0,0,0,0,0,0,0,0,0,0,0,0,0,0,0,0,0,0,0,0,0,0,
"(org.eclipse.collections.impl.jmh.LongIntMapTest.copyTest,7ec64b42cdaaf6da583e9db30c0f04cda34450f6)",0,0,0,0,0,0,0,0,0,0,0,0,0,0,0,0,0,0,0,0,0,0,0,0,0,0,0,
"(org.eclipse.collections.impl.jmh.MaxByIntTest.maxByQuantity_parallel_lazy_collect_lambda_jdk,7ec64b42cdaaf6da583e9db30c0f04cda34450f6)",0,0,0,0,0,0,0,0,0,0,0,0,0,0,0,0,0,0,0,0,0,0,0,0,0,0,0,
"(org.eclipse.collections.impl.jmh.AggregateByTest.aggregateInPlaceByAccount_parallel_eager_ec,7ec64b42cdaaf6da583e9db30c0f04cda34450f6)",0,0,0,0,0,0,0,0,0,0,0,0,0,0,0,0,0,0,0,0,0,0,0,0,0,0,0,
"(org.eclipse.collections.impl.jmh.AggregateByTest.aggregateByCategory_parallel_lazy_jdk,7ec64b42cdaaf6da583e9db30c0f04cda34450f6)",0,0,0,0,0,0,0,0,0,0,0,0,0,0,0,0,0,0,0,0,0,0,0,0,0,0,0,
"(org.eclipse.collections.impl.jmh.AnySatisfyTest.short_circuit_middle_serial_lazy_ec,7ec64b42cdaaf6da583e9db30c0f04cda34450f6)",0,0,0,0,0,0,0,0,0,0,0,0,0,0,0,0,0,0,0,0,0,0,0,0,0,0,0,
"(org.eclipse.collections.impl.jmh.CountSetTest.parallel_lazy_scala,7ec64b42cdaaf6da583e9db30c0f04cda34450f6)",0,0,0,0,0,0,0,0,0,0,0,0,0,0,0,0,0,0,0,0,0,0,0,0,0,0,0,
"(org.eclipse.collections.impl.jmh.AllSatisfyTest.process_all_serial_eager_ec,7ec64b42cdaaf6da583e9db30c0f04cda34450f6)",0,0,0,0,0,0,0,0,0,0,0,0,0,0,0,0,0,0,0,0,0,0,0,0,0,0,0,
"(org.eclipse.collections.impl.jmh.AnagramSetTest.serial_eager_ec,7ec64b42cdaaf6da583e9db30c0f04cda34450f6)",0,0,0,0,0,0,0,0,0,0,0,0,0,0,0,0,0,0,0,0,0,0,0,0,0,0,0,
"(org.eclipse.collections.impl.jmh.SumOfIntTest.serial_eager_collectIntSum_ec,7ec64b42cdaaf6da583e9db30c0f04cda34450f6)",0,0,0,0,0,0,0,0,0,0,0,0,0,0,0,0,0,0,0,0,0,0,0,0,0,0,0,
"(org.eclipse.collections.impl.jmh.CollectTest.serial_eager_scala,7ec64b42cdaaf6da583e9db30c0f04cda34450f6)",0,0,0,0,0,0,0,0,0,0,0,0,0,0,0,0,0,0,0,0,0,0,0,0,0,0,0,
"(org.eclipse.collections.impl.jmh.PartitionTest.serial_lazy_jdk,7ec64b42cdaaf6da583e9db30c0f04cda34450f6)",0,0,0,0,0,0,0,0,0,0,0,0,0,0,0,0,0,0,0,0,0,0,0,0,0,0,0,
"(org.eclipse.collections.impl.jmh.IntIntMapSmallStressTest.jdkPut,7ec64b42cdaaf6da583e9db30c0f04cda34450f6)",0,0,0,0,0,0,0,0,0,0,0,0,0,0,0,0,0,0,0,0,0,0,0,0,0,0,0,
"(org.eclipse.collections.impl.jmh.MaxByDoubleTest.maxByMarketValue_parallel_lazy_ec,7ec64b42cdaaf6da583e9db30c0f04cda34450f6)",0,0,0,0,0,0,0,0,0,0,0,0,0,0,0,0,0,0,0,0,0,0,0,0,0,0,0,
"(org.eclipse.collections.impl.jmh.IntIntMapLargeStressTest.ecGet,7ec64b42cdaaf6da583e9db30c0f04cda34450f6)",0,0,0,0,0,0,0,0,0,0,0,0,0,0,0,0,0,0,0,0,0,0,0,0,0,0,0,
"(org.eclipse.collections.impl.jmh.MinByDoubleTest.minByMarketValue_serial_lazy_collect_methodref_jdk,7ec64b42cdaaf6da583e9db30c0f04cda34450f6)",0,0,0,0,0,0,0,0,0,0,0,0,0,0,0,0,0,0,0,0,0,0,0,0,0,0,0,
"(org.eclipse.collections.impl.jmh.MaxByDoubleTest.maxByMarketValue_parallel_lazy_direct_lambda_jdk,7ec64b42cdaaf6da583e9db30c0f04cda34450f6)",0,0,0,0,0,0,0,0,0,0,0,0,0,0,0,0,0,0,0,0,0,0,0,0,0,0,0,
"(org.eclipse.collections.impl.jmh.AggregateByTest.aggregateByCategory_serial_lazy_ec,7ec64b42cdaaf6da583e9db30c0f04cda34450f6)",0,0,0,0,0,0,0,0,0,0,0,0,0,0,0,0,0,0,0,0,0,0,0,0,0,0,0,
"(org.eclipse.collections.impl.jmh.IntIntMapSmallStressTest.jdkRemove,7ec64b42cdaaf6da583e9db30c0f04cda34450f6)",0,0,0,0,0,0,0,0,0,0,0,0,0,0,0,0,0,0,0,0,0,0,0,0,0,0,0,
"(org.eclipse.collections.impl.jmh.GroupByListTest.groupBy_10000_keys_serial_lazy_streams_ec,7ec64b42cdaaf6da583e9db30c0f04cda34450f6)",0,0,0,0,0,0,0,0,0,0,0,0,0,0,0,0,0,0,0,0,0,0,0,0,0,0,0,
"(org.eclipse.collections.impl.jmh.MinTest.parallel_lazy_reverse_ec,7ec64b42cdaaf6da583e9db30c0f04cda34450f6)",0,0,0,0,0,0,0,0,0,0,0,0,0,0,0,0,0,0,0,0,0,0,0,0,0,0,0,
"(org.eclipse.collections.impl.jmh.AnagramBagTest.parallel_lazy_jdk,7ec64b42cdaaf6da583e9db30c0f04cda34450f6)",0,0,0,0,0,0,0,0,0,0,0,0,0,0,0,0,0,0,0,0,0,0,0,0,0,0,0,
"(org.eclipse.collections.impl.jmh.RejectTest.serial_lazy_jdk_lambda_not,7ec64b42cdaaf6da583e9db30c0f04cda34450f6)",0,0,0,0,0,0,0,0,0,0,0,0,0,0,0,0,0,0,0,0,0,0,0,0,0,0,0,
"(org.eclipse.collections.impl.jmh.SumByDoubleTest.sumByAccount_parallel_lazy_jdk,7ec64b42cdaaf6da583e9db30c0f04cda34450f6)",0,0,0,0,0,0,0,0,0,0,0,0,0,0,0,0,0,0,0,0,0,0,0,0,0,0,0,
"(org.eclipse.collections.impl.jmh.set.sorted.SortedSetContainsTest.contains_immutable_ec,7ec64b42cdaaf6da583e9db30c0f04cda34450f6)",0,0,0,0,0,0,0,0,0,0,0,0,0,0,0,0,0,0,0,0,0,0,0,0,0,0,0,
"(org.eclipse.collections.impl.jmh.NoneSatisfyTest.short_circuit_middle_parallel_lazy_ec,7ec64b42cdaaf6da583e9db30c0f04cda34450f6)",0,0,0,0,0,0,0,0,0,0,0,0,0,0,0,0,0,0,0,0,0,0,0,0,0,0,0,
"(org.eclipse.collections.impl.jmh.NoneSatisfyTest.short_circuit_middle_serial_eager_ec,7ec64b42cdaaf6da583e9db30c0f04cda34450f6)",0,0,0,0,0,0,0,0,0,0,0,0,0,0,0,0,0,0,0,0,0,0,0,0,0,0,0,
"(org.eclipse.collections.impl.jmh.MaxTest.serial_lazy_ec,7ec64b42cdaaf6da583e9db30c0f04cda34450f6)",0,0,0,0,0,0,0,0,0,0,0,0,0,0,0,0,0,0,0,0,0,0,0,0,0,0,0,
"(org.eclipse.collections.impl.jmh.MinByIntTest.minByQuantity_serial_lazy_collect_lambda_jdk,7ec64b42cdaaf6da583e9db30c0f04cda34450f6)",0,0,0,0,0,0,0,0,0,0,0,0,0,0,0,0,0,0,0,0,0,0,0,0,0,0,0,
"(org.eclipse.collections.impl.jmh.GroupBySetTest.groupBy_10000_keys_parallel_lazy_jdk,7ec64b42cdaaf6da583e9db30c0f04cda34450f6)",0,0,0,0,0,0,0,0,0,0,0,0,0,0,0,0,0,0,0,0,0,0,0,0,0,0,0,
"(org.eclipse.collections.impl.jmh.CollectTest.serial_eager_ec,7ec64b42cdaaf6da583e9db30c0f04cda34450f6)",0,0,0,0,0,0,0,0,0,0,0,0,0,0,0,0,0,0,0,0,0,0,0,0,0,0,0,
"(org.eclipse.collections.impl.jmh.CountSetTest.parallel_lazy_jdk,7ec64b42cdaaf6da583e9db30c0f04cda34450f6)",0,0,0,0,0,0,0,0,0,0,0,0,0,0,0,0,0,0,0,0,0,0,0,0,0,0,0,
"(org.eclipse.collections.impl.jmh.list.ListIterationTest.parallel_immutable_ec,7ec64b42cdaaf6da583e9db30c0f04cda34450f6)",0,0,0,0,0,0,0,0,0,0,0,0,0,0,0,0,0,0,0,0,0,0,0,0,0,0,0,
"(org.eclipse.collections.impl.jmh.SumOfIntTest.serial_lazy_collectLongSum_jdk,7ec64b42cdaaf6da583e9db30c0f04cda34450f6)",0,0,0,0,0,0,0,0,0,0,0,0,0,0,0,0,0,0,0,0,0,0,0,0,0,0,0,
"(org.eclipse.collections.impl.jmh.LongIntMapTest.put,7ec64b42cdaaf6da583e9db30c0f04cda34450f6)",0,0,0,0,0,0,0,0,0,0,0,0,0,0,0,0,0,0,0,0,0,0,0,0,0,0,0,
"(org.eclipse.collections.impl.jmh.AnySatisfyTest.process_all_serial_lazy_jdk,7ec64b42cdaaf6da583e9db30c0f04cda34450f6)",0,0,0,0,0,0,0,0,0,0,0,0,0,0,0,0,0,0,0,0,0,0,0,0,0,0,0,
"(org.eclipse.collections.impl.jmh.FunctionalInterfaceSetTest.parallel_lazy_ec,7ec64b42cdaaf6da583e9db30c0f04cda34450f6)",0,0,0,0,0,0,0,0,0,0,0,0,0,0,0,0,0,0,0,0,0,0,0,0,0,0,0,
"(org.eclipse.collections.impl.jmh.AllSatisfyTest.short_circuit_middle_parallel_lazy_ec,7ec64b42cdaaf6da583e9db30c0f04cda34450f6)",0,0,0,0,0,0,0,0,0,0,0,0,0,0,0,0,0,0,0,0,0,0,0,0,0,0,0,
"(org.eclipse.collections.impl.jmh.list.ListIterationTest.serial_mutable_scala,7ec64b42cdaaf6da583e9db30c0f04cda34450f6)",0,0,0,0,0,0,0,0,0,0,0,0,0,0,0,0,0,0,0,0,0,0,0,0,0,0,0,
"(org.eclipse.collections.impl.jmh.PartitionTest.serial_eager_ec,7ec64b42cdaaf6da583e9db30c0f04cda34450f6)",0,0,0,0,0,0,0,0,0,0,0,0,0,0,0,0,0,0,0,0,0,0,0,0,0,0,0,
"(org.eclipse.collections.impl.jmh.AggregateByTest.aggregateByCategory_serial_lazy_jdk,7ec64b42cdaaf6da583e9db30c0f04cda34450f6)",0,0,0,0,0,0,0,0,0,0,0,0,0,0,0,0,0,0,0,0,0,0,0,0,0,0,0,
"(org.eclipse.collections.impl.jmh.AnagramListTest.serial_lazy_streams_ec,7ec64b42cdaaf6da583e9db30c0f04cda34450f6)",0,0,0,0,0,0,0,0,0,0,0,0,0,0,0,0,0,0,0,0,0,0,0,0,0,0,0,
"(org.eclipse.collections.impl.jmh.GroupBySetTest.groupBy_2_keys_serial_eager_scala,7ec64b42cdaaf6da583e9db30c0f04cda34450f6)",0,0,0,0,0,0,0,0,0,0,0,0,0,0,0,0,0,0,0,0,0,0,0,0,0,0,0,
"(org.eclipse.collections.impl.jmh.SumOfIntTest.parallel_lazy_collectIntSum_streams_ec,7ec64b42cdaaf6da583e9db30c0f04cda34450f6)",0,0,0,0,0,0,0,0,0,0,0,0,0,0,0,0,0,0,0,0,0,0,0,0,0,0,0,
"(org.eclipse.collections.impl.jmh.map.TroveMapPutTest.trove,7ec64b42cdaaf6da583e9db30c0f04cda34450f6)",0,0,0,0,0,0,0,0,0,0,0,0,0,0,0,0,0,0,0,0,0,0,0,0,0,0,0,
"(org.eclipse.collections.impl.jmh.FlatCollectTest.serial_lazy_ec,7ec64b42cdaaf6da583e9db30c0f04cda34450f6)",0,0,0,0,0,0,0,0,0,0,0,0,0,0,0,0,0,0,0,0,0,0,0,0,0,0,0,
"(org.eclipse.collections.impl.jmh.GroupBySetTest.groupBy_10000_keys_serial_lazy_streams_ec,7ec64b42cdaaf6da583e9db30c0f04cda34450f6)",0,0,0,0,0,0,0,0,0,0,0,0,0,0,0,0,0,0,0,0,0,0,0,0,0,0,0,
"(org.eclipse.collections.impl.jmh.map.KolobokeMutableMapGetTest.get,7ec64b42cdaaf6da583e9db30c0f04cda34450f6)",0,0,0,0,0,0,0,0,0,0,0,0,0,0,0,0,0,0,0,0,0,0,0,0,0,0,0,
"(org.eclipse.collections.impl.jmh.GroupBySetTest.groupBy_10000_keys_parallel_lazy_scala,7ec64b42cdaaf6da583e9db30c0f04cda34450f6)",0,0,0,0,0,0,0,0,0,0,0,0,0,0,0,0,0,0,0,0,0,0,0,0,0,0,0,
"(org.eclipse.collections.impl.jmh.map.ChainMapPutTest.scala,7ec64b42cdaaf6da583e9db30c0f04cda34450f6)",0,0,0,0,0,0,0,0,0,0,0,0,0,0,0,0,0,0,0,0,0,0,0,0,0,0,0,
"(org.eclipse.collections.impl.jmh.FunctionalInterfaceTest.parallel_lazy_scala,7ec64b42cdaaf6da583e9db30c0f04cda34450f6)",0,0,0,0,0,0,0,0,0,0,0,0,0,0,0,0,0,0,0,0,0,0,0,0,0,0,0,
"(org.eclipse.collections.impl.jmh.FunctionalInterfaceTest.serial_eager_ec,7ec64b42cdaaf6da583e9db30c0f04cda34450f6)",0,0,0,0,0,0,0,0,0,0,0,0,0,0,0,0,0,0,0,0,0,0,0,0,0,0,0,
"(org.eclipse.collections.impl.jmh.SumByDoubleTest.sumByAccount_serial_eager_ec,7ec64b42cdaaf6da583e9db30c0f04cda34450f6)",0,0,0,0,0,0,0,0,0,0,0,0,0,0,0,0,0,0,0,0,0,0,0,0,0,0,0,
"(org.eclipse.collections.impl.jmh.SumByDoubleTest.sumByProduct_parallel_lazy_jdk,7ec64b42cdaaf6da583e9db30c0f04cda34450f6)",0,0,0,0,0,0,0,0,0,0,0,0,0,0,0,0,0,0,0,0,0,0,0,0,0,0,0,
"(org.eclipse.collections.impl.jmh.SumOfDoubleTest.parallel_lazy_collectDoubleSum_jdk,7ec64b42cdaaf6da583e9db30c0f04cda34450f6)",0,0,0,0,0,0,0,0,0,0,0,0,0,0,0,0,0,0,0,0,0,0,0,0,0,0,0,
"(org.eclipse.collections.impl.jmh.map.TroveMutableMapGetTest.get,7ec64b42cdaaf6da583e9db30c0f04cda34450f6)",0,0,0,0,0,0,0,0,0,0,0,0,0,0,0,0,0,0,0,0,0,0,0,0,0,0,0,
"(org.eclipse.collections.impl.jmh.MinTest.parallel_lazy_intstream_jdk,7ec64b42cdaaf6da583e9db30c0f04cda34450f6)",0,0,0,0,0,0,0,0,0,0,0,0,0,0,0,0,0,0,0,0,0,0,0,0,0,0,0,
"(org.eclipse.collections.impl.jmh.SumOfIntTest.parallel_lazy_collectLongSum_jdk,7ec64b42cdaaf6da583e9db30c0f04cda34450f6)",0,0,0,0,0,0,0,0,0,0,0,0,0,0,0,0,0,0,0,0,0,0,0,0,0,0,0,
"(org.eclipse.collections.impl.jmh.set.sorted.SortedSetIterationTest.parallel_mutable_ec,7ec64b42cdaaf6da583e9db30c0f04cda34450f6)",0,0,0,0,0,0,0,0,0,0,0,0,0,0,0,0,0,0,0,0,0,0,0,0,0,0,0,
"(org.eclipse.collections.impl.jmh.MaxByDoubleTest.maxByMarketValue_serial_lazy_collect_lambda_jdk,7ec64b42cdaaf6da583e9db30c0f04cda34450f6)",0,0,0,0,0,0,0,0,0,0,0,0,0,0,0,0,0,0,0,0,0,0,0,0,0,0,0,
"(org.eclipse.collections.impl.jmh.NoneSatisfyTest.process_none_serial_lazy_jdk,7ec64b42cdaaf6da583e9db30c0f04cda34450f6)",0,0,0,0,0,0,0,0,0,0,0,0,0,0,0,0,0,0,0,0,0,0,0,0,0,0,0,
"(org.eclipse.collections.impl.jmh.GroupByListTest.groupBy_100_keys_serial_lazy_scala,7ec64b42cdaaf6da583e9db30c0f04cda34450f6)",0,0,0,0,0,0,0,0,0,0,0,0,0,0,0,0,0,0,0,0,0,0,0,0,0,0,0,
"(org.eclipse.collections.impl.jmh.LongLongMapSmallStressTest.ecRemove,7ec64b42cdaaf6da583e9db30c0f04cda34450f6)",0,0,0,0,0,0,0,0,0,0,0,0,0,0,0,0,0,0,0,0,0,0,0,0,0,0,0,
"(org.eclipse.collections.impl.jmh.map.MapGrowthTest.mutableEcPut,7ec64b42cdaaf6da583e9db30c0f04cda34450f6)",0,0,0,0,0,0,0,0,0,0,0,0,0,0,0,0,0,0,0,0,0,0,0,0,0,0,0,
"(org.eclipse.collections.impl.jmh.FunctionalInterfaceSetTest.serial_eager_ec,7ec64b42cdaaf6da583e9db30c0f04cda34450f6)",0,0,0,0,0,0,0,0,0,0,0,0,0,0,0,0,0,0,0,0,0,0,0,0,0,0,0,
"(org.eclipse.collections.impl.jmh.MaxByDoubleTest.maxByMarketValue_serial_eager_ec,7ec64b42cdaaf6da583e9db30c0f04cda34450f6)",0,0,0,0,0,0,0,0,0,0,0,0,0,0,0,0,0,0,0,0,0,0,0,0,0,0,0,
"(org.eclipse.collections.impl.jmh.MaxByIntTest.maxByQuantity_parallel_lazy_collect_methodref_jdk,7ec64b42cdaaf6da583e9db30c0f04cda34450f6)",0,0,0,0,0,0,0,0,0,0,0,0,0,0,0,0,0,0,0,0,0,0,0,0,0,0,0,
"(org.eclipse.collections.impl.jmh.GroupByListTest.groupBy_100_keys_serial_eager_scala,7ec64b42cdaaf6da583e9db30c0f04cda34450f6)",0,0,0,0,0,0,0,0,0,0,0,0,0,0,0,0,0,0,0,0,0,0,0,0,0,0,0,
"(org.eclipse.collections.impl.jmh.map.MapGrowthTest.immutableScalaPut,7ec64b42cdaaf6da583e9db30c0f04cda34450f6)",0,0,0,0,0,0,0,0,0,0,0,0,0,0,0,0,0,0,0,0,0,0,0,0,0,0,0,
"(org.eclipse.collections.impl.jmh.GroupByListTest.groupBy_2_keys_serial_lazy_jdk,7ec64b42cdaaf6da583e9db30c0f04cda34450f6)",0,0,0,0,0,0,0,0,0,0,0,0,0,0,0,0,0,0,0,0,0,0,0,0,0,0,0,
"(org.eclipse.collections.impl.jmh.MaxByDoubleTest.maxByMarketValue_serial_lazy_collect_methodref_jdk,7ec64b42cdaaf6da583e9db30c0f04cda34450f6)",0,0,0,0,0,0,0,0,0,0,0,0,0,0,0,0,0,0,0,0,0,0,0,0,0,0,0,
"(org.eclipse.collections.impl.jmh.SumByDoubleTest.sumByProduct_serial_lazy_jdk,7ec64b42cdaaf6da583e9db30c0f04cda34450f6)",0,0,0,0,0,0,0,0,0,0,0,0,0,0,0,0,0,0,0,0,0,0,0,0,0,0,0,
"(org.eclipse.collections.impl.jmh.AggregateByTest.aggregateByProduct_parallel_eager_ec,7ec64b42cdaaf6da583e9db30c0f04cda34450f6)",0,0,0,0,0,0,0,0,0,0,0,0,0,0,0,0,0,0,0,0,0,0,0,0,0,0,0,
"(org.eclipse.collections.impl.jmh.AnagramSetTest.serial_lazy_streams_ec,7ec64b42cdaaf6da583e9db30c0f04cda34450f6)",0,0,0,0,0,0,0,0,0,0,0,0,0,0,0,0,0,0,0,0,0,0,0,0,0,0,0,
"(org.eclipse.collections.impl.jmh.MaxTest.serial_lazy_jdk,7ec64b42cdaaf6da583e9db30c0f04cda34450f6)",0,0,0,0,0,0,0,0,0,0,0,0,0,0,0,0,0,0,0,0,0,0,0,0,0,0,0,
"(org.eclipse.collections.impl.jmh.AnagramBagTest.parallel_lazy_ec,7ec64b42cdaaf6da583e9db30c0f04cda34450f6)",0,0,0,0,0,0,0,4,0,0,0,0,0,0,0,0,0,0,0,0,0,0,0,0,1,0,5,
"(org.eclipse.collections.impl.jmh.GroupByListTest.groupBy_2_keys_serial_lazy_ec,7ec64b42cdaaf6da583e9db30c0f04cda34450f6)",0,0,0,0,0,0,0,0,0,0,0,0,0,0,0,0,0,0,0,0,0,0,0,0,0,0,0,
"(org.eclipse.collections.impl.jmh.CollectIfTest.serial_lazy_ec,7ec64b42cdaaf6da583e9db30c0f04cda34450f6)",0,0,0,0,0,0,0,0,0,0,0,0,0,0,0,0,0,0,0,0,0,0,0,0,0,0,0,
"(org.eclipse.collections.impl.jmh.AggregateByTest.aggregateByProduct_parallel_lazy_ec,7ec64b42cdaaf6da583e9db30c0f04cda34450f6)",0,0,0,0,0,0,0,0,0,0,0,0,0,0,0,0,0,0,0,0,0,0,0,0,0,0,0,
"(org.eclipse.collections.impl.jmh.SumByDoubleTest.sumByAccount_serial_lazy_jdk,7ec64b42cdaaf6da583e9db30c0f04cda34450f6)",0,0,0,0,0,0,0,0,0,0,0,0,0,0,0,0,0,0,0,0,0,0,0,0,0,0,0,
"(org.eclipse.collections.impl.jmh.AnySatisfyTest.process_all_serial_lazy_streams_ec,7ec64b42cdaaf6da583e9db30c0f04cda34450f6)",0,0,0,0,0,0,0,0,0,0,0,0,0,0,0,0,0,0,0,0,0,0,0,0,0,0,0,
"(org.eclipse.collections.impl.jmh.GroupBySetTest.groupBy_unordered_lists_10000_keys_serial_eager_guava,7ec64b42cdaaf6da583e9db30c0f04cda34450f6)",0,0,0,0,0,0,0,0,0,0,0,0,0,0,0,0,0,0,0,0,0,0,0,0,0,0,0,
"(org.eclipse.collections.impl.jmh.MaxByIntTest.maxByQuantity_serial_lazy_collect_lambda_jdk,7ec64b42cdaaf6da583e9db30c0f04cda34450f6)",0,0,0,0,0,0,0,0,0,0,0,0,0,0,0,0,0,0,0,0,0,0,0,0,0,0,0,
"(org.eclipse.collections.impl.jmh.FunctionalInterfaceTest.serial_eager_scala,7ec64b42cdaaf6da583e9db30c0f04cda34450f6)",0,0,0,0,0,0,0,0,0,0,0,0,0,0,0,0,0,0,0,0,0,0,0,0,0,0,0,
"(org.eclipse.collections.impl.jmh.MinTest.serial_lazy_jdk,7ec64b42cdaaf6da583e9db30c0f04cda34450f6)",0,0,0,0,0,0,0,0,0,0,0,0,0,0,0,0,0,0,0,0,0,0,0,0,0,0,0,
"(org.eclipse.collections.impl.jmh.IntIntMapLargeStressTest.kolobokeRemove,7ec64b42cdaaf6da583e9db30c0f04cda34450f6)",0,0,0,0,0,0,0,0,0,0,0,0,0,0,0,0,0,0,0,0,0,0,0,0,0,0,0,
"(org.eclipse.collections.impl.jmh.SelectTest.parallel_lazy_jdk,7ec64b42cdaaf6da583e9db30c0f04cda34450f6)",0,0,0,0,0,0,0,0,0,0,0,0,0,0,0,0,0,0,0,0,0,0,0,0,0,0,0,
"(org.eclipse.collections.impl.jmh.IntIntMapSmallStressTest.kolobokeRemove,7ec64b42cdaaf6da583e9db30c0f04cda34450f6)",0,0,0,0,0,0,0,0,0,0,0,0,0,0,0,0,0,0,0,0,0,0,0,0,0,0,0,
"(org.eclipse.collections.impl.jmh.SumOfIntTest.parallel_lazy_directSumOfInt_ec,7ec64b42cdaaf6da583e9db30c0f04cda34450f6)",0,0,0,0,0,0,0,0,0,0,0,0,0,0,0,0,0,0,0,0,0,0,0,0,0,0,0,
"(org.eclipse.collections.impl.jmh.GroupBySetTest.groupBy_unordered_lists_10000_keys_serial_lazy_ec,7ec64b42cdaaf6da583e9db30c0f04cda34450f6)",0,0,0,0,0,0,0,0,0,0,0,0,0,0,0,0,0,0,0,0,0,0,0,0,0,0,0,
"(org.eclipse.collections.impl.jmh.GroupBySetTest.groupBy_100_keys_parallel_lazy_scala,7ec64b42cdaaf6da583e9db30c0f04cda34450f6)",0,0,0,0,0,0,0,0,0,0,0,0,0,0,0,0,0,0,0,0,0,0,0,0,0,0,0,
"(org.eclipse.collections.impl.jmh.AggregateByTest.aggregateInPlaceByCategory_parallel_eager_ec,7ec64b42cdaaf6da583e9db30c0f04cda34450f6)",0,0,0,0,0,0,0,0,0,0,0,0,0,0,0,0,0,0,0,0,0,0,0,0,0,0,0,
"(org.eclipse.collections.impl.jmh.AggregateByTest.aggregateByAccount_serial_lazy_ec,7ec64b42cdaaf6da583e9db30c0f04cda34450f6)",0,0,0,0,0,0,0,0,0,0,0,0,0,0,0,0,0,0,0,0,0,0,0,0,0,0,0,
"(org.eclipse.collections.impl.jmh.CollectIfTest.parallel_lazy_streams_ec,7ec64b42cdaaf6da583e9db30c0f04cda34450f6)",0,0,0,0,0,0,0,0,0,0,0,0,0,0,0,0,0,0,0,0,0,0,0,0,0,0,0,
"(org.eclipse.collections.impl.jmh.GroupBySetTest.groupBy_10000_keys_parallel_lazy_ec,7ec64b42cdaaf6da583e9db30c0f04cda34450f6)",0,0,0,0,0,0,0,0,0,0,0,0,0,0,0,0,0,0,0,0,0,0,0,0,0,0,0,
"(org.eclipse.collections.impl.jmh.set.sorted.SortedSetIterationTest.parallel_immutable_ec,7ec64b42cdaaf6da583e9db30c0f04cda34450f6)",0,0,0,0,0,0,0,0,0,0,0,0,0,0,0,0,0,0,0,0,0,0,0,0,0,0,0,
"(org.eclipse.collections.impl.jmh.ListAddAllTest.jdk,7ec64b42cdaaf6da583e9db30c0f04cda34450f6)",0,0,0,0,0,0,0,0,0,0,0,0,0,0,0,0,0,0,0,0,0,0,0,0,0,0,0,
"(org.eclipse.collections.impl.jmh.SumOfDoubleTest.serial_eager_directSumOfDouble_ec,7ec64b42cdaaf6da583e9db30c0f04cda34450f6)",0,0,0,0,0,0,0,0,0,0,0,0,0,0,0,0,0,0,0,0,0,0,0,0,0,0,0,
"(org.eclipse.collections.impl.jmh.AnagramBagTest.parallel_eager_forkjoin_ec,7ec64b42cdaaf6da583e9db30c0f04cda34450f6)",0,0,0,0,0,0,0,1,0,0,0,0,0,0,0,0,0,0,0,0,0,0,0,0,1,0,2,
"(org.eclipse.collections.impl.jmh.CountSetTest.serial_lazy_scala,7ec64b42cdaaf6da583e9db30c0f04cda34450f6)",0,0,0,0,0,0,0,0,0,0,0,0,0,0,0,0,0,0,0,0,0,0,0,0,0,0,0,
"(org.eclipse.collections.impl.jmh.GroupByListTest.groupBy_10000_keys_serial_eager_ec,7ec64b42cdaaf6da583e9db30c0f04cda34450f6)",0,0,0,0,0,0,0,0,0,0,0,0,0,0,0,0,0,0,0,0,0,0,0,0,0,0,0,
"(org.eclipse.collections.impl.jmh.CollectTest.serial_lazy_jdk,7ec64b42cdaaf6da583e9db30c0f04cda34450f6)",0,0,0,0,0,0,0,0,0,0,0,0,0,0,0,0,0,0,0,0,0,0,0,0,0,0,0,
"(org.eclipse.collections.impl.jmh.AnySatisfyTest.short_circuit_middle_parallel_lazy_scala,7ec64b42cdaaf6da583e9db30c0f04cda34450f6)",0,0,0,0,0,0,0,0,0,0,0,0,0,0,0,0,0,0,0,0,0,0,0,0,0,0,0,
"(org.eclipse.collections.impl.jmh.MinByIntTest.minByQuantity_serial_lazy_ec,7ec64b42cdaaf6da583e9db30c0f04cda34450f6)",0,0,0,0,0,0,0,0,0,0,0,0,0,0,0,0,0,0,0,0,0,0,0,0,0,0,0,
"(org.eclipse.collections.impl.jmh.IntIntMapSmallStressTest.ecPut,7ec64b42cdaaf6da583e9db30c0f04cda34450f6)",0,0,0,0,0,0,0,0,0,0,0,0,0,0,0,0,0,0,0,0,0,0,0,0,0,0,0,
"(org.eclipse.collections.impl.jmh.SumByDoubleTest.sumByCategory_parallel_lazy_jdk,7ec64b42cdaaf6da583e9db30c0f04cda34450f6)",0,0,0,0,0,0,0,0,0,0,0,0,0,0,0,0,0,0,0,0,0,0,0,0,0,0,0,
"(org.eclipse.collections.impl.jmh.SelectTest.parallel_eager_ec,7ec64b42cdaaf6da583e9db30c0f04cda34450f6)",0,0,0,0,0,0,0,0,0,0,0,0,0,0,0,0,0,0,0,0,0,0,0,0,0,0,0,
"(org.eclipse.collections.impl.jmh.set.sorted.SortedSetIterationTest.serial_mutable_ec,7ec64b42cdaaf6da583e9db30c0f04cda34450f6)",0,0,0,0,0,0,0,0,0,0,0,0,0,0,0,0,0,0,0,0,0,0,0,0,0,0,0,
"(org.eclipse.collections.impl.jmh.CountSetTest.parallel_lazy_streams_ec,7ec64b42cdaaf6da583e9db30c0f04cda34450f6)",0,0,0,0,0,0,0,0,0,0,0,0,0,0,0,0,0,0,0,0,0,0,0,0,0,0,0,
"(org.eclipse.collections.impl.jmh.set.sorted.SortedSetIterationTest.serial_immutable_ec,7ec64b42cdaaf6da583e9db30c0f04cda34450f6)",0,0,0,0,0,0,0,0,0,0,0,0,0,0,0,0,0,0,0,0,0,0,0,0,0,0,0,
"(org.eclipse.collections.impl.jmh.AggregateByTest.aggregateInPlaceByAccount_parallel_lazy_ec,7ec64b42cdaaf6da583e9db30c0f04cda34450f6)",0,0,0,0,0,0,0,0,0,0,0,0,0,0,0,0,0,0,0,0,0,0,0,0,0,0,0,
"(org.eclipse.collections.impl.jmh.MinByIntTest.minByQuantity_serial_lazy_direct_lambda_jdk,7ec64b42cdaaf6da583e9db30c0f04cda34450f6)",0,0,0,0,0,0,0,0,0,0,0,0,0,0,0,0,0,0,0,0,0,0,0,0,0,0,0,
"(org.eclipse.collections.impl.jmh.GroupByListTest.groupBy_100_keys_serial_lazy_jdk,7ec64b42cdaaf6da583e9db30c0f04cda34450f6)",0,0,0,0,0,0,0,0,0,0,0,0,0,0,0,0,0,0,0,0,0,0,0,0,0,0,0,
"(org.eclipse.collections.impl.jmh.SumByDoubleTest.sumByAccount_parallel_eager_ec,7ec64b42cdaaf6da583e9db30c0f04cda34450f6)",0,0,0,0,0,0,0,0,0,0,0,0,0,0,0,0,0,0,0,0,0,0,0,0,0,0,0,
"(org.eclipse.collections.impl.jmh.FunctionalInterfaceTest.serial_lazy_ec,7ec64b42cdaaf6da583e9db30c0f04cda34450f6)",0,0,0,0,0,0,0,0,0,0,0,0,0,0,0,0,0,0,0,0,0,0,0,0,0,0,0,
"(org.eclipse.collections.impl.jmh.SumByBigDecimalTest.sumByBigDecimalCategory_serial_eager_ec,7ec64b42cdaaf6da583e9db30c0f04cda34450f6)",0,0,0,0,0,0,0,0,0,0,0,0,0,0,0,0,0,0,0,0,0,0,0,0,0,0,0,
"(org.eclipse.collections.impl.jmh.CollectTest.parallel_lazy_scala,7ec64b42cdaaf6da583e9db30c0f04cda34450f6)",0,0,0,0,0,0,0,0,0,0,0,0,0,0,0,0,0,0,0,0,0,0,0,0,0,0,0,
"(org.eclipse.collections.impl.jmh.NoneSatisfyTest.short_circuit_middle_serial_lazy_ec,7ec64b42cdaaf6da583e9db30c0f04cda34450f6)",0,0,0,0,0,0,0,0,0,0,0,0,0,0,0,0,0,0,0,0,0,0,0,0,0,0,0,
"(org.eclipse.collections.impl.jmh.IntIntMapSmallStressTest.kolobokeGet,7ec64b42cdaaf6da583e9db30c0f04cda34450f6)",0,0,0,0,0,0,0,0,0,0,0,0,0,0,0,0,0,0,0,0,0,0,0,0,0,0,0,
"(org.eclipse.collections.impl.jmh.CollectTest.serial_lazy_ec,7ec64b42cdaaf6da583e9db30c0f04cda34450f6)",0,0,0,0,0,0,0,0,0,0,0,0,0,0,0,0,0,0,0,0,0,0,0,0,0,0,0,
"(org.eclipse.collections.impl.jmh.LongIntMapTest.remove,7ec64b42cdaaf6da583e9db30c0f04cda34450f6)",0,0,0,0,0,0,0,0,0,0,0,0,0,0,0,0,0,0,0,0,0,0,0,0,0,0,0,
"(org.eclipse.collections.impl.jmh.AnagramBagTest.serial_lazy_streams_ec,7ec64b42cdaaf6da583e9db30c0f04cda34450f6)",0,0,0,0,0,0,0,1,0,0,0,0,0,0,0,0,0,0,0,0,0,0,0,0,1,0,2,
"(org.eclipse.collections.impl.jmh.CountSetTest.serial_lazy_ec,7ec64b42cdaaf6da583e9db30c0f04cda34450f6)",0,0,0,0,0,0,0,0,0,0,0,0,0,0,0,0,0,0,0,0,0,0,0,0,0,0,0,
"(org.eclipse.collections.impl.jmh.CollectIfTest.serial_lazy_streams_ec,7ec64b42cdaaf6da583e9db30c0f04cda34450f6)",0,0,0,0,0,0,0,0,0,0,0,0,0,0,0,0,0,0,0,0,0,0,0,0,0,0,0,
"(org.eclipse.collections.impl.jmh.CountSetTest.parallel_lazy_ec,7ec64b42cdaaf6da583e9db30c0f04cda34450f6)",0,0,0,0,0,0,0,0,0,0,0,0,0,0,0,0,0,0,0,0,0,0,0,0,0,0,0,
"(org.eclipse.collections.impl.jmh.map.ScalaImmutableMapGetTest.get,7ec64b42cdaaf6da583e9db30c0f04cda34450f6)",0,0,0,0,0,0,0,0,0,0,0,0,0,0,0,0,0,0,0,0,0,0,0,0,0,0,0,
"(org.eclipse.collections.impl.jmh.AnySatisfyTest.short_circuit_middle_serial_eager_scala,7ec64b42cdaaf6da583e9db30c0f04cda34450f6)",0,0,0,0,0,0,0,0,0,0,0,0,0,0,0,0,0,0,0,0,0,0,0,0,0,0,0,
"(org.eclipse.collections.impl.jmh.map.ChainMapPutTest.ec,7ec64b42cdaaf6da583e9db30c0f04cda34450f6)",0,0,0,0,0,0,0,0,0,0,0,0,0,0,0,0,0,0,0,0,0,0,0,0,0,0,0,
"(org.eclipse.collections.impl.jmh.AggregateByTest.aggregateByAccount_parallel_eager_ec,7ec64b42cdaaf6da583e9db30c0f04cda34450f6)",0,0,0,0,0,0,0,0,0,0,0,0,0,0,0,0,0,0,0,0,0,0,0,0,0,0,0,
"(org.eclipse.collections.impl.jmh.FunctionalInterfaceTest.parallel_lazy_ec_hand_coded,7ec64b42cdaaf6da583e9db30c0f04cda34450f6)",0,0,0,0,0,0,0,0,0,0,0,0,0,0,0,0,0,0,0,0,0,0,0,0,0,0,0,
"(org.eclipse.collections.impl.jmh.SumByDoubleTest.sumByProduct_parallel_lazy_streams_ec,7ec64b42cdaaf6da583e9db30c0f04cda34450f6)",0,0,0,0,0,0,0,0,0,0,0,0,0,0,0,0,0,0,0,0,0,0,0,0,0,0,0,
"(org.eclipse.collections.impl.jmh.AnagramListTest.parallel_lazy_streams_ec,7ec64b42cdaaf6da583e9db30c0f04cda34450f6)",0,0,0,0,0,0,0,0,0,0,0,0,0,0,0,0,0,0,0,0,0,0,0,0,0,0,0,
"(org.eclipse.collections.impl.jmh.CountSetTest.serial_eager_scala,7ec64b42cdaaf6da583e9db30c0f04cda34450f6)",0,0,0,0,0,0,0,0,0,0,0,0,0,0,0,0,0,0,0,0,0,0,0,0,0,0,0,
"(org.eclipse.collections.impl.jmh.LongLongMapLargeStressTest.ecPut,7ec64b42cdaaf6da583e9db30c0f04cda34450f6)",0,0,0,0,0,0,0,0,0,0,0,0,0,0,0,0,0,0,0,0,0,0,0,0,0,0,0,
"(org.eclipse.collections.impl.jmh.GroupBySetTest.groupBy_10000_keys_serial_lazy_jdk,7ec64b42cdaaf6da583e9db30c0f04cda34450f6)",0,0,0,0,0,0,0,0,0,0,0,0,0,0,0,0,0,0,0,0,0,0,0,0,0,0,0,
"(org.eclipse.collections.impl.jmh.GroupBySetTest.groupBy_100_keys_serial_lazy_jdk,7ec64b42cdaaf6da583e9db30c0f04cda34450f6)",0,0,0,0,0,0,0,0,0,0,0,0,0,0,0,0,0,0,0,0,0,0,0,0,0,0,0,
"(org.eclipse.collections.impl.jmh.MaxTest.parallel_lazy_ec,7ec64b42cdaaf6da583e9db30c0f04cda34450f6)",0,0,0,0,0,0,0,0,0,0,0,0,0,0,0,0,0,0,0,0,0,0,0,0,0,0,0,
"(org.eclipse.collections.impl.jmh.SumOfIntTest.parallel_lazy_collectLongSum_streams_ec,7ec64b42cdaaf6da583e9db30c0f04cda34450f6)",0,0,0,0,0,0,0,0,0,0,0,0,0,0,0,0,0,0,0,0,0,0,0,0,0,0,0,
"(org.eclipse.collections.impl.jmh.AggregateByTest.aggregateByAccount_parallel_lazy_streams_ec,7ec64b42cdaaf6da583e9db30c0f04cda34450f6)",0,0,0,0,0,0,0,0,0,0,0,0,0,0,0,0,0,0,0,0,0,0,0,0,0,0,0,
"(org.eclipse.collections.impl.jmh.GroupBySetTest.groupBy_100_keys_parallel_lazy_jdk,7ec64b42cdaaf6da583e9db30c0f04cda34450f6)",0,0,0,0,0,0,0,0,0,0,0,0,0,0,0,0,0,0,0,0,0,0,0,0,0,0,0,
"(org.eclipse.collections.impl.jmh.AnySatisfyTest.short_circuit_middle_serial_eager_ec,7ec64b42cdaaf6da583e9db30c0f04cda34450f6)",0,0,0,0,0,0,0,0,0,0,0,0,0,0,0,0,0,0,0,0,0,0,0,0,0,0,0,
"(org.eclipse.collections.impl.jmh.AllSatisfyTest.short_circuit_middle_serial_lazy_streams_ec,7ec64b42cdaaf6da583e9db30c0f04cda34450f6)",0,0,0,0,0,0,0,0,0,0,0,0,0,0,0,0,0,0,0,0,0,0,0,0,0,0,0,
"(org.eclipse.collections.impl.jmh.GroupByListTest.groupBy_10000_keys_serial_lazy_scala,7ec64b42cdaaf6da583e9db30c0f04cda34450f6)",0,0,0,0,0,0,0,0,0,0,0,0,0,0,0,0,0,0,0,0,0,0,0,0,0,0,0,
"(org.eclipse.collections.impl.jmh.GroupByListTest.groupBy_100_keys_serial_lazy_ec,7ec64b42cdaaf6da583e9db30c0f04cda34450f6)",0,0,0,0,0,0,0,0,0,0,0,0,0,0,0,0,0,0,0,0,0,0,0,0,0,0,0,
"(org.eclipse.collections.impl.jmh.GroupBySetTest.groupBy_unordered_lists_100_keys_serial_lazy_ec,7ec64b42cdaaf6da583e9db30c0f04cda34450f6)",0,0,0,0,0,0,0,0,0,0,0,0,0,0,0,0,0,0,0,0,0,0,0,0,0,0,0,
"(org.eclipse.collections.impl.jmh.MinByIntTest.minByQuantity_parallel_lazy_collect_lambda_jdk,7ec64b42cdaaf6da583e9db30c0f04cda34450f6)",0,0,0,0,0,0,0,0,0,0,0,0,0,0,0,0,0,0,0,0,0,0,0,0,0,0,0,
"(org.eclipse.collections.impl.jmh.NoneSatisfyTest.process_none_serial_eager_ec,7ec64b42cdaaf6da583e9db30c0f04cda34450f6)",0,0,0,0,0,0,0,0,0,0,0,0,0,0,0,0,0,0,0,0,0,0,0,0,0,0,0,
"(org.eclipse.collections.impl.jmh.CountTest.parallel_lazy_jdk,7ec64b42cdaaf6da583e9db30c0f04cda34450f6)",0,0,0,0,0,0,0,0,0,0,0,0,0,0,0,0,0,0,0,0,0,0,0,0,0,0,0,
"(org.eclipse.collections.impl.jmh.PartitionTest.serial_lazy_streams_ec,7ec64b42cdaaf6da583e9db30c0f04cda34450f6)",0,0,0,0,0,0,0,0,0,0,0,0,0,0,0,0,0,0,0,0,0,0,0,0,0,0,0,
"(org.eclipse.collections.impl.jmh.SumByBigDecimalTest.sumByBigDecimalCategory_parallel_eager_ec,7ec64b42cdaaf6da583e9db30c0f04cda34450f6)",0,0,0,0,0,0,0,0,0,0,0,0,0,0,0,0,0,0,0,0,0,0,0,0,0,0,0,
"(org.eclipse.collections.impl.jmh.IntIntMapLargeStressTest.kolobokePut,7ec64b42cdaaf6da583e9db30c0f04cda34450f6)",0,0,0,0,0,0,0,0,0,0,0,0,0,0,0,0,0,0,0,0,0,0,0,0,0,0,0,
"(org.eclipse.collections.impl.jmh.MaxByDoubleTest.maxByMarketValue_serial_lazy_ec,7ec64b42cdaaf6da583e9db30c0f04cda34450f6)",0,0,0,0,0,0,0,0,0,0,0,0,0,0,0,0,0,0,0,0,0,0,0,0,0,0,0,
"(org.eclipse.collections.impl.jmh.MinTest.parallel_lazy_streams_ec,7ec64b42cdaaf6da583e9db30c0f04cda34450f6)",0,0,0,0,0,0,0,0,0,0,0,0,0,0,0,0,0,0,0,0,0,0,0,0,0,0,0,
"(org.eclipse.collections.impl.jmh.CollectTest.parallel_lazy_streams_ec,7ec64b42cdaaf6da583e9db30c0f04cda34450f6)",0,0,0,0,0,0,0,0,0,0,0,0,0,0,0,0,0,0,0,0,0,0,0,0,0,0,0,
"(org.eclipse.collections.impl.jmh.CountTest.serial_lazy_scala,7ec64b42cdaaf6da583e9db30c0f04cda34450f6)",0,0,0,0,0,0,0,0,0,0,0,0,0,0,0,0,0,0,0,0,0,0,0,0,0,0,0,
"(org.eclipse.collections.impl.jmh.MaxTest.parallel_lazy_reverse_ec,7ec64b42cdaaf6da583e9db30c0f04cda34450f6)",0,0,0,0,0,0,0,0,0,0,0,0,0,0,0,0,0,0,0,0,0,0,0,0,0,0,0,
"(org.eclipse.collections.impl.jmh.SumOfIntTest.parallel_lazy_collectIntSum_jdk,7ec64b42cdaaf6da583e9db30c0f04cda34450f6)",0,0,0,0,0,0,0,0,0,0,0,0,0,0,0,0,0,0,0,0,0,0,0,0,0,0,0,
"(org.eclipse.collections.impl.jmh.MinByDoubleTest.minByMarketValue_parallel_lazy_collect_methodref_jdk,7ec64b42cdaaf6da583e9db30c0f04cda34450f6)",0,0,0,0,0,0,0,0,0,0,0,0,0,0,0,0,0,0,0,0,0,0,0,0,0,0,0,
"(org.eclipse.collections.impl.jmh.MinTest.serial_lazy_intstream_jdk,7ec64b42cdaaf6da583e9db30c0f04cda34450f6)",0,0,0,0,0,0,0,0,0,0,0,0,0,0,0,0,0,0,0,0,0,0,0,0,0,0,0,
"(org.eclipse.collections.impl.jmh.PartitionTest.serial_lazy_ec,7ec64b42cdaaf6da583e9db30c0f04cda34450f6)",0,0,0,0,0,0,0,0,0,0,0,0,0,0,0,0,0,0,0,0,0,0,0,0,0,0,0,
"(org.eclipse.collections.impl.jmh.SelectTest.serial_lazy_ec,7ec64b42cdaaf6da583e9db30c0f04cda34450f6)",0,0,0,0,0,0,0,0,0,0,0,0,0,0,0,0,0,0,0,0,0,0,0,0,0,0,0,
"(org.eclipse.collections.impl.jmh.SumOfIntTest.serial_lazy_collectIntSum_ec,7ec64b42cdaaf6da583e9db30c0f04cda34450f6)",0,0,0,0,0,0,0,0,0,0,0,0,0,0,0,0,0,0,0,0,0,0,0,0,0,0,0,
"(org.eclipse.collections.impl.jmh.AnySatisfyTest.short_circuit_middle_parallel_lazy_jdk,7ec64b42cdaaf6da583e9db30c0f04cda34450f6)",0,0,0,0,0,0,0,0,0,0,0,0,0,0,0,0,0,0,0,0,0,0,0,0,0,0,0,
"(org.eclipse.collections.impl.jmh.MaxByDoubleTest.maxByMarketValue_serial_lazy_direct_lambda_jdk,7ec64b42cdaaf6da583e9db30c0f04cda34450f6)",0,0,0,0,0,0,0,0,0,0,0,0,0,0,0,0,0,0,0,0,0,0,0,0,0,0,0,
"(org.eclipse.collections.impl.jmh.CountTest.serial_lazy_ec,7ec64b42cdaaf6da583e9db30c0f04cda34450f6)",0,0,0,0,0,0,0,0,0,0,0,0,0,0,0,0,0,0,0,0,0,0,0,0,0,0,0,
"(org.eclipse.collections.impl.jmh.GroupBySetTest.groupBy_100_keys_serial_lazy_streams_ec,7ec64b42cdaaf6da583e9db30c0f04cda34450f6)",0,0,0,0,0,0,0,0,0,0,0,0,0,0,0,0,0,0,0,0,0,0,0,0,0,0,0,
"(org.eclipse.collections.impl.jmh.SumByDoubleTest.sumByCategory_serial_lazy_streams_ec,7ec64b42cdaaf6da583e9db30c0f04cda34450f6)",0,0,0,0,0,0,0,0,0,0,0,0,0,0,0,0,0,0,0,0,0,0,0,0,0,0,0,
"(org.eclipse.collections.impl.jmh.ListEqualTest.ec,7ec64b42cdaaf6da583e9db30c0f04cda34450f6)",0,0,0,0,0,0,0,0,0,0,0,0,0,0,0,0,0,0,0,0,0,0,0,0,0,0,0,
"(org.eclipse.collections.impl.jmh.SumOfIntTest.serial_lazy_collectIntSum_streams_ec,7ec64b42cdaaf6da583e9db30c0f04cda34450f6)",0,0,0,0,0,0,0,0,0,0,0,0,0,0,0,0,0,0,0,0,0,0,0,0,0,0,0,
"(org.eclipse.collections.impl.jmh.AnagramSetTest.parallel_lazy_jdk,7ec64b42cdaaf6da583e9db30c0f04cda34450f6)",0,0,0,0,0,0,0,0,0,0,0,0,0,0,0,0,0,0,0,0,0,0,0,0,0,0,0,
"(org.eclipse.collections.impl.jmh.SumByBigDecimalTest.sumByBigDecimalAccount_serial_eager_ec,7ec64b42cdaaf6da583e9db30c0f04cda34450f6)",0,0,0,0,0,0,0,0,0,0,0,0,0,0,0,0,0,0,0,0,0,0,0,0,0,0,0,
"(org.eclipse.collections.impl.jmh.CountSetTest.parallel_eager_ec,7ec64b42cdaaf6da583e9db30c0f04cda34450f6)",0,0,0,0,0,0,0,0,0,0,0,0,0,0,0,0,0,0,0,0,0,0,0,0,0,0,0,
"(org.eclipse.collections.impl.jmh.MaxByIntTest.maxByQuantity_serial_eager_ec,7ec64b42cdaaf6da583e9db30c0f04cda34450f6)",0,0,0,0,0,0,0,0,0,0,0,0,0,0,0,0,0,0,0,0,0,0,0,0,0,0,0,
"(org.eclipse.collections.impl.jmh.SumByDoubleTest.sumByAccount_parallel_lazy_streams_ec,7ec64b42cdaaf6da583e9db30c0f04cda34450f6)",0,0,0,0,0,0,0,0,0,0,0,0,0,0,0,0,0,0,0,0,0,0,0,0,0,0,0,
"(org.eclipse.collections.impl.jmh.set.sorted.SortedSetContainsTest.contains_mutable_scala,7ec64b42cdaaf6da583e9db30c0f04cda34450f6)",0,0,0,0,0,0,0,0,0,0,0,0,0,0,0,0,0,0,0,0,0,0,0,0,0,0,0,
"(org.eclipse.collections.impl.jmh.map.KolobokeMapPutTest.koloboke,7ec64b42cdaaf6da583e9db30c0f04cda34450f6)",0,0,0,0,0,0,0,0,0,0,0,0,0,0,0,0,0,0,0,0,0,0,0,0,0,0,0,
"(org.eclipse.collections.impl.jmh.SumOfDoubleTest.serial_lazy_directSumOfDouble_ec,c6a814a505bdc3b5a3abd0cd498fd725caa18deb)",0,0,0,0,0,0,0,0,0,0,0,0,0,0,0,0,0,0,0,0,0,0,0,0,0,0,0,
"(org.eclipse.collections.impl.jmh.IntIntMapSmallStressTest.ecGet,c6a814a505bdc3b5a3abd0cd498fd725caa18deb)",0,0,0,0,0,0,0,0,0,0,0,0,0,0,0,0,0,0,0,0,0,0,0,0,0,0,0,
"(org.eclipse.collections.impl.jmh.SummarizeIntTest.serial_lazy_mapToIntSum_jdk,c6a814a505bdc3b5a3abd0cd498fd725caa18deb)",0,0,0,0,0,0,0,0,0,0,0,0,0,0,0,0,0,0,0,0,0,0,0,0,0,0,0,
"(org.eclipse.collections.impl.jmh.FunctionalInterfaceTest.parallel_lazy_ec,c6a814a505bdc3b5a3abd0cd498fd725caa18deb)",0,0,0,0,0,0,0,0,0,0,0,0,0,0,0,0,0,0,0,0,0,0,0,0,0,0,0,
"(org.eclipse.collections.impl.jmh.LongLongMapSmallStressTest.kolobokeGet,c6a814a505bdc3b5a3abd0cd498fd725caa18deb)",0,0,0,0,0,0,0,0,0,0,0,0,0,0,0,0,0,0,0,0,0,0,0,0,0,0,0,
"(org.eclipse.collections.impl.jmh.SumOfDoubleTest.serial_lazy_collectDoubleSum_jdk,c6a814a505bdc3b5a3abd0cd498fd725caa18deb)",0,0,0,0,0,0,0,0,0,0,0,0,0,0,0,0,0,0,0,0,0,0,0,0,0,0,0,
"(org.eclipse.collections.impl.jmh.set.sorted.SortedSetContainsTest.contains_mutable_ec,c6a814a505bdc3b5a3abd0cd498fd725caa18deb)",0,0,0,0,0,0,0,0,0,0,0,0,0,0,0,0,0,0,0,0,0,0,0,0,0,0,0,
"(org.eclipse.collections.impl.jmh.MinByDoubleTest.minByMarketValue_serial_lazy_collect_lambda_jdk,c6a814a505bdc3b5a3abd0cd498fd725caa18deb)",0,0,0,0,0,0,0,0,0,0,0,0,0,0,0,0,0,0,0,0,0,0,0,0,0,0,0,
"(org.eclipse.collections.impl.jmh.GroupByListTest.groupBy_100_keys_serial_eager_guava,c6a814a505bdc3b5a3abd0cd498fd725caa18deb)",0,0,0,0,0,0,0,0,0,0,0,0,0,0,0,0,0,0,0,0,0,0,0,0,0,0,0,
"(org.eclipse.collections.impl.jmh.AnagramSetTest.parallel_lazy_ec,c6a814a505bdc3b5a3abd0cd498fd725caa18deb)",0,0,0,0,0,0,0,0,0,0,0,0,0,0,0,0,0,0,0,0,0,0,0,0,0,0,0,
"(org.eclipse.collections.impl.jmh.MaxByIntTest.maxByQuantity_parallel_lazy_direct_lambda_jdk,c6a814a505bdc3b5a3abd0cd498fd725caa18deb)",0,0,0,0,0,0,0,0,0,0,0,0,0,0,0,0,0,0,0,0,0,0,0,0,0,0,0,
"(org.eclipse.collections.impl.jmh.MinTest.serial_eager_ec,c6a814a505bdc3b5a3abd0cd498fd725caa18deb)",0,0,0,0,0,0,0,0,0,0,0,0,0,0,0,0,0,0,0,0,0,0,0,0,0,0,0,
"(org.eclipse.collections.impl.jmh.GroupBySetTest.groupBy_2_keys_parallel_lazy_ec,c6a814a505bdc3b5a3abd0cd498fd725caa18deb)",0,0,0,0,0,0,0,0,0,0,0,0,0,0,0,0,0,0,0,0,0,0,0,0,0,0,0,
"(org.eclipse.collections.impl.jmh.AggregateByTest.aggregateByAccount_parallel_lazy_ec,c6a814a505bdc3b5a3abd0cd498fd725caa18deb)",0,0,0,0,0,0,0,0,0,0,0,0,0,0,0,0,0,0,0,0,0,0,0,0,0,0,0,
"(org.eclipse.collections.impl.jmh.CollectTest.parallel_lazy_jdk,c6a814a505bdc3b5a3abd0cd498fd725caa18deb)",0,0,0,0,0,0,0,0,0,0,0,0,0,0,0,0,0,0,0,0,0,0,0,0,0,0,0,
"(org.eclipse.collections.impl.jmh.IntIntMapTest.put,c6a814a505bdc3b5a3abd0cd498fd725caa18deb)",0,0,0,0,0,0,0,0,0,0,0,0,0,0,0,0,0,0,0,0,0,0,0,0,0,0,0,
"(org.eclipse.collections.impl.jmh.RejectTest.serial_lazy_streams_ec_lambda_negate,c6a814a505bdc3b5a3abd0cd498fd725caa18deb)",0,0,0,0,0,0,0,0,0,0,0,0,0,0,0,0,0,0,0,0,0,0,0,0,0,0,0,
"(org.eclipse.collections.impl.jmh.AggregateByTest.aggregateByProduct_serial_lazy_ec,c6a814a505bdc3b5a3abd0cd498fd725caa18deb)",0,0,0,0,0,0,0,0,0,0,0,0,0,0,0,0,0,0,0,0,0,0,0,0,0,0,0,
"(org.eclipse.collections.impl.jmh.IntIntMapLargeStressTest.jdkGet,c6a814a505bdc3b5a3abd0cd498fd725caa18deb)",0,0,0,0,0,0,0,0,0,0,0,0,0,0,0,0,0,0,0,0,0,0,0,0,0,0,0,
"(org.eclipse.collections.impl.jmh.GroupByListTest.groupBy_100_keys_serial_eager_ec,c6a814a505bdc3b5a3abd0cd498fd725caa18deb)",0,0,0,0,0,0,0,0,0,0,0,0,0,0,0,0,0,0,0,0,0,0,0,0,0,0,0,
"(org.eclipse.collections.impl.jmh.AggregateByTest.aggregateByProduct_serial_eager_ec,c6a814a505bdc3b5a3abd0cd498fd725caa18deb)",0,0,0,0,0,0,0,0,0,0,0,0,0,0,0,0,0,0,0,0,0,0,0,0,0,0,0,
"(org.eclipse.collections.impl.jmh.MaxTest.serial_lazy_intstream_jdk,c6a814a505bdc3b5a3abd0cd498fd725caa18deb)",0,0,0,0,0,0,0,0,0,0,0,0,0,0,0,0,0,0,0,0,0,0,0,0,0,0,0,
"(org.eclipse.collections.impl.jmh.FlatCollectTest.serial_lazy_jdk,c6a814a505bdc3b5a3abd0cd498fd725caa18deb)",0,0,0,0,0,0,0,0,0,0,0,0,0,0,0,0,0,0,0,0,0,0,0,0,0,0,0,
"(org.eclipse.collections.impl.jmh.CollectorJoiningTest.serial_lazy_mapToStringJoining_ec,c6a814a505bdc3b5a3abd0cd498fd725caa18deb)",0,0,0,0,0,0,0,0,0,0,0,0,0,0,0,0,0,0,0,0,0,0,0,0,0,0,0,
"(org.eclipse.collections.impl.jmh.GroupBySetTest.groupBy_unordered_lists_2_keys_serial_eager_guava,c6a814a505bdc3b5a3abd0cd498fd725caa18deb)",0,0,0,0,0,0,0,0,0,0,0,0,0,0,0,0,0,0,0,0,0,0,0,0,0,0,0,
"(org.eclipse.collections.impl.jmh.AnagramListTest.parallel_eager_forkjoin_ec,c6a814a505bdc3b5a3abd0cd498fd725caa18deb)",0,0,0,0,0,0,0,0,0,0,0,0,0,0,0,0,0,0,0,0,0,0,0,0,0,0,0,
"(org.eclipse.collections.impl.jmh.AnySatisfyTest.process_all_serial_lazy_ec,c6a814a505bdc3b5a3abd0cd498fd725caa18deb)",0,0,0,0,0,0,0,0,0,0,0,0,0,0,0,0,0,0,0,0,0,0,0,0,0,0,0,
"(org.eclipse.collections.impl.jmh.FunctionalInterfaceSetTest.serial_lazy_jdk,c6a814a505bdc3b5a3abd0cd498fd725caa18deb)",0,0,0,0,0,0,0,0,0,0,0,0,0,0,0,0,0,0,0,0,0,0,0,0,0,0,0,
"(org.eclipse.collections.impl.jmh.MaxByIntTest.maxByQuantity_serial_lazy_direct_lambda_jdk,c6a814a505bdc3b5a3abd0cd498fd725caa18deb)",0,0,0,0,0,0,0,0,0,0,0,0,0,0,0,0,0,0,0,0,0,0,0,0,0,0,0,
"(org.eclipse.collections.impl.jmh.MaxTest.parallel_lazy_intstream_jdk,c6a814a505bdc3b5a3abd0cd498fd725caa18deb)",0,0,0,0,0,0,0,0,0,0,0,0,0,0,0,0,0,0,0,0,0,0,0,0,0,0,0,
"(org.eclipse.collections.impl.jmh.SumOfDoubleTest.serial_lazy_collectDoubleSum_ec,c6a814a505bdc3b5a3abd0cd498fd725caa18deb)",0,0,0,0,0,0,0,0,0,0,0,0,0,0,0,0,0,0,0,0,0,0,0,0,0,0,0,
"(org.eclipse.collections.impl.jmh.AggregateByTest.aggregateByCategory_serial_eager_ec,c6a814a505bdc3b5a3abd0cd498fd725caa18deb)",0,0,0,0,0,0,0,0,0,0,0,0,0,0,0,0,0,0,0,0,0,0,0,0,0,0,0,
"(org.eclipse.collections.impl.jmh.CollectorJoiningTest.parallel_lazy_mapToStringJoining_jdk,c6a814a505bdc3b5a3abd0cd498fd725caa18deb)",0,0,0,0,0,0,0,0,0,0,0,0,0,0,0,0,0,0,0,0,0,0,0,0,0,0,0,
"(org.eclipse.collections.impl.jmh.IntIntMapTest.get,c6a814a505bdc3b5a3abd0cd498fd725caa18deb)",0,0,0,0,0,0,0,0,0,0,0,0,0,0,0,0,0,0,0,0,0,0,0,0,0,0,0,
"(org.eclipse.collections.impl.jmh.AggregateByTest.aggregateInPlaceByProduct_serial_eager_ec,c6a814a505bdc3b5a3abd0cd498fd725caa18deb)",0,0,0,0,0,0,0,0,0,0,0,0,0,0,0,0,0,0,0,0,0,0,0,0,0,0,0,
"(org.eclipse.collections.impl.jmh.LongLongMapLargeStressTest.kolobokePut,c6a814a505bdc3b5a3abd0cd498fd725caa18deb)",0,0,0,0,0,0,0,0,0,0,0,0,0,0,0,0,0,0,0,0,0,0,0,0,0,0,0,
"(org.eclipse.collections.impl.jmh.MaxTest.serial_lazy_reverse_ec,c6a814a505bdc3b5a3abd0cd498fd725caa18deb)",0,0,0,0,0,0,0,0,0,0,0,0,0,0,0,0,0,0,0,0,0,0,0,0,0,0,0,
"(org.eclipse.collections.impl.jmh.GroupBySetTest.groupBy_2_keys_serial_lazy_scala,c6a814a505bdc3b5a3abd0cd498fd725caa18deb)",0,0,0,0,0,0,0,0,0,0,0,0,0,0,0,0,0,0,0,0,0,0,0,0,0,0,0,
"(org.eclipse.collections.impl.jmh.GroupByListTest.groupBy_2_keys_serial_eager_guava,c6a814a505bdc3b5a3abd0cd498fd725caa18deb)",0,0,0,0,0,0,0,0,0,0,0,0,0,0,0,0,0,0,0,0,0,0,0,0,0,0,0,
"(org.eclipse.collections.impl.jmh.AnySatisfyTest.short_circuit_middle_serial_lazy_scala,c6a814a505bdc3b5a3abd0cd498fd725caa18deb)",0,0,0,0,0,0,0,0,0,0,0,0,0,0,0,0,0,0,0,0,0,0,0,0,0,0,0,
"(org.eclipse.collections.impl.jmh.GroupBySetTest.groupBy_2_keys_parallel_lazy_scala,c6a814a505bdc3b5a3abd0cd498fd725caa18deb)",0,0,0,0,0,0,0,0,0,0,0,0,0,0,0,0,0,0,0,0,0,0,0,0,0,0,0,
"(org.eclipse.collections.impl.jmh.FunctionalInterfaceTest.parallel_eager_ec,c6a814a505bdc3b5a3abd0cd498fd725caa18deb)",0,0,0,0,0,0,0,0,0,0,0,0,0,0,0,0,0,0,0,0,0,0,0,0,0,0,0,
"(org.eclipse.collections.impl.jmh.AggregateByTest.aggregateByProduct_serial_lazy_streams_ec,c6a814a505bdc3b5a3abd0cd498fd725caa18deb)",0,0,0,0,0,0,0,0,0,0,0,0,0,0,0,0,0,0,0,0,0,0,0,0,0,0,0,
"(org.eclipse.collections.impl.jmh.FunctionalInterfaceTest.serial_eager_ec_hand_coded,c6a814a505bdc3b5a3abd0cd498fd725caa18deb)",0,0,0,0,0,0,0,0,0,0,0,0,0,0,0,0,0,0,0,0,0,0,0,0,0,0,0,
"(org.eclipse.collections.impl.jmh.SumByDoubleTest.sumByAccount_serial_lazy_streams_ec,c6a814a505bdc3b5a3abd0cd498fd725caa18deb)",0,0,0,0,0,0,0,0,0,0,0,0,0,0,0,0,0,0,0,0,0,0,0,0,0,0,0,
"(org.eclipse.collections.impl.jmh.AllSatisfyTest.short_circuit_middle_parallel_lazy_jdk,c6a814a505bdc3b5a3abd0cd498fd725caa18deb)",0,0,0,0,0,0,0,0,0,0,0,0,0,0,0,0,0,0,0,0,0,0,0,0,0,0,0,
"(org.eclipse.collections.impl.jmh.map.JdkMutableMapGetTest.get,c6a814a505bdc3b5a3abd0cd498fd725caa18deb)",0,0,0,0,0,0,0,0,0,0,0,0,0,0,0,0,0,0,0,0,0,0,0,0,0,0,0,
"(org.eclipse.collections.impl.jmh.GroupBySetTest.groupBy_unordered_lists_100_keys_serial_eager_guava,c6a814a505bdc3b5a3abd0cd498fd725caa18deb)",0,0,0,0,0,0,0,0,0,0,0,0,0,0,0,0,0,0,0,0,0,0,0,0,0,0,0,
"(org.eclipse.collections.impl.jmh.AggregateByTest.aggregateInPlaceByCategory_serial_eager_ec,c6a814a505bdc3b5a3abd0cd498fd725caa18deb)",0,0,0,0,0,0,0,0,0,0,0,0,0,0,0,0,0,0,0,0,0,0,0,0,0,0,0,
"(org.eclipse.collections.impl.jmh.MaxTest.parallel_lazy_streams_ec,c6a814a505bdc3b5a3abd0cd498fd725caa18deb)",0,0,0,0,0,0,0,0,0,0,0,0,0,0,0,0,0,0,0,0,0,0,0,0,0,0,0,
"(org.eclipse.collections.impl.jmh.SumOfDoubleTest.parallel_lazy_directSumOfDouble_ec,c6a814a505bdc3b5a3abd0cd498fd725caa18deb)",0,0,0,0,0,0,0,0,0,0,0,0,0,0,0,0,0,0,0,0,0,0,0,0,0,0,0,
"(org.eclipse.collections.impl.jmh.GroupBySetTest.groupBy_10000_keys_serial_lazy_scala,c6a814a505bdc3b5a3abd0cd498fd725caa18deb)",0,0,0,0,0,0,0,0,0,0,0,0,0,0,0,0,0,0,0,0,0,0,0,0,0,0,0,
"(org.eclipse.collections.impl.jmh.GroupBySetTest.groupBy_100_keys_serial_eager_ec,c6a814a505bdc3b5a3abd0cd498fd725caa18deb)",0,0,0,0,0,0,0,0,0,0,0,0,0,0,0,0,0,0,0,0,0,0,0,0,0,0,0,
"(org.eclipse.collections.impl.jmh.SumOfIntTest.serial_lazy_sumOfInt_ec,c6a814a505bdc3b5a3abd0cd498fd725caa18deb)",0,0,0,0,0,0,0,0,0,0,0,0,0,0,0,0,0,0,0,0,0,0,0,0,0,0,0,
"(org.eclipse.collections.impl.jmh.MinTest.serial_eager_reverse_ec,c6a814a505bdc3b5a3abd0cd498fd725caa18deb)",0,0,0,0,0,0,0,0,0,0,0,0,0,0,0,0,0,0,0,0,0,0,0,0,0,0,0,
"(org.eclipse.collections.impl.jmh.AggregateByTest.aggregateByProduct_parallel_lazy_jdk,c6a814a505bdc3b5a3abd0cd498fd725caa18deb)",0,0,0,0,0,0,0,0,0,0,0,0,0,0,0,0,0,0,0,0,0,0,0,0,0,0,0,
"(org.eclipse.collections.impl.jmh.AggregateByTest.aggregateByAccount_serial_eager_ec,c6a814a505bdc3b5a3abd0cd498fd725caa18deb)",0,0,0,0,0,0,0,0,0,0,0,0,0,0,0,0,0,0,0,0,0,0,0,0,0,0,0,
"(org.eclipse.collections.impl.jmh.AggregateByTest.aggregateInPlaceByAccount_serial_eager_ec,c6a814a505bdc3b5a3abd0cd498fd725caa18deb)",0,0,0,0,0,0,0,0,0,0,0,0,0,0,0,0,0,0,0,0,0,0,0,0,0,0,0,
"(org.eclipse.collections.impl.jmh.GroupBySetTest.groupBy_100_keys_serial_lazy_scala,c6a814a505bdc3b5a3abd0cd498fd725caa18deb)",0,0,0,0,0,0,0,0,0,0,0,0,0,0,0,0,0,0,0,0,0,0,0,0,0,0,0,
"(org.eclipse.collections.impl.jmh.map.ChainMapPutTest.hppc,c6a814a505bdc3b5a3abd0cd498fd725caa18deb)",0,0,0,0,0,0,0,0,0,0,0,0,0,0,0,0,0,0,0,0,0,0,0,0,0,0,0,
"(org.eclipse.collections.impl.jmh.SelectTest.serial_lazy_jdk,c6a814a505bdc3b5a3abd0cd498fd725caa18deb)",0,0,0,0,0,0,0,0,0,0,0,0,0,0,0,0,0,0,0,0,0,0,0,0,0,0,0,
"(org.eclipse.collections.impl.jmh.MaxTest.parallel_lazy_jdk,c6a814a505bdc3b5a3abd0cd498fd725caa18deb)",0,0,0,0,0,0,0,0,0,0,0,0,0,0,0,0,0,0,0,0,0,0,0,0,0,0,0,
"(org.eclipse.collections.impl.jmh.AnySatisfyTest.process_all_serial_eager_scala,c6a814a505bdc3b5a3abd0cd498fd725caa18deb)",0,0,0,0,0,0,0,0,0,0,0,0,0,0,0,0,0,0,0,0,0,0,0,0,0,0,0,
"(org.eclipse.collections.impl.jmh.SumByBigDecimalTest.sumByBigDecimalProduct_parallel_eager_ec,c6a814a505bdc3b5a3abd0cd498fd725caa18deb)",0,0,0,0,0,0,0,0,0,0,0,0,0,0,0,0,0,0,0,0,0,0,0,0,0,0,0,
"(org.eclipse.collections.impl.jmh.CollectTest.parallel_eager_ec,c6a814a505bdc3b5a3abd0cd498fd725caa18deb)",0,0,0,0,0,0,0,0,0,0,0,0,0,0,0,0,0,0,0,0,0,0,0,0,0,0,0,
"(org.eclipse.collections.impl.jmh.FunctionalInterfaceSetTest.parallel_lazy_jdk,c6a814a505bdc3b5a3abd0cd498fd725caa18deb)",0,0,0,0,0,0,0,0,0,0,0,0,0,0,0,0,0,0,0,0,0,0,0,0,0,0,0,
"(org.eclipse.collections.impl.jmh.GroupByListTest.groupBy_2_keys_serial_lazy_scala,c6a814a505bdc3b5a3abd0cd498fd725caa18deb)",0,0,0,0,0,0,0,0,0,0,0,0,0,0,0,0,0,0,0,0,0,0,0,0,0,0,0,
"(org.eclipse.collections.impl.jmh.GroupBySetTest.groupBy_10000_keys_serial_eager_ec,c6a814a505bdc3b5a3abd0cd498fd725caa18deb)",0,0,0,0,0,0,0,0,0,0,0,0,0,0,0,0,0,0,0,0,0,0,0,0,0,0,0,
"(org.eclipse.collections.impl.jmh.MinTest.parallel_lazy_reverse_jdk,c6a814a505bdc3b5a3abd0cd498fd725caa18deb)",0,0,0,0,0,0,0,0,0,0,0,0,0,0,0,0,0,0,0,0,0,0,0,0,0,0,0,
"(org.eclipse.collections.impl.jmh.MinTest.serial_lazy_reverse_streams_ec,c6a814a505bdc3b5a3abd0cd498fd725caa18deb)",0,0,0,0,0,0,0,0,0,0,0,0,0,0,0,0,0,0,0,0,0,0,0,0,0,0,0,
"(org.eclipse.collections.impl.jmh.FunctionalInterfaceTest.parallel_lazy_scala_hand_coded,c6a814a505bdc3b5a3abd0cd498fd725caa18deb)",0,0,0,0,0,0,0,0,0,0,0,0,0,0,0,0,0,0,0,0,0,0,0,0,0,0,0,
"(org.eclipse.collections.impl.jmh.SumByDoubleTest.sumByProduct_parallel_eager_ec,c6a814a505bdc3b5a3abd0cd498fd725caa18deb)",0,0,0,0,0,0,0,0,0,0,0,0,0,0,0,0,0,0,0,0,0,0,0,0,0,0,0,
"(org.eclipse.collections.impl.jmh.MaxByDoubleTest.maxByMarketValue_parallel_lazy_collect_lambda_jdk,c6a814a505bdc3b5a3abd0cd498fd725caa18deb)",0,0,0,0,0,0,0,0,0,0,0,0,0,0,0,0,0,0,0,0,0,0,0,0,0,0,0,
"(org.eclipse.collections.impl.jmh.LongLongMapSmallStressTest.kolobokePut,c6a814a505bdc3b5a3abd0cd498fd725caa18deb)",0,0,0,0,0,0,0,0,0,0,0,0,0,0,0,0,0,0,0,0,0,0,0,0,0,0,0,
"(org.eclipse.collections.impl.jmh.GroupBySetTest.groupBy_2_keys_parallel_lazy_streams_ec,c6a814a505bdc3b5a3abd0cd498fd725caa18deb)",0,0,0,0,0,0,0,0,0,0,0,0,0,0,0,0,0,0,0,0,0,0,0,0,0,0,0,
"(org.eclipse.collections.impl.jmh.NoneSatisfyTest.short_circuit_middle_serial_lazy_jdk,c6a814a505bdc3b5a3abd0cd498fd725caa18deb)",0,0,0,0,0,0,0,0,0,0,0,0,0,0,0,0,0,0,0,0,0,0,0,0,0,0,0,
"(org.eclipse.collections.impl.jmh.NoneSatisfyTest.short_circuit_middle_parallel_lazy_jdk,c6a814a505bdc3b5a3abd0cd498fd725caa18deb)",0,0,0,0,0,0,0,0,0,0,0,0,0,0,0,0,0,0,0,0,0,0,0,0,0,0,0,
"(org.eclipse.collections.impl.jmh.IntIntMapTest.presizedPut,c6a814a505bdc3b5a3abd0cd498fd725caa18deb)",0,0,0,0,0,0,0,0,0,0,0,0,0,0,0,0,0,0,0,0,0,0,0,0,0,0,0,
"(org.eclipse.collections.impl.jmh.AnagramListTest.parallel_lazy_jdk,c6a814a505bdc3b5a3abd0cd498fd725caa18deb)",0,0,0,0,0,0,0,0,0,0,0,0,0,0,0,0,0,0,0,0,0,0,0,0,0,0,0,
"(org.eclipse.collections.impl.jmh.CountTest.parallel_lazy_streams_ec,c6a814a505bdc3b5a3abd0cd498fd725caa18deb)",0,0,0,0,0,0,0,0,0,0,0,0,0,0,0,0,0,0,0,0,0,0,0,0,0,0,0,
"(org.eclipse.collections.impl.jmh.IntIntMapSmallStressTest.ecRemove,c6a814a505bdc3b5a3abd0cd498fd725caa18deb)",0,0,0,0,0,0,0,0,0,0,0,0,0,0,0,0,0,0,0,0,0,0,0,0,0,0,0,
"(org.eclipse.collections.impl.jmh.SumByDoubleTest.sumByCategory_serial_lazy_jdk,c6a814a505bdc3b5a3abd0cd498fd725caa18deb)",0,0,0,0,0,0,0,0,0,0,0,0,0,0,0,0,0,0,0,0,0,0,0,0,0,0,0,
"(org.eclipse.collections.impl.jmh.list.ListIterationTest.parallel_mutable_scala,c6a814a505bdc3b5a3abd0cd498fd725caa18deb)",0,0,0,0,0,0,0,0,0,0,0,0,0,0,0,0,0,0,0,0,0,0,0,0,0,0,0,
"(org.eclipse.collections.impl.jmh.SumByDoubleTest.sumByCategory_parallel_lazy_streams_ec,c6a814a505bdc3b5a3abd0cd498fd725caa18deb)",0,0,0,0,0,0,0,0,0,0,0,0,0,0,0,0,0,0,0,0,0,0,0,0,0,0,0,
"(org.eclipse.collections.impl.jmh.MinByIntTest.minByQuantity_parallel_lazy_direct_lambda_jdk,c6a814a505bdc3b5a3abd0cd498fd725caa18deb)",0,0,0,0,0,0,0,0,0,0,0,0,0,0,0,0,0,0,0,0,0,0,0,0,0,0,0,
"(org.eclipse.collections.impl.jmh.set.sorted.SortedSetContainsTest.contains_immutable_scala,c6a814a505bdc3b5a3abd0cd498fd725caa18deb)",0,0,0,0,0,0,0,0,0,0,0,0,0,0,0,0,0,0,0,0,0,0,0,0,0,0,0,
"(org.eclipse.collections.impl.jmh.MinTest.serial_lazy_reverse_jdk,c6a814a505bdc3b5a3abd0cd498fd725caa18deb)",0,0,0,0,0,0,0,0,0,0,0,0,0,0,0,0,0,0,0,0,0,0,0,0,0,0,0,
"(org.eclipse.collections.impl.jmh.MinTest.parallel_lazy_intstream_streams_ec,c6a814a505bdc3b5a3abd0cd498fd725caa18deb)",0,0,0,0,0,0,0,0,0,0,0,0,0,0,0,0,0,0,0,0,0,0,0,0,0,0,0,
"(org.eclipse.collections.impl.jmh.AggregateByTest.aggregateByCategory_parallel_lazy_ec,c6a814a505bdc3b5a3abd0cd498fd725caa18deb)",0,0,0,0,0,0,0,0,0,0,0,0,0,0,0,0,0,0,0,0,0,0,0,0,0,0,0,
"(org.eclipse.collections.impl.jmh.CollectorJoiningTest.serial_lazy_collectToStringJoining_ec,c6a814a505bdc3b5a3abd0cd498fd725caa18deb)",0,0,0,0,0,0,0,0,0,0,0,0,0,0,0,0,0,0,0,0,0,0,0,0,0,0,0,
"(org.eclipse.collections.impl.jmh.MaxTest.parallel_lazy_intstream_streams_ec,c6a814a505bdc3b5a3abd0cd498fd725caa18deb)",0,0,0,0,0,0,0,0,0,0,0,0,0,0,0,0,0,0,0,0,0,0,0,0,0,0,0,
"(org.eclipse.collections.impl.jmh.AggregateByTest.aggregateByAccount_serial_lazy_jdk,c6a814a505bdc3b5a3abd0cd498fd725caa18deb)",0,0,0,0,0,0,0,0,0,0,0,0,0,0,0,0,0,0,0,0,0,0,0,0,0,0,0,
"(org.eclipse.collections.impl.jmh.FunctionalInterfaceSetTest.serial_lazy_ec,c6a814a505bdc3b5a3abd0cd498fd725caa18deb)",0,0,0,0,0,0,0,0,0,0,0,0,0,0,0,0,0,0,0,0,0,0,0,0,0,0,0,
"(org.eclipse.collections.impl.jmh.set.sorted.SortedSetIterationTest.serial_mutable_scala,c6a814a505bdc3b5a3abd0cd498fd725caa18deb)",0,0,0,0,0,0,0,0,0,0,0,0,0,0,0,0,0,0,0,0,0,0,0,0,0,0,0,
"(org.eclipse.collections.impl.jmh.GroupByListTest.groupBy_10000_keys_serial_lazy_ec,c6a814a505bdc3b5a3abd0cd498fd725caa18deb)",0,0,0,0,0,0,0,0,0,0,0,0,0,0,0,0,0,0,0,0,0,0,0,0,0,0,0,
"(org.eclipse.collections.impl.jmh.MaxTest.serial_lazy_reverse_streams_ec,c6a814a505bdc3b5a3abd0cd498fd725caa18deb)",0,0,0,0,0,0,0,0,0,0,0,0,0,0,0,0,0,0,0,0,0,0,0,0,0,0,0,
"(org.eclipse.collections.impl.jmh.AnagramSetTest.parallel_lazy_scala,c6a814a505bdc3b5a3abd0cd498fd725caa18deb)",0,0,0,0,0,0,0,0,0,0,0,0,0,0,0,0,0,0,0,0,0,0,0,0,0,0,0,
"(org.eclipse.collections.impl.jmh.MaxByDoubleTest.maxByMarketValue_parallel_lazy_direct_methodref_jdk,c6a814a505bdc3b5a3abd0cd498fd725caa18deb)",0,0,0,0,0,0,0,0,0,0,0,0,0,0,0,0,0,0,0,0,0,0,0,0,0,0,0,
"(org.eclipse.collections.impl.jmh.map.ScalaAnyRefMapGetTest.get,c6a814a505bdc3b5a3abd0cd498fd725caa18deb)",0,0,0,0,0,0,0,0,0,0,0,0,0,0,0,0,0,0,0,0,0,0,0,0,0,0,0,
"(org.eclipse.collections.impl.jmh.map.ScalaAnyRefMapPutTest.scalaAnyRef,c6a814a505bdc3b5a3abd0cd498fd725caa18deb)",0,0,0,0,0,0,0,0,0,0,0,0,0,0,0,0,0,0,0,0,0,0,0,0,0,0,0,
"(org.eclipse.collections.impl.jmh.CollectIfTest.serial_eager_ec,c6a814a505bdc3b5a3abd0cd498fd725caa18deb)",0,0,0,0,0,0,0,0,0,0,0,0,0,0,0,0,0,0,0,0,0,0,0,0,0,0,0,
"(org.eclipse.collections.impl.jmh.AllSatisfyTest.process_all_parallel_lazy_streams_ec,c6a814a505bdc3b5a3abd0cd498fd725caa18deb)",0,0,0,0,0,0,0,0,0,0,0,0,0,0,0,0,0,0,0,0,0,0,0,0,0,0,0,
"(org.eclipse.collections.impl.jmh.ListAddAllTest.ec,c6a814a505bdc3b5a3abd0cd498fd725caa18deb)",0,0,0,0,0,1,0,0,0,0,0,0,0,0,0,0,0,0,0,0,0,0,0,0,0,0,1,
"(org.eclipse.collections.impl.jmh.AggregateByTest.aggregateByCategory_parallel_lazy_streams_ec,c6a814a505bdc3b5a3abd0cd498fd725caa18deb)",0,0,0,0,0,0,0,0,0,0,0,0,0,0,0,0,0,0,0,0,0,0,0,0,0,0,0,
"(org.eclipse.collections.impl.jmh.CountTest.parallel_eager_ec,c6a814a505bdc3b5a3abd0cd498fd725caa18deb)",0,0,0,0,0,0,0,0,0,0,0,0,0,0,0,0,0,0,0,0,0,0,0,0,0,0,0,
"(org.eclipse.collections.impl.jmh.IntIntMapLargeStressTest.jdkRemove,c6a814a505bdc3b5a3abd0cd498fd725caa18deb)",0,0,0,0,0,0,0,0,0,0,0,0,0,0,0,0,0,0,0,0,0,0,0,0,0,0,0,
"(org.eclipse.collections.impl.jmh.AggregateByTest.aggregateByCategory_serial_lazy_streams_ec,c6a814a505bdc3b5a3abd0cd498fd725caa18deb)",0,0,0,0,0,0,0,0,0,0,0,0,0,0,0,0,0,0,0,0,0,0,0,0,0,0,0,
"(org.eclipse.collections.impl.jmh.AnagramSetTest.parallel_eager_forkjoin_ec,c6a814a505bdc3b5a3abd0cd498fd725caa18deb)",0,0,0,0,0,0,0,0,0,0,0,0,0,0,0,0,0,0,0,0,0,0,0,0,0,0,0,
"(org.eclipse.collections.impl.jmh.MinByIntTest.minByQuantity_parallel_lazy_collect_methodref_jdk,c6a814a505bdc3b5a3abd0cd498fd725caa18deb)",0,0,0,0,0,0,0,0,0,0,0,0,0,0,0,0,0,0,0,0,0,0,0,0,0,0,0,
"(org.eclipse.collections.impl.jmh.AggregateByTest.aggregateByAccount_serial_lazy_streams_ec,c6a814a505bdc3b5a3abd0cd498fd725caa18deb)",0,0,0,0,0,0,0,0,0,0,0,0,0,0,0,0,0,0,0,0,0,0,0,0,0,0,0,
"(org.eclipse.collections.impl.jmh.GroupBySetTest.groupBy_2_keys_serial_eager_ec,c6a814a505bdc3b5a3abd0cd498fd725caa18deb)",0,0,0,0,0,0,0,0,0,0,0,0,0,0,0,0,0,0,0,0,0,0,0,0,0,0,0,
"(org.eclipse.collections.impl.jmh.GroupByListTest.groupBy_10000_keys_serial_lazy_jdk,c6a814a505bdc3b5a3abd0cd498fd725caa18deb)",0,0,0,0,0,0,0,0,0,0,0,0,0,0,0,0,0,0,0,0,0,0,0,0,0,0,0,
"(org.eclipse.collections.impl.jmh.GroupByListTest.groupBy_2_keys_serial_eager_ec,c6a814a505bdc3b5a3abd0cd498fd725caa18deb)",0,0,0,0,0,0,0,0,0,0,0,0,0,0,0,0,0,0,0,0,0,0,0,0,0,0,0,
"(org.eclipse.collections.impl.jmh.GroupBySetTest.groupBy_unordered_lists_2_keys_serial_lazy_ec,c6a814a505bdc3b5a3abd0cd498fd725caa18deb)",0,0,0,0,0,0,0,0,0,0,0,0,0,0,0,0,0,0,0,0,0,0,0,0,0,0,0,
"(org.eclipse.collections.impl.jmh.MaxTest.serial_lazy_intstream_streams_ec,c6a814a505bdc3b5a3abd0cd498fd725caa18deb)",0,0,0,0,0,0,0,0,0,0,0,0,0,0,0,0,0,0,0,0,0,0,0,0,0,0,0,
"(org.eclipse.collections.impl.jmh.AllSatisfyTest.process_all_serial_lazy_ec,c6a814a505bdc3b5a3abd0cd498fd725caa18deb)",0,0,0,0,0,0,0,0,0,0,0,0,0,0,0,0,0,0,0,0,0,0,0,0,0,0,0,
"(org.eclipse.collections.impl.jmh.IntIntMapLargeStressTest.kolobokeGet,c6a814a505bdc3b5a3abd0cd498fd725caa18deb)",0,0,0,0,0,0,0,0,0,0,0,0,0,0,0,0,0,0,0,0,0,0,0,0,0,0,0,
"(org.eclipse.collections.impl.jmh.GroupByListTest.groupBy_10000_keys_serial_eager_guava,c6a814a505bdc3b5a3abd0cd498fd725caa18deb)",0,0,0,0,0,0,0,0,0,0,0,0,0,0,0,0,0,0,0,0,0,0,0,0,0,0,0,
"(org.eclipse.collections.impl.jmh.LongLongMapSmallStressTest.ecPut,c6a814a505bdc3b5a3abd0cd498fd725caa18deb)",0,0,0,0,0,0,0,0,0,0,0,0,0,0,0,0,0,0,0,0,0,0,0,0,0,0,0,
"(org.eclipse.collections.impl.jmh.GroupByListTest.groupBy_100_keys_serial_lazy_streams_ec,c6a814a505bdc3b5a3abd0cd498fd725caa18deb)",0,0,0,0,0,0,0,0,0,0,0,0,0,0,0,0,0,0,0,0,0,0,0,0,0,0,0,
"(org.eclipse.collections.impl.jmh.AllSatisfyTest.short_circuit_middle_serial_lazy_jdk,c6a814a505bdc3b5a3abd0cd498fd725caa18deb)",0,0,0,0,0,0,0,0,0,0,0,0,0,0,0,0,0,0,0,0,0,0,0,0,0,0,0,
"(org.eclipse.collections.impl.jmh.MaxByIntTest.maxByQuantity_serial_lazy_ec,c6a814a505bdc3b5a3abd0cd498fd725caa18deb)",0,0,0,0,0,0,0,0,0,0,0,0,0,0,0,0,0,0,0,0,0,0,0,0,0,0,0,
"(org.eclipse.collections.impl.jmh.MinByIntTest.minByQuantity_parallel_lazy_direct_methodref_jdk,c6a814a505bdc3b5a3abd0cd498fd725caa18deb)",0,0,0,0,0,0,0,0,0,0,0,0,0,0,0,0,0,0,0,0,0,0,0,0,0,0,0,
"(org.eclipse.collections.impl.jmh.GroupByListTest.groupBy_2_keys_serial_lazy_streams_ec,c6a814a505bdc3b5a3abd0cd498fd725caa18deb)",0,0,0,0,0,0,0,0,0,0,0,0,0,0,0,0,0,0,0,0,0,0,0,0,0,0,0,
"(org.eclipse.collections.impl.jmh.AggregateByTest.aggregateInPlaceByProduct_parallel_lazy_ec,c6a814a505bdc3b5a3abd0cd498fd725caa18deb)",0,0,0,0,0,0,0,0,0,0,0,0,0,0,0,0,0,0,0,0,0,0,0,0,0,0,0,
"(org.eclipse.collections.impl.jmh.CollectIfTest.serial_lazy_jdk,c6a814a505bdc3b5a3abd0cd498fd725caa18deb)",0,0,0,0,0,0,0,0,0,0,0,0,0,0,0,0,0,0,0,0,0,0,0,0,0,0,0,
"(org.eclipse.collections.impl.jmh.AnagramListTest.serial_eager_ec,c6a814a505bdc3b5a3abd0cd498fd725caa18deb)",0,0,0,0,0,0,0,0,0,0,0,0,0,0,0,0,0,0,0,0,0,0,0,0,0,0,0,
"(org.eclipse.collections.impl.jmh.SumOfIntTest.parallel_lazy_mapToLongSum_streams_ec,c6a814a505bdc3b5a3abd0cd498fd725caa18deb)",0,0,0,0,0,0,0,0,0,0,0,0,0,0,0,0,0,0,0,0,0,0,0,0,0,0,0,
"(org.eclipse.collections.impl.jmh.CollectIfTest.parallel_eager_ec,c6a814a505bdc3b5a3abd0cd498fd725caa18deb)",0,0,0,0,0,0,0,0,0,0,0,0,0,0,0,0,0,0,0,0,0,0,0,0,0,0,0,
"(org.eclipse.collections.impl.jmh.IntIntMapSmallStressTest.jdkGet,c6a814a505bdc3b5a3abd0cd498fd725caa18deb)",0,0,0,0,0,0,0,0,0,0,0,0,0,0,0,0,0,0,0,0,0,0,0,0,0,0,0,
"(org.eclipse.collections.impl.jmh.IntIntMapTest.remove,c6a814a505bdc3b5a3abd0cd498fd725caa18deb)",0,0,0,0,0,0,0,0,0,0,0,0,0,0,0,0,0,0,0,0,0,0,0,0,0,0,0,
"(org.eclipse.collections.impl.jmh.AnagramSetTest.serial_eager_scala,c6a814a505bdc3b5a3abd0cd498fd725caa18deb)",0,0,0,0,0,0,0,0,0,0,0,0,0,0,0,0,0,0,0,0,0,0,0,0,0,0,0,
"(org.eclipse.collections.impl.jmh.CountTest.serial_eager_scala,c6a814a505bdc3b5a3abd0cd498fd725caa18deb)",0,0,0,0,0,0,0,0,0,0,0,0,0,0,0,0,0,0,0,0,0,0,0,0,0,0,0,
"(org.eclipse.collections.impl.jmh.AnagramListTest.parallel_eager_ec,c6a814a505bdc3b5a3abd0cd498fd725caa18deb)",0,0,0,0,0,0,0,0,0,0,0,0,0,0,0,0,0,0,0,0,0,0,0,0,0,0,0,
"(org.eclipse.collections.impl.jmh.LongLongMapLargeStressTest.kolobokeRemove,c6a814a505bdc3b5a3abd0cd498fd725caa18deb)",0,0,0,0,0,0,0,0,0,0,0,0,0,0,0,0,0,0,0,0,0,0,0,0,0,0,0,
"(org.eclipse.collections.impl.jmh.map.ScalaMutableMapGetTest.get,c6a814a505bdc3b5a3abd0cd498fd725caa18deb)",0,0,0,0,0,0,0,0,0,0,0,0,0,0,0,0,0,0,0,0,0,0,0,0,0,0,0,
"(org.eclipse.collections.impl.jmh.list.ListIterationTest.parallel_mutable_ec,c6a814a505bdc3b5a3abd0cd498fd725caa18deb)",0,0,0,0,0,0,0,0,0,0,0,0,0,0,0,0,0,0,0,0,0,0,0,0,0,0,0,
"(org.eclipse.collections.impl.jmh.SumOfIntTest.parallel_lazy_sumOfInt_ec,c6a814a505bdc3b5a3abd0cd498fd725caa18deb)",0,0,0,0,0,0,0,0,0,0,0,0,0,0,0,0,0,0,0,0,0,0,0,0,0,0,0,
"(org.eclipse.collections.impl.jmh.AggregateByTest.aggregateByCategory_parallel_eager_ec,c6a814a505bdc3b5a3abd0cd498fd725caa18deb)",0,0,0,0,0,0,0,0,0,0,0,0,0,0,0,0,0,0,0,0,0,0,0,0,0,0,0,
"(org.eclipse.collections.impl.jmh.AggregateByTest.aggregateInPlaceByCategory_parallel_lazy_ec,c6a814a505bdc3b5a3abd0cd498fd725caa18deb)",0,0,0,0,0,0,0,0,0,0,0,0,0,0,0,0,0,0,0,0,0,0,0,0,0,0,0,
"(org.eclipse.collections.impl.jmh.SumOfIntTest.serial_lazy_mapToIntSum_jdk,c6a814a505bdc3b5a3abd0cd498fd725caa18deb)",0,0,0,0,0,0,0,0,0,0,0,0,0,0,0,0,0,0,0,0,0,0,0,0,0,0,0,
"(org.eclipse.collections.impl.jmh.AllSatisfyTest.process_all_parallel_lazy_jdk,c6a814a505bdc3b5a3abd0cd498fd725caa18deb)",0,0,0,0,0,0,0,0,0,0,0,0,0,0,0,0,0,0,0,0,0,0,0,0,0,0,0,
"(org.eclipse.collections.impl.jmh.LongLongMapSmallStressTest.ecGet,c6a814a505bdc3b5a3abd0cd498fd725caa18deb)",0,0,0,0,0,0,0,0,0,0,0,0,0,0,0,0,0,0,0,0,0,0,0,0,0,0,0,
"(org.eclipse.collections.impl.jmh.FlatCollectTest.serial_eager_ec,c6a814a505bdc3b5a3abd0cd498fd725caa18deb)",0,0,0,0,0,1,0,0,0,0,0,0,0,0,0,0,0,0,0,0,0,0,0,0,0,0,1,
"(org.eclipse.collections.impl.jmh.GroupBySetTest.groupBy_100_keys_parallel_lazy_streams_ec,c6a814a505bdc3b5a3abd0cd498fd725caa18deb)",0,0,0,0,0,0,0,0,0,0,0,0,0,0,0,0,0,0,0,0,0,0,0,0,0,0,0,
"(org.eclipse.collections.impl.jmh.CountSetTest.serial_eager_ec,c6a814a505bdc3b5a3abd0cd498fd725caa18deb)",0,0,0,0,0,0,0,0,0,0,0,0,0,0,0,0,0,0,0,0,0,0,0,0,0,0,0,
"(org.eclipse.collections.impl.jmh.CountSetTest.serial_lazy_streams_ec,c6a814a505bdc3b5a3abd0cd498fd725caa18deb)",0,0,0,0,0,0,0,0,0,0,0,0,0,0,0,0,0,0,0,0,0,0,0,0,0,0,0,
"(org.eclipse.collections.impl.jmh.MinByDoubleTest.minByMarketValue_parallel_lazy_ec,c6a814a505bdc3b5a3abd0cd498fd725caa18deb)",0,0,0,0,0,0,0,0,0,0,0,0,0,0,0,0,0,0,0,0,0,0,0,0,0,0,0,
"(org.eclipse.collections.impl.jmh.AnagramBagTest.parallel_lazy_streams_ec,c6a814a505bdc3b5a3abd0cd498fd725caa18deb)",0,0,0,0,0,0,0,0,0,0,0,0,0,0,0,0,0,0,0,0,0,0,0,0,0,0,0,
"(org.eclipse.collections.impl.jmh.MaxByIntTest.maxByQuantity_serial_lazy_direct_methodref_jdk,c6a814a505bdc3b5a3abd0cd498fd725caa18deb)",0,0,0,0,0,0,0,0,0,0,0,0,0,0,0,0,0,0,0,0,0,0,0,0,0,0,0,
"(org.eclipse.collections.impl.jmh.LongLongMapLargeStressTest.ecGet,c6a814a505bdc3b5a3abd0cd498fd725caa18deb)",0,0,0,0,0,0,0,0,0,0,0,0,0,0,0,0,0,0,0,0,0,0,0,0,0,0,0,
"(org.eclipse.collections.impl.jmh.MaxByIntTest.maxByQuantity_serial_lazy_collect_methodref_jdk,c6a814a505bdc3b5a3abd0cd498fd725caa18deb)",0,0,0,0,0,0,0,0,0,0,0,0,0,0,0,0,0,0,0,0,0,0,0,0,0,0,0,
"(org.eclipse.collections.impl.jmh.SetAddAllTest.ec,c6a814a505bdc3b5a3abd0cd498fd725caa18deb)",0,0,0,0,0,0,0,0,0,0,0,0,0,0,0,0,0,0,0,0,0,0,0,0,0,0,0,
"(org.eclipse.collections.impl.jmh.CollectTest.serial_lazy_streams_ec,c6a814a505bdc3b5a3abd0cd498fd725caa18deb)",0,0,0,0,0,0,0,0,0,0,0,0,0,0,0,0,0,0,0,0,0,0,0,0,0,0,0,
"(org.eclipse.collections.impl.jmh.SumByDoubleTest.sumByProduct_serial_lazy_streams_ec,c6a814a505bdc3b5a3abd0cd498fd725caa18deb)",0,0,0,0,0,0,0,0,0,0,0,0,0,0,0,0,0,0,0,0,0,0,0,0,0,0,0,
"(org.eclipse.collections.impl.jmh.LongLongMapLargeStressTest.kolobokeGet,c6a814a505bdc3b5a3abd0cd498fd725caa18deb)",0,0,0,0,0,0,0,0,0,0,0,0,0,0,0,0,0,0,0,0,0,0,0,0,0,0,0,
"(org.eclipse.collections.impl.jmh.set.sorted.SortedSetIterationTest.parallel_mutable_scala,c6a814a505bdc3b5a3abd0cd498fd725caa18deb)",0,0,0,0,0,0,0,0,0,0,0,0,0,0,0,0,0,0,0,0,0,0,0,0,0,0,0,
"(org.eclipse.collections.impl.jmh.MinTest.serial_lazy_ec,c6a814a505bdc3b5a3abd0cd498fd725caa18deb)",0,0,0,0,0,0,0,0,0,0,0,0,0,0,0,0,0,0,0,0,0,0,0,0,0,0,0,
"(org.eclipse.collections.impl.jmh.CountTest.serial_lazy_jdk,c6a814a505bdc3b5a3abd0cd498fd725caa18deb)",0,0,0,0,0,0,0,0,0,0,0,0,0,0,0,0,0,0,0,0,0,0,0,0,0,0,0,
"(org.eclipse.collections.impl.jmh.CountTest.serial_lazy_streams_ec,c6a814a505bdc3b5a3abd0cd498fd725caa18deb)",0,0,0,0,0,0,0,0,0,0,0,0,0,0,0,0,0,0,0,0,0,0,0,0,0,0,0,
"(org.eclipse.collections.impl.jmh.AggregateByTest.aggregateByProduct_serial_lazy_jdk,c6a814a505bdc3b5a3abd0cd498fd725caa18deb)",0,0,0,0,0,0,0,0,0,0,0,0,0,0,0,0,0,0,0,0,0,0,0,0,0,0,0,
"(org.eclipse.collections.impl.jmh.AnagramSetTest.parallel_lazy_streams_ec,c6a814a505bdc3b5a3abd0cd498fd725caa18deb)",0,0,0,0,0,0,0,0,0,0,0,0,0,0,0,0,0,0,0,0,0,0,0,0,0,0,0,
"(org.eclipse.collections.impl.jmh.RejectTest.serial_eager_ec,c6a814a505bdc3b5a3abd0cd498fd725caa18deb)",0,0,0,0,0,0,0,0,0,0,0,0,0,0,0,0,0,0,0,0,0,0,0,0,0,0,0,
"(org.eclipse.collections.impl.jmh.AnagramSetTest.serial_lazy_jdk,c6a814a505bdc3b5a3abd0cd498fd725caa18deb)",0,0,0,0,0,0,0,0,0,0,0,0,0,0,0,0,0,0,0,0,0,0,0,0,0,0,0,
"(org.eclipse.collections.impl.jmh.SumByDoubleTest.sumByProduct_serial_eager_ec,c6a814a505bdc3b5a3abd0cd498fd725caa18deb)",0,0,0,0,0,0,0,0,0,0,0,0,0,0,0,0,0,0,0,0,0,0,0,0,0,0,0,
"(org.eclipse.collections.impl.jmh.MaxTest.parallel_lazy_reverse_jdk,c6a814a505bdc3b5a3abd0cd498fd725caa18deb)",0,0,0,0,0,0,0,0,0,0,0,0,0,0,0,0,0,0,0,0,0,0,0,0,0,0,0,
"(org.eclipse.collections.impl.jmh.CollectIfTest.parallel_lazy_ec,c6a814a505bdc3b5a3abd0cd498fd725caa18deb)",0,0,0,0,0,0,0,0,0,0,0,0,0,0,0,0,0,0,0,0,0,0,0,0,0,0,0,
"(org.eclipse.collections.impl.jmh.SumOfIntTest.serial_eager_directSumOfInt_ec,c6a814a505bdc3b5a3abd0cd498fd725caa18deb)",0,0,0,0,0,0,0,0,0,0,0,0,0,0,0,0,0,0,0,0,0,0,0,0,0,0,0,
"(org.eclipse.collections.impl.jmh.map.EcImmutableMapGetTest.get,c6a814a505bdc3b5a3abd0cd498fd725caa18deb)",0,0,0,0,0,0,0,0,0,0,0,0,0,0,0,0,0,0,0,0,0,0,0,0,0,0,0,
"(org.eclipse.collections.impl.jmh.MaxTest.parallel_lazy_reverse_streams_ec,c6a814a505bdc3b5a3abd0cd498fd725caa18deb)",0,0,0,0,0,0,0,0,0,0,0,0,0,0,0,0,0,0,0,0,0,0,0,0,0,0,0,
"(org.eclipse.collections.impl.jmh.map.MapGrowthTest.mutableScalaPut,c6a814a505bdc3b5a3abd0cd498fd725caa18deb)",0,0,0,0,0,0,0,0,0,0,0,0,0,0,0,0,0,0,0,0,0,0,0,0,0,0,0,
"(org.eclipse.collections.impl.jmh.AllSatisfyTest.short_circuit_middle_parallel_lazy_streams_ec,c6a814a505bdc3b5a3abd0cd498fd725caa18deb)",0,0,0,0,0,0,0,0,0,0,0,0,0,0,0,0,0,0,0,0,0,0,0,0,0,0,0,
"(org.eclipse.collections.impl.jmh.AllSatisfyTest.short_circuit_middle_serial_lazy_ec,c6a814a505bdc3b5a3abd0cd498fd725caa18deb)",0,0,0,0,0,0,0,0,0,0,0,0,0,0,0,0,0,0,0,0,0,0,0,0,0,0,0,
"(org.eclipse.collections.impl.jmh.SumByBigDecimalTest.sumByBigDecimalAccount_parallel_eager_ec,c6a814a505bdc3b5a3abd0cd498fd725caa18deb)",0,0,0,0,0,0,0,0,0,0,0,0,0,0,0,0,0,0,0,0,0,0,0,0,0,0,0,
"(org.eclipse.collections.impl.jmh.FunctionalInterfaceTest.serial_lazy_scala,c6a814a505bdc3b5a3abd0cd498fd725caa18deb)",0,0,0,0,0,0,0,0,0,0,0,0,0,0,0,0,0,0,0,0,0,0,0,0,0,0,0,
"(org.eclipse.collections.impl.jmh.SumOfIntTest.parallel_lazy_mapToLongSum_jdk,c6a814a505bdc3b5a3abd0cd498fd725caa18deb)",0,0,0,0,0,0,0,0,0,0,0,0,0,0,0,0,0,0,0,0,0,0,0,0,0,0,0,
"(org.eclipse.collections.impl.jmh.CountSetTest.serial_lazy_jdk,c6a814a505bdc3b5a3abd0cd498fd725caa18deb)",0,0,0,0,0,0,0,0,0,0,0,0,0,0,0,0,0,0,0,0,0,0,0,0,0,0,0,
"(org.eclipse.collections.impl.jmh.FunctionalInterfaceTest.parallel_eager_ec_hand_coded,c6a814a505bdc3b5a3abd0cd498fd725caa18deb)",0,0,0,0,0,0,0,0,0,0,0,0,0,0,0,0,0,0,0,0,0,0,0,0,0,0,0,
"(org.eclipse.collections.impl.jmh.AggregateByTest.aggregateByAccount_parallel_lazy_jdk,c6a814a505bdc3b5a3abd0cd498fd725caa18deb)",0,0,0,0,0,0,0,0,0,0,0,0,0,0,0,0,0,0,0,0,0,0,0,0,0,0,0,
"(org.eclipse.collections.impl.jmh.CollectorJoiningTest.parallel_lazy_mapToStringJoining_ec,c6a814a505bdc3b5a3abd0cd498fd725caa18deb)",0,0,0,0,0,0,0,0,0,0,0,0,0,0,0,0,0,0,0,0,0,0,0,0,0,0,0,
"(org.eclipse.collections.impl.jmh.AnySatisfyTest.short_circuit_middle_parallel_lazy_streams_ec,c6a814a505bdc3b5a3abd0cd498fd725caa18deb)",0,0,0,0,0,0,0,0,0,0,0,0,0,0,0,0,0,0,0,0,0,0,0,0,0,0,0,
"(org.eclipse.collections.impl.jmh.CountTest.serial_eager_ec,c6a814a505bdc3b5a3abd0cd498fd725caa18deb)",0,0,0,0,0,0,0,0,0,0,0,0,0,0,0,0,0,0,0,0,0,0,0,0,0,0,0,
"(org.eclipse.collections.impl.jmh.MaxByIntTest.maxByQuantity_parallel_lazy_direct_methodref_jdk,c6a814a505bdc3b5a3abd0cd498fd725caa18deb)",0,0,0,0,0,0,0,0,0,0,0,0,0,0,0,0,0,0,0,0,0,0,0,0,0,0,0,
"(org.eclipse.collections.impl.jmh.AnySatisfyTest.process_all_parallel_lazy_scala,c6a814a505bdc3b5a3abd0cd498fd725caa18deb)",0,0,0,0,0,0,0,0,0,0,0,0,0,0,0,0,0,0,0,0,0,0,0,0,0,0,0,
"(org.eclipse.collections.impl.jmh.MinTest.serial_lazy_reverse_ec,c6a814a505bdc3b5a3abd0cd498fd725caa18deb)",0,0,0,0,0,0,0,0,0,0,0,0,0,0,0,0,0,0,0,0,0,0,0,0,0,0,0,
"(org.eclipse.collections.impl.jmh.NoneSatisfyTest.process_none_serial_lazy_ec,c6a814a505bdc3b5a3abd0cd498fd725caa18deb)",0,0,0,0,0,0,0,0,0,0,0,0,0,0,0,0,0,0,0,0,0,0,0,0,0,0,0,
"(org.eclipse.collections.impl.jmh.SummarizeIntTest.serial_eager_collectIntSummaryStatistics_ec,c6a814a505bdc3b5a3abd0cd498fd725caa18deb)",0,0,0,0,0,0,0,0,0,0,0,0,0,0,0,0,0,0,0,0,0,0,0,0,0,0,0,
"(org.eclipse.collections.impl.jmh.MaxByIntTest.maxByQuantity_parallel_lazy_ec,c6a814a505bdc3b5a3abd0cd498fd725caa18deb)",0,0,0,0,0,0,0,0,0,0,0,0,0,0,0,0,0,0,0,0,0,0,0,0,0,0,0,
"(org.eclipse.collections.impl.jmh.MinByDoubleTest.minByMarketValue_parallel_lazy_collect_lambda_jdk,c6a814a505bdc3b5a3abd0cd498fd725caa18deb)",0,0,0,0,0,0,0,0,0,0,0,0,0,0,0,0,0,0,0,0,0,0,0,0,0,0,0,
"(org.eclipse.collections.impl.jmh.MinByDoubleTest.minByMarketValue_serial_lazy_direct_lambda_jdk,c6a814a505bdc3b5a3abd0cd498fd725caa18deb)",0,0,0,0,0,0,0,0,0,0,0,0,0,0,0,0,0,0,0,0,0,0,0,0,0,0,0,
"(org.eclipse.collections.impl.jmh.MinTest.parallel_lazy_reverse_streams_ec,c6a814a505bdc3b5a3abd0cd498fd725caa18deb)",0,0,0,0,0,0,0,0,0,0,0,0,0,0,0,0,0,0,0,0,0,0,0,0,0,0,0,
"(org.eclipse.collections.impl.jmh.RejectTest.serial_lazy_jdk_lambda_negate,c6a814a505bdc3b5a3abd0cd498fd725caa18deb)",0,0,0,0,0,0,0,0,0,0,0,0,0,0,0,0,0,0,0,0,0,0,0,0,0,0,0,
"(org.eclipse.collections.impl.jmh.RejectTest.serial_eager_ec_select_predicates_not,c6a814a505bdc3b5a3abd0cd498fd725caa18deb)",0,0,0,0,0,0,0,0,0,0,0,0,0,0,0,0,0,0,0,0,0,0,0,0,0,0,0,
"(org.eclipse.collections.impl.jmh.SumByBigDecimalTest.sumByBigDecimalProduct_serial_eager_ec,c6a814a505bdc3b5a3abd0cd498fd725caa18deb)",0,0,0,0,0,0,0,0,0,0,0,0,0,0,0,0,0,0,0,0,0,0,0,0,0,0,0,
"(org.eclipse.collections.impl.jmh.MinByIntTest.minByQuantity_serial_eager_ec,c6a814a505bdc3b5a3abd0cd498fd725caa18deb)",0,0,0,0,0,0,0,0,0,0,0,0,0,0,0,0,0,0,0,0,0,0,0,0,0,0,0,
"(org.eclipse.collections.impl.jmh.LongIntMapTest.presizedPut,c6a814a505bdc3b5a3abd0cd498fd725caa18deb)",0,0,0,0,0,0,0,0,0,0,0,0,0,0,0,0,0,0,0,0,0,0,0,0,0,0,0,
"(org.eclipse.collections.impl.jmh.MinTest.parallel_lazy_jdk,c6a814a505bdc3b5a3abd0cd498fd725caa18deb)",0,0,0,0,0,0,0,0,0,0,0,0,0,0,0,0,0,0,0,0,0,0,0,0,0,0,0,
"(org.eclipse.collections.impl.jmh.AnagramBagTest.serial_lazy_jdk,c6a814a505bdc3b5a3abd0cd498fd725caa18deb)",0,0,0,0,0,0,0,0,0,0,0,0,0,0,0,0,0,0,0,0,0,0,0,0,0,0,0,
"(org.eclipse.collections.impl.jmh.GroupByListTest.groupBy_10000_keys_serial_eager_scala,c6a814a505bdc3b5a3abd0cd498fd725caa18deb)",0,0,0,0,0,0,0,0,0,0,0,0,0,0,0,0,0,0,0,0,0,0,0,0,0,0,0,
"(org.eclipse.collections.impl.jmh.GroupBySetTest.groupBy_2_keys_serial_lazy_streams_ec,c6a814a505bdc3b5a3abd0cd498fd725caa18deb)",0,0,0,0,0,0,0,0,0,0,0,0,0,0,0,0,0,0,0,0,0,0,0,0,0,0,0,
"(org.eclipse.collections.impl.jmh.IntIntMapLargeStressTest.jdkPut,c6a814a505bdc3b5a3abd0cd498fd725caa18deb)",0,0,0,0,0,0,0,0,0,0,0,0,0,0,0,0,0,0,0,0,0,0,0,0,0,0,0,
"(org.eclipse.collections.impl.jmh.MaxTest.serial_eager_reverse_ec,c6a814a505bdc3b5a3abd0cd498fd725caa18deb)",0,0,0,0,0,0,0,0,0,0,0,0,0,0,0,0,0,0,0,0,0,0,0,0,0,0,0,
"(org.eclipse.collections.impl.jmh.FunctionalInterfaceTest.serial_lazy_jdk,c6a814a505bdc3b5a3abd0cd498fd725caa18deb)",0,0,0,0,0,0,0,0,0,0,0,0,0,0,0,0,0,0,0,0,0,0,0,0,0,0,0,
"(org.eclipse.collections.impl.jmh.IntIntMapLargeStressTest.ecPut,c6a814a505bdc3b5a3abd0cd498fd725caa18deb)",0,0,0,0,0,0,0,0,0,0,0,0,0,0,0,0,0,0,0,0,0,0,0,0,0,0,0,
"(org.eclipse.collections.impl.jmh.SumOfDoubleTest.serial_eager_collectDoubleSum_ec,c6a814a505bdc3b5a3abd0cd498fd725caa18deb)",0,0,0,0,0,0,0,0,0,0,0,0,0,0,0,0,0,0,0,0,0,0,0,0,0,0,0,
"(org.eclipse.collections.impl.jmh.SelectTest.serial_lazy_streams_ec,c6a814a505bdc3b5a3abd0cd498fd725caa18deb)",0,0,0,0,0,0,0,0,0,0,0,0,0,0,0,0,0,0,0,0,0,0,0,0,0,0,0,
"(org.eclipse.collections.impl.jmh.MaxTest.serial_lazy_reverse_jdk,c6a814a505bdc3b5a3abd0cd498fd725caa18deb)",0,0,0,0,0,0,0,0,0,0,0,0,0,0,0,0,0,0,0,0,0,0,0,0,0,0,0,
"(org.eclipse.collections.impl.jmh.CollectTest.parallel_eager_fixed_pool_ec,c6a814a505bdc3b5a3abd0cd498fd725caa18deb)",0,0,0,0,0,0,0,0,0,0,0,0,0,0,0,0,0,0,0,0,0,0,0,0,0,0,0,
"(org.eclipse.collections.impl.jmh.AnySatisfyTest.short_circuit_middle_serial_lazy_jdk,c6a814a505bdc3b5a3abd0cd498fd725caa18deb)",0,0,0,0,0,0,0,0,0,0,0,0,0,0,0,0,0,0,0,0,0,0,0,0,0,0,0,
"(org.eclipse.collections.impl.jmh.BagAddAllTest.guava,c6a814a505bdc3b5a3abd0cd498fd725caa18deb)",0,0,0,0,0,0,0,0,0,0,0,0,0,0,0,0,0,0,0,0,0,0,0,0,0,0,0,
"(org.eclipse.collections.impl.jmh.SelectTest.serial_eager_ec,c6a814a505bdc3b5a3abd0cd498fd725caa18deb)",0,0,0,0,0,0,0,0,0,0,0,0,0,0,0,0,0,0,0,0,0,0,0,0,0,0,0,
"(org.eclipse.collections.impl.jmh.list.ListIterationTest.serial_mutable_ec,c6a814a505bdc3b5a3abd0cd498fd725caa18deb)",0,0,0,0,0,0,0,0,0,0,0,0,0,0,0,0,0,0,0,0,0,0,0,0,0,0,0,
"(org.eclipse.collections.impl.jmh.AnySatisfyTest.process_all_parallel_lazy_jdk,c6a814a505bdc3b5a3abd0cd498fd725caa18deb)",0,0,0,0,0,0,0,0,0,0,0,0,0,0,0,0,0,0,0,0,0,0,0,0,0,0,0,
"(org.eclipse.collections.impl.jmh.set.sorted.SortedSetIterationTest.parallel_immutable_scala,c6a814a505bdc3b5a3abd0cd498fd725caa18deb)",0,0,0,0,0,0,0,0,0,0,0,0,0,0,0,0,0,0,0,0,0,0,0,0,0,0,0,
"(org.eclipse.collections.impl.jmh.NoneSatisfyTest.process_all_parallel_lazy_ec,c6a814a505bdc3b5a3abd0cd498fd725caa18deb)",0,0,0,0,0,0,0,0,0,0,0,0,0,0,0,0,0,0,0,0,0,0,0,0,0,0,0,
"(org.eclipse.collections.impl.jmh.CollectTest.serial_lazy_scala,c6a814a505bdc3b5a3abd0cd498fd725caa18deb)",0,0,0,0,0,0,0,0,0,0,0,0,0,0,0,0,0,0,0,0,0,0,0,0,0,0,0,
"(org.eclipse.collections.impl.jmh.AllSatisfyTest.short_circuit_middle_serial_eager_ec,c6a814a505bdc3b5a3abd0cd498fd725caa18deb)",0,0,0,0,0,0,0,0,0,0,0,0,0,0,0,0,0,0,0,0,0,0,0,0,0,0,0,
"(org.eclipse.collections.impl.jmh.MaxByDoubleTest.maxByMarketValue_serial_lazy_direct_methodref_jdk,c6a814a505bdc3b5a3abd0cd498fd725caa18deb)",0,0,0,0,0,0,0,0,0,0,0,0,0,0,0,0,0,0,0,0,0,0,0,0,0,0,0,
"(org.eclipse.collections.impl.jmh.AggregateByTest.aggregateByProduct_parallel_lazy_streams_ec,c6a814a505bdc3b5a3abd0cd498fd725caa18deb)",0,0,0,0,0,0,0,0,0,0,0,0,0,0,0,0,0,0,0,0,0,0,0,0,0,0,0,
"(org.eclipse.collections.impl.jmh.SelectTest.parallel_lazy_ec,c6a814a505bdc3b5a3abd0cd498fd725caa18deb)",0,0,0,0,0,0,0,0,0,0,0,0,0,0,0,0,0,0,0,0,0,0,0,0,0,0,0,
"(org.eclipse.collections.impl.jmh.AnagramBagTest.serial_eager_ec,c6a814a505bdc3b5a3abd0cd498fd725caa18deb)",0,0,0,0,0,1,0,0,0,0,0,0,0,0,0,0,0,0,0,0,0,0,0,0,0,0,1,
"(org.eclipse.collections.impl.jmh.AnagramSetTest.parallel_eager_ec,c6a814a505bdc3b5a3abd0cd498fd725caa18deb)",0,0,0,0,0,0,0,0,0,0,0,0,0,0,0,0,0,0,0,0,0,0,0,0,0,0,0,
"(org.eclipse.collections.impl.jmh.CollectorJoiningTest.serial_eager_makeString_ec,c6a814a505bdc3b5a3abd0cd498fd725caa18deb)",0,0,0,0,0,0,0,0,0,0,0,0,0,0,0,0,0,0,0,0,0,0,0,0,0,0,0,
"(org.eclipse.collections.impl.jmh.AnySatisfyTest.short_circuit_middle_serial_lazy_streams_ec,c6a814a505bdc3b5a3abd0cd498fd725caa18deb)",0,0,0,0,0,0,0,0,0,0,0,0,0,0,0,0,0,0,0,0,0,0,0,0,0,0,0,
"(org.eclipse.collections.impl.jmh.SumByDoubleTest.sumByCategory_serial_eager_ec,c6a814a505bdc3b5a3abd0cd498fd725caa18deb)",0,0,0,0,0,0,0,0,0,0,0,0,0,0,0,0,0,0,0,0,0,0,0,0,0,0,0,
"(org.eclipse.collections.impl.jmh.GroupBySetTest.groupBy_100_keys_parallel_lazy_ec,c6a814a505bdc3b5a3abd0cd498fd725caa18deb)",0,0,0,0,0,0,0,0,0,0,0,0,0,0,0,0,0,0,0,0,0,0,0,0,0,0,0,
"(org.eclipse.collections.impl.jmh.SumOfDoubleTest.serial_lazy_collectDoubleSum_streams_ec,c6a814a505bdc3b5a3abd0cd498fd725caa18deb)",0,0,0,0,0,0,0,0,0,0,0,0,0,0,0,0,0,0,0,0,0,0,0,0,0,0,0,
"(org.eclipse.collections.impl.jmh.AnagramBagTest.parallel_eager_ec,c6a814a505bdc3b5a3abd0cd498fd725caa18deb)",0,0,0,0,0,0,0,0,0,0,0,0,0,0,0,0,0,0,0,0,0,0,0,0,0,0,0,
"(org.eclipse.collections.impl.jmh.GroupBySetTest.groupBy_10000_keys_serial_eager_scala,c6a814a505bdc3b5a3abd0cd498fd725caa18deb)",0,0,0,0,0,0,0,0,0,0,0,0,0,0,0,0,0,0,0,0,0,0,0,0,0,0,0,
"(org.eclipse.collections.impl.jmh.MinByIntTest.minByQuantity_serial_lazy_collect_methodref_jdk,c6a814a505bdc3b5a3abd0cd498fd725caa18deb)",0,0,0,0,0,0,0,0,0,0,0,0,0,0,0,0,0,0,0,0,0,0,0,0,0,0,0,
"(org.eclipse.collections.impl.jmh.BagAddAllTest.ec,c6a814a505bdc3b5a3abd0cd498fd725caa18deb)",0,0,0,0,0,0,0,0,0,0,0,0,0,0,0,0,0,0,0,0,0,0,0,0,0,0,0,
"(org.eclipse.collections.impl.jmh.SummarizeIntTest.parallel_lazy_mapToIntSum_streams_ec,c6a814a505bdc3b5a3abd0cd498fd725caa18deb)",0,0,0,0,0,0,0,0,0,0,0,0,0,0,0,0,0,0,0,0,0,0,0,0,0,0,0,
"(org.eclipse.collections.impl.jmh.list.ListIterationTest.serial_immutable_ec,c6a814a505bdc3b5a3abd0cd498fd725caa18deb)",0,0,0,0,0,0,0,0,0,0,0,0,0,0,0,0,0,0,0,0,0,0,0,0,0,0,0,
"(org.eclipse.collections.impl.jmh.RejectTest.serial_lazy_streams_ec_lambda_not,c6a814a505bdc3b5a3abd0cd498fd725caa18deb)",0,0,0,0,0,0,0,0,0,0,0,0,0,0,0,0,0,0,0,0,0,0,0,0,0,0,0,
"(org.eclipse.collections.impl.jmh.AnySatisfyTest.process_all_parallel_lazy_ec,c6a814a505bdc3b5a3abd0cd498fd725caa18deb)",0,0,0,0,0,0,0,0,0,0,0,0,0,0,0,0,0,0,0,0,0,0,0,0,0,0,0,
"(org.eclipse.collections.impl.jmh.MaxTest.serial_eager_ec,c6a814a505bdc3b5a3abd0cd498fd725caa18deb)",0,0,0,0,0,0,0,0,0,0,0,0,0,0,0,0,0,0,0,0,0,0,0,0,0,0,0,
"(org.eclipse.collections.impl.jmh.GroupBySetTest.groupBy_10000_keys_parallel_lazy_streams_ec,c6a814a505bdc3b5a3abd0cd498fd725caa18deb)",0,0,0,0,0,0,0,0,0,0,0,0,0,0,0,0,0,0,0,0,0,0,0,0,0,0,0,
"(org.eclipse.collections.impl.jmh.MinByDoubleTest.minByMarketValue_serial_lazy_direct_methodref_jdk,c6a814a505bdc3b5a3abd0cd498fd725caa18deb)",0,0,0,0,0,0,0,0,0,0,0,0,0,0,0,0,0,0,0,0,0,0,0,0,0,0,0,
"(org.eclipse.collections.impl.jmh.MinByDoubleTest.minByMarketValue_serial_eager_ec,c6a814a505bdc3b5a3abd0cd498fd725caa18deb)",0,0,0,0,0,0,0,0,0,0,0,0,0,0,0,0,0,0,0,0,0,0,0,0,0,0,0,
"(org.eclipse.collections.impl.jmh.NoneSatisfyTest.process_all_parallel_lazy_jdk,c6a814a505bdc3b5a3abd0cd498fd725caa18deb)",0,0,0,0,0,0,0,0,0,0,0,0,0,0,0,0,0,0,0,0,0,0,0,0,0,0,0,
"(org.eclipse.collections.impl.jmh.NoneSatisfyTest.process_none_serial_lazy_streams_ec,c6a814a505bdc3b5a3abd0cd498fd725caa18deb)",0,0,0,0,0,0,0,0,0,0,0,0,0,0,0,0,0,0,0,0,0,0,0,0,0,0,0,
"(org.eclipse.collections.impl.jmh.MinByIntTest.minByQuantity_serial_lazy_direct_methodref_jdk,c6a814a505bdc3b5a3abd0cd498fd725caa18deb)",0,0,0,0,0,0,0,0,0,0,0,0,0,0,0,0,0,0,0,0,0,0,0,0,0,0,0,
"(org.eclipse.collections.impl.jmh.AnySatisfyTest.process_all_serial_lazy_scala,c6a814a505bdc3b5a3abd0cd498fd725caa18deb)",0,0,0,0,0,0,0,0,0,0,0,0,0,0,0,0,0,0,0,0,0,0,0,0,0,0,0,
"(org.eclipse.collections.impl.jmh.LongLongMapSmallStressTest.kolobokeRemove,c6a814a505bdc3b5a3abd0cd498fd725caa18deb)",0,0,0,0,0,0,0,0,0,0,0,0,0,0,0,0,0,0,0,0,0,0,0,0,0,0,0,
"(org.eclipse.collections.impl.jmh.RejectTest.serial_lazy_ec,c6a814a505bdc3b5a3abd0cd498fd725caa18deb)",0,0,0,0,0,0,0,0,0,0,0,0,0,0,0,0,0,0,0,0,0,0,0,0,0,0,0,
"(org.eclipse.collections.impl.jmh.MinByDoubleTest.minByMarketValue_parallel_lazy_direct_lambda_jdk,c6a814a505bdc3b5a3abd0cd498fd725caa18deb)",0,0,0,0,0,0,0,0,0,0,0,0,0,0,0,0,0,0,0,0,0,0,0,0,0,0,0,
"(org.eclipse.collections.impl.jmh.GroupBySetTest.groupBy_100_keys_serial_eager_scala,c6a814a505bdc3b5a3abd0cd498fd725caa18deb)",0,0,0,0,0,0,0,0,0,0,0,0,0,0,0,0,0,0,0,0,0,0,0,0,0,0,0,
"(org.eclipse.collections.impl.jmh.AnagramListTest.serial_lazy_jdk,c6a814a505bdc3b5a3abd0cd498fd725caa18deb)",0,0,0,0,0,0,0,0,0,0,0,0,0,0,0,0,0,0,0,0,0,0,0,0,0,0,0,
"(org.eclipse.collections.impl.jmh.FlatCollectTest.serial_lazy_streams_ec,c6a814a505bdc3b5a3abd0cd498fd725caa18deb)",0,0,0,0,0,0,0,0,0,0,0,0,0,0,0,0,0,0,0,0,0,0,0,0,0,0,0,
"(org.eclipse.collections.impl.jmh.SetAddAllTest.jdk,c6a814a505bdc3b5a3abd0cd498fd725caa18deb)",0,0,0,0,0,0,0,0,0,0,0,0,0,0,0,0,0,0,0,0,0,0,0,0,0,0,0,
"(org.eclipse.collections.impl.jmh.AnySatisfyTest.process_all_serial_eager_ec,c6a814a505bdc3b5a3abd0cd498fd725caa18deb)",0,0,0,0,0,0,0,0,0,0,0,0,0,0,0,0,0,0,0,0,0,0,0,0,0,0,0,
"(org.eclipse.collections.impl.jmh.IntIntMapSmallStressTest.kolobokePut,c6a814a505bdc3b5a3abd0cd498fd725caa18deb)",0,0,0,0,0,0,0,0,0,0,0,0,0,0,0,0,0,0,0,0,0,0,0,0,0,0,0,
"(org.eclipse.collections.impl.jmh.SummarizeIntTest.parallel_lazy_mapToIntSum_jdk,c6a814a505bdc3b5a3abd0cd498fd725caa18deb)",0,0,0,0,0,0,0,0,0,0,0,0,0,0,0,0,0,0,0,0,0,0,0,0,0,0,0,
"(org.eclipse.collections.impl.jmh.SummarizeIntTest.serial_eager_summarizeInt_ec,c6a814a505bdc3b5a3abd0cd498fd725caa18deb)",0,0,0,0,0,0,0,0,0,0,0,0,0,0,0,0,0,0,0,0,0,0,0,0,0,0,0,
"(org.eclipse.collections.impl.jmh.GroupBySetTest.groupBy_2_keys_parallel_lazy_jdk,c6a814a505bdc3b5a3abd0cd498fd725caa18deb)",0,0,0,0,0,0,0,0,0,0,0,0,0,0,0,0,0,0,0,0,0,0,0,0,0,0,0,
"(org.eclipse.collections.impl.jmh.SumOfIntTest.serial_lazy_mapToLongSum_streams_ec,c6a814a505bdc3b5a3abd0cd498fd725caa18deb)",0,0,0,0,0,0,0,0,0,0,0,0,0,0,0,0,0,0,0,0,0,0,0,0,0,0,0,
"(org.eclipse.collections.impl.jmh.MinByDoubleTest.minByMarketValue_parallel_lazy_direct_methodref_jdk,c6a814a505bdc3b5a3abd0cd498fd725caa18deb)",0,0,0,0,0,0,0,0,0,0,0,0,0,0,0,0,0,0,0,0,0,0,0,0,0,0,0,
"(org.eclipse.collections.impl.jmh.AllSatisfyTest.process_all_serial_lazy_jdk,c6a814a505bdc3b5a3abd0cd498fd725caa18deb)",0,0,0,0,0,0,0,0,0,0,0,0,0,0,0,0,0,0,0,0,0,0,0,0,0,0,0,
"(org.eclipse.collections.impl.jmh.CountTest.parallel_lazy_scala,c6a814a505bdc3b5a3abd0cd498fd725caa18deb)",0,0,0,0,0,0,0,0,0,0,0,0,0,0,0,0,0,0,0,0,0,0,0,0,0,0,0,
"(org.eclipse.collections.impl.jmh.MinByDoubleTest.minByMarketValue_serial_lazy_ec,c6a814a505bdc3b5a3abd0cd498fd725caa18deb)",0,0,0,0,0,0,0,0,0,0,0,0,0,0,0,0,0,0,0,0,0,0,0,0,0,0,0,
"(org.eclipse.collections.impl.jmh.MinByIntTest.minByQuantity_parallel_lazy_ec,c6a814a505bdc3b5a3abd0cd498fd725caa18deb)",0,0,0,0,0,0,0,0,0,0,0,0,0,0,0,0,0,0,0,0,0,0,0,0,0,0,0,
"(org.eclipse.collections.impl.jmh.ListEqualTest.jdk,c6a814a505bdc3b5a3abd0cd498fd725caa18deb)",0,0,0,0,0,0,0,0,0,0,0,0,0,0,0,0,0,0,0,0,0,0,0,0,0,0,0,
"(org.eclipse.collections.impl.jmh.AnagramSetTest.serial_lazy_scala,c6a814a505bdc3b5a3abd0cd498fd725caa18deb)",0,0,0,0,0,0,0,0,0,0,0,0,0,0,0,0,0,0,0,0,0,0,0,0,0,0,0,
"(org.eclipse.collections.impl.jmh.AllSatisfyTest.process_all_parallel_lazy_ec,c6a814a505bdc3b5a3abd0cd498fd725caa18deb)",0,0,0,0,0,0,0,0,0,0,0,0,0,0,0,0,0,0,0,0,0,0,0,0,0,0,0,
"(org.eclipse.collections.impl.jmh.FunctionalInterfaceTest.parallel_lazy_jdk,c6a814a505bdc3b5a3abd0cd498fd725caa18deb)",0,0,0,0,0,0,0,0,0,0,0,0,0,0,0,0,0,0,0,0,0,0,0,0,0,0,0,
"(org.eclipse.collections.impl.jmh.SelectTest.parallel_lazy_streams_ec,c6a814a505bdc3b5a3abd0cd498fd725caa18deb)",0,0,0,0,0,0,0,0,0,0,0,0,0,0,0,0,0,0,0,0,0,0,0,0,0,0,0,
"(org.eclipse.collections.impl.jmh.MinTest.serial_lazy_intstream_streams_ec,c6a814a505bdc3b5a3abd0cd498fd725caa18deb)",0,0,0,0,0,0,0,0,0,0,0,0,0,0,0,0,0,0,0,0,0,0,0,0,0,0,0,
"(org.eclipse.collections.impl.jmh.MinTest.serial_lazy_streams_ec,c6a814a505bdc3b5a3abd0cd498fd725caa18deb)",0,0,0,0,0,0,0,0,0,0,0,0,0,0,0,0,0,0,0,0,0,0,0,0,0,0,0,
"(org.eclipse.collections.impl.jmh.AllSatisfyTest.process_all_serial_lazy_streams_ec,c6a814a505bdc3b5a3abd0cd498fd725caa18deb)",0,0,0,0,0,0,0,0,0,0,0,0,0,0,0,0,0,0,0,0,0,0,0,0,0,0,0,
"(org.eclipse.collections.impl.jmh.map.HppcMutableMapGetTest.get,c6a814a505bdc3b5a3abd0cd498fd725caa18deb)",0,0,0,0,0,0,0,0,0,0,0,0,0,0,0,0,0,0,0,0,0,0,0,0,0,0,0,
"(org.eclipse.collections.impl.jmh.LongLongMapLargeStressTest.ecRemove,c6a814a505bdc3b5a3abd0cd498fd725caa18deb)",0,0,0,0,0,0,0,0,0,0,0,0,0,0,0,0,0,0,0,0,0,0,0,0,0,0,0,
"(org.eclipse.collections.impl.jmh.CountTest.parallel_lazy_ec,c6a814a505bdc3b5a3abd0cd498fd725caa18deb)",0,0,0,0,0,0,0,0,0,0,0,0,0,0,0,0,0,0,0,0,0,0,0,0,0,0,0,
"(org.eclipse.collections.impl.jmh.SumOfDoubleTest.parallel_lazy_collectDoubleSum_streams_ec,c6a814a505bdc3b5a3abd0cd498fd725caa18deb)",0,0,0,0,0,0,0,0,0,0,0,0,0,0,0,0,0,0,0,0,0,0,0,0,0,0,0,
"(org.eclipse.collections.impl.jmh.set.sorted.SortedSetIterationTest.serial_immutable_scala,c6a814a505bdc3b5a3abd0cd498fd725caa18deb)",0,0,0,0,0,0,0,0,0,0,0,0,0,0,0,0,0,0,0,0,0,0,0,0,0,0,0,
"(org.eclipse.collections.impl.jmh.IntIntMapLargeStressTest.ecRemove,c6a814a505bdc3b5a3abd0cd498fd725caa18deb)",0,0,0,0,0,0,0,0,0,0,0,0,0,0,0,0,0,0,0,0,0,0,0,0,0,0,0,
"(org.eclipse.collections.impl.jmh.CollectIfTest.parallel_lazy_jdk,c6a814a505bdc3b5a3abd0cd498fd725caa18deb)",0,0,0,0,0,0,0,0,0,0,0,0,0,0,0,0,0,0,0,0,0,0,0,0,0,0,0,
"(org.eclipse.collections.impl.jmh.SumByDoubleTest.sumByCategory_parallel_eager_ec,c6a814a505bdc3b5a3abd0cd498fd725caa18deb)",0,0,0,0,0,0,0,0,0,0,0,0,0,0,0,0,0,0,0,0,0,0,0,0,0,0,0,
"(org.eclipse.collections.impl.jmh.SumOfIntTest.serial_lazy_mapToIntSum_streams_ec,c6a814a505bdc3b5a3abd0cd498fd725caa18deb)",0,0,0,0,0,0,0,0,0,0,0,0,0,0,0,0,0,0,0,0,0,0,0,0,0,0,0,
"(org.eclipse.collections.impl.jmh.SumOfIntTest.serial_lazy_mapToLongSum_jdk,c6a814a505bdc3b5a3abd0cd498fd725caa18deb)",0,0,0,0,0,0,0,0,0,0,0,0,0,0,0,0,0,0,0,0,0,0,0,0,0,0,0,
"(org.eclipse.collections.impl.jmh.GroupByListTest.groupBy_2_keys_serial_eager_scala,c6a814a505bdc3b5a3abd0cd498fd725caa18deb)",0,0,0,0,0,0,0,0,0,0,0,0,0,0,0,0,0,0,0,0,0,0,0,0,0,0,0,
"(org.eclipse.collections.impl.jmh.MaxByDoubleTest.maxByMarketValue_parallel_lazy_collect_methodref_jdk,c6a814a505bdc3b5a3abd0cd498fd725caa18deb)",0,0,0,0,0,0,0,0,0,0,0,0,0,0,0,0,0,0,0,0,0,0,0,0,0,0,0,
"(org.eclipse.collections.impl.jmh.NoneSatisfyTest.short_circuit_middle_serial_lazy_streams_ec,c6a814a505bdc3b5a3abd0cd498fd725caa18deb)",0,0,0,0,0,0,0,0,0,0,0,0,0,0,0,0,0,0,0,0,0,0,0,0,0,0,0,
"(org.eclipse.collections.impl.jmh.MinTest.parallel_lazy_ec,c6a814a505bdc3b5a3abd0cd498fd725caa18deb)",0,0,0,0,0,0,0,0,0,0,0,0,0,0,0,0,0,0,0,0,0,0,0,0,0,0,0,
"(org.eclipse.collections.impl.jmh.GroupBySetTest.groupBy_2_keys_serial_lazy_jdk,c6a814a505bdc3b5a3abd0cd498fd725caa18deb)",0,0,0,0,0,0,0,0,0,0,0,0,0,0,0,0,0,0,0,0,0,0,0,0,0,0,0,
"(org.eclipse.collections.impl.jmh.map.ChainMapPutTest.jdk,c6a814a505bdc3b5a3abd0cd498fd725caa18deb)",0,0,0,0,0,0,0,0,0,0,0,0,0,0,0,0,0,0,0,0,0,0,0,0,0,0,0,
"(org.eclipse.collections.impl.jmh.SummarizeIntTest.serial_lazy_collectIntSummaryStatistics_ec,c6a814a505bdc3b5a3abd0cd498fd725caa18deb)",0,0,0,0,0,0,0,0,0,0,0,0,0,0,0,0,0,0,0,0,0,0,0,0,0,0,0,
"(org.eclipse.collections.impl.jmh.LongIntMapTest.get,c6a814a505bdc3b5a3abd0cd498fd725caa18deb)",0,0,0,0,0,0,0,0,0,0,0,0,0,0,0,0,0,0,0,0,0,0,0,0,0,0,0,
"(org.eclipse.collections.impl.jmh.map.EcMutableMapGetTest.get,c6a814a505bdc3b5a3abd0cd498fd725caa18deb)",0,0,0,0,0,0,0,0,0,0,0,0,0,0,0,0,0,0,0,0,0,0,0,0,0,0,0,
"(org.eclipse.collections.impl.jmh.AnySatisfyTest.process_all_parallel_lazy_streams_ec,c6a814a505bdc3b5a3abd0cd498fd725caa18deb)",0,0,0,0,0,0,0,0,0,0,0,0,0,0,0,0,0,0,0,0,0,0,0,0,0,0,0,
"(org.eclipse.collections.impl.jmh.AggregateByTest.aggregateInPlaceByProduct_parallel_eager_ec,c6a814a505bdc3b5a3abd0cd498fd725caa18deb)",0,0,0,0,0,0,0,0,0,0,0,0,0,0,0,0,0,0,0,0,0,0,0,0,0,0,0,
"(org.eclipse.collections.impl.jmh.AnySatisfyTest.short_circuit_middle_parallel_lazy_ec,c6a814a505bdc3b5a3abd0cd498fd725caa18deb)",0,0,0,0,0,0,0,0,0,0,0,0,0,0,0,0,0,0,0,0,0,0,0,0,0,0,0,
"(org.eclipse.collections.impl.jmh.CollectTest.parallel_lazy_ec,c6a814a505bdc3b5a3abd0cd498fd725caa18deb)",0,0,0,0,0,0,0,0,0,0,0,0,0,0,0,0,0,0,0,0,0,0,0,0,0,0,0,
"(org.eclipse.collections.impl.jmh.LongIntMapTest.copyTest,c6a814a505bdc3b5a3abd0cd498fd725caa18deb)",0,0,0,0,0,0,0,0,0,0,0,0,0,0,0,0,0,0,0,0,0,0,0,0,0,0,0,
"(org.eclipse.collections.impl.jmh.MaxByIntTest.maxByQuantity_parallel_lazy_collect_lambda_jdk,c6a814a505bdc3b5a3abd0cd498fd725caa18deb)",0,0,0,0,0,0,0,0,0,0,0,0,0,0,0,0,0,0,0,0,0,0,0,0,0,0,0,
"(org.eclipse.collections.impl.jmh.AggregateByTest.aggregateInPlaceByAccount_parallel_eager_ec,c6a814a505bdc3b5a3abd0cd498fd725caa18deb)",0,0,0,0,0,0,0,0,0,0,0,0,0,0,0,0,0,0,0,0,0,0,0,0,0,0,0,
"(org.eclipse.collections.impl.jmh.AggregateByTest.aggregateByCategory_parallel_lazy_jdk,c6a814a505bdc3b5a3abd0cd498fd725caa18deb)",0,0,0,0,0,0,0,0,0,0,0,0,0,0,0,0,0,0,0,0,0,0,0,0,0,0,0,
"(org.eclipse.collections.impl.jmh.AnySatisfyTest.short_circuit_middle_serial_lazy_ec,c6a814a505bdc3b5a3abd0cd498fd725caa18deb)",0,0,0,0,0,0,0,0,0,0,0,0,0,0,0,0,0,0,0,0,0,0,0,0,0,0,0,
"(org.eclipse.collections.impl.jmh.CountSetTest.parallel_lazy_scala,c6a814a505bdc3b5a3abd0cd498fd725caa18deb)",0,0,0,0,0,0,0,0,0,0,0,0,0,0,0,0,0,0,0,0,0,0,0,0,0,0,0,
"(org.eclipse.collections.impl.jmh.SummarizeIntTest.serial_lazy_mapToIntSum_streams_ec,c6a814a505bdc3b5a3abd0cd498fd725caa18deb)",0,0,0,0,0,0,0,0,0,0,0,0,0,0,0,0,0,0,0,0,0,0,0,0,0,0,0,
"(org.eclipse.collections.impl.jmh.AllSatisfyTest.process_all_serial_eager_ec,c6a814a505bdc3b5a3abd0cd498fd725caa18deb)",0,0,0,0,0,0,0,0,0,0,0,0,0,0,0,0,0,0,0,0,0,0,0,0,0,0,0,
"(org.eclipse.collections.impl.jmh.AnagramSetTest.serial_eager_ec,c6a814a505bdc3b5a3abd0cd498fd725caa18deb)",0,0,0,0,0,0,0,0,0,0,0,0,0,0,0,0,0,0,0,0,0,0,0,0,0,0,0,
"(org.eclipse.collections.impl.jmh.SumOfIntTest.serial_eager_collectIntSum_ec,c6a814a505bdc3b5a3abd0cd498fd725caa18deb)",0,0,0,0,0,0,0,0,0,0,0,0,0,0,0,0,0,0,0,0,0,0,0,0,0,0,0,
"(org.eclipse.collections.impl.jmh.CollectTest.serial_eager_scala,c6a814a505bdc3b5a3abd0cd498fd725caa18deb)",0,0,0,0,0,0,0,0,0,0,0,0,0,0,0,0,0,0,0,0,0,0,0,0,0,0,0,
"(org.eclipse.collections.impl.jmh.PartitionTest.serial_lazy_jdk,c6a814a505bdc3b5a3abd0cd498fd725caa18deb)",0,0,0,0,0,0,0,0,0,0,0,0,0,0,0,0,0,0,0,0,0,0,0,0,0,0,0,
"(org.eclipse.collections.impl.jmh.IntIntMapSmallStressTest.jdkPut,c6a814a505bdc3b5a3abd0cd498fd725caa18deb)",0,0,0,0,0,0,0,0,0,0,0,0,0,0,0,0,0,0,0,0,0,0,0,0,0,0,0,
"(org.eclipse.collections.impl.jmh.MaxByDoubleTest.maxByMarketValue_parallel_lazy_ec,c6a814a505bdc3b5a3abd0cd498fd725caa18deb)",0,0,0,0,0,0,0,0,0,0,0,0,0,0,0,0,0,0,0,0,0,0,0,0,0,0,0,
"(org.eclipse.collections.impl.jmh.IntIntMapLargeStressTest.ecGet,c6a814a505bdc3b5a3abd0cd498fd725caa18deb)",0,0,0,0,0,0,0,0,0,0,0,0,0,0,0,0,0,0,0,0,0,0,0,0,0,0,0,
"(org.eclipse.collections.impl.jmh.SummarizeIntTest.serial_eager_summaryStatistics_intList,c6a814a505bdc3b5a3abd0cd498fd725caa18deb)",0,0,0,0,0,0,0,0,0,0,0,0,0,0,0,0,0,0,0,0,0,0,0,0,0,0,0,
"(org.eclipse.collections.impl.jmh.MinByDoubleTest.minByMarketValue_serial_lazy_collect_methodref_jdk,c6a814a505bdc3b5a3abd0cd498fd725caa18deb)",0,0,0,0,0,0,0,0,0,0,0,0,0,0,0,0,0,0,0,0,0,0,0,0,0,0,0,
"(org.eclipse.collections.impl.jmh.MaxByDoubleTest.maxByMarketValue_parallel_lazy_direct_lambda_jdk,c6a814a505bdc3b5a3abd0cd498fd725caa18deb)",0,0,0,0,0,0,0,0,0,0,0,0,0,0,0,0,0,0,0,0,0,0,0,0,0,0,0,
"(org.eclipse.collections.impl.jmh.AggregateByTest.aggregateByCategory_serial_lazy_ec,c6a814a505bdc3b5a3abd0cd498fd725caa18deb)",0,0,0,0,0,0,0,0,0,0,0,0,0,0,0,0,0,0,0,0,0,0,0,0,0,0,0,
"(org.eclipse.collections.impl.jmh.IntIntMapSmallStressTest.jdkRemove,c6a814a505bdc3b5a3abd0cd498fd725caa18deb)",0,0,0,0,0,0,0,0,0,0,0,0,0,0,0,0,0,0,0,0,0,0,0,0,0,0,0,
"(org.eclipse.collections.impl.jmh.GroupByListTest.groupBy_10000_keys_serial_lazy_streams_ec,c6a814a505bdc3b5a3abd0cd498fd725caa18deb)",0,0,0,0,0,0,0,0,0,0,0,0,0,0,0,0,0,0,0,0,0,0,0,0,0,0,0,
"(org.eclipse.collections.impl.jmh.MinTest.parallel_lazy_reverse_ec,c6a814a505bdc3b5a3abd0cd498fd725caa18deb)",0,0,0,0,0,0,0,0,0,0,0,0,0,0,0,0,0,0,0,0,0,0,0,0,0,0,0,
"(org.eclipse.collections.impl.jmh.AnagramBagTest.parallel_lazy_jdk,c6a814a505bdc3b5a3abd0cd498fd725caa18deb)",0,0,0,0,0,0,0,0,0,0,0,0,0,0,0,0,0,0,0,0,0,0,0,0,0,0,0,
"(org.eclipse.collections.impl.jmh.RejectTest.serial_lazy_jdk_lambda_not,c6a814a505bdc3b5a3abd0cd498fd725caa18deb)",0,0,0,0,0,0,0,0,0,0,0,0,0,0,0,0,0,0,0,0,0,0,0,0,0,0,0,
"(org.eclipse.collections.impl.jmh.SumByDoubleTest.sumByAccount_parallel_lazy_jdk,c6a814a505bdc3b5a3abd0cd498fd725caa18deb)",0,0,0,0,0,0,0,0,0,0,0,0,0,0,0,0,0,0,0,0,0,0,0,0,0,0,0,
"(org.eclipse.collections.impl.jmh.CollectorJoiningTest.serial_eager_primitiveMakeString_ec,c6a814a505bdc3b5a3abd0cd498fd725caa18deb)",0,0,0,0,0,0,0,0,0,0,0,0,0,0,0,0,0,0,0,0,0,0,0,0,0,0,0,
"(org.eclipse.collections.impl.jmh.set.sorted.SortedSetContainsTest.contains_immutable_ec,c6a814a505bdc3b5a3abd0cd498fd725caa18deb)",0,0,0,0,0,0,0,0,0,0,0,0,0,0,0,0,0,0,0,0,0,0,0,0,0,0,0,
"(org.eclipse.collections.impl.jmh.NoneSatisfyTest.short_circuit_middle_parallel_lazy_ec,c6a814a505bdc3b5a3abd0cd498fd725caa18deb)",0,0,0,0,0,0,0,0,0,0,0,0,0,0,0,0,0,0,0,0,0,0,0,0,0,0,0,
"(org.eclipse.collections.impl.jmh.NoneSatisfyTest.short_circuit_middle_serial_eager_ec,c6a814a505bdc3b5a3abd0cd498fd725caa18deb)",0,0,0,0,0,0,0,0,0,0,0,0,0,0,0,0,0,0,0,0,0,0,0,0,0,0,0,
"(org.eclipse.collections.impl.jmh.MaxTest.serial_lazy_ec,c6a814a505bdc3b5a3abd0cd498fd725caa18deb)",0,0,0,0,0,0,0,0,0,0,0,0,0,0,0,0,0,0,0,0,0,0,0,0,0,0,0,
"(org.eclipse.collections.impl.jmh.SumOfIntTest.parallel_lazy_mapToIntSum_streams_ec,c6a814a505bdc3b5a3abd0cd498fd725caa18deb)",0,0,0,0,0,0,0,0,0,0,0,0,0,0,0,0,0,0,0,0,0,0,0,0,0,0,0,
"(org.eclipse.collections.impl.jmh.MinByIntTest.minByQuantity_serial_lazy_collect_lambda_jdk,c6a814a505bdc3b5a3abd0cd498fd725caa18deb)",0,0,0,0,0,0,0,0,0,0,0,0,0,0,0,0,0,0,0,0,0,0,0,0,0,0,0,
"(org.eclipse.collections.impl.jmh.GroupBySetTest.groupBy_10000_keys_parallel_lazy_jdk,c6a814a505bdc3b5a3abd0cd498fd725caa18deb)",0,0,0,0,0,0,0,0,0,0,0,0,0,0,0,0,0,0,0,0,0,0,0,0,0,0,0,
"(org.eclipse.collections.impl.jmh.CollectTest.serial_eager_ec,c6a814a505bdc3b5a3abd0cd498fd725caa18deb)",0,0,0,0,0,0,0,0,0,0,0,0,0,0,0,0,0,0,0,0,0,0,0,0,0,0,0,
"(org.eclipse.collections.impl.jmh.CountSetTest.parallel_lazy_jdk,c6a814a505bdc3b5a3abd0cd498fd725caa18deb)",0,0,0,0,0,0,0,0,0,0,0,0,0,0,0,0,0,0,0,0,0,0,0,0,0,0,0,
"(org.eclipse.collections.impl.jmh.list.ListIterationTest.parallel_immutable_ec,c6a814a505bdc3b5a3abd0cd498fd725caa18deb)",0,0,0,0,0,0,0,0,0,0,0,0,0,0,0,0,0,0,0,0,0,0,0,0,0,0,0,
"(org.eclipse.collections.impl.jmh.LongIntMapTest.put,c6a814a505bdc3b5a3abd0cd498fd725caa18deb)",0,0,0,0,0,0,0,0,0,0,0,0,0,0,0,0,0,0,0,0,0,0,0,0,0,0,0,
"(org.eclipse.collections.impl.jmh.AnySatisfyTest.process_all_serial_lazy_jdk,c6a814a505bdc3b5a3abd0cd498fd725caa18deb)",0,0,0,0,0,0,0,0,0,0,0,0,0,0,0,0,0,0,0,0,0,0,0,0,0,0,0,
"(org.eclipse.collections.impl.jmh.FunctionalInterfaceSetTest.parallel_lazy_ec,c6a814a505bdc3b5a3abd0cd498fd725caa18deb)",0,0,0,0,0,0,0,0,0,0,0,0,0,0,0,0,0,0,0,0,0,0,0,0,0,0,0,
"(org.eclipse.collections.impl.jmh.AllSatisfyTest.short_circuit_middle_parallel_lazy_ec,c6a814a505bdc3b5a3abd0cd498fd725caa18deb)",0,0,0,0,0,0,0,0,0,0,0,0,0,0,0,0,0,0,0,0,0,0,0,0,0,0,0,
"(org.eclipse.collections.impl.jmh.list.ListIterationTest.serial_mutable_scala,c6a814a505bdc3b5a3abd0cd498fd725caa18deb)",0,0,0,0,0,0,0,0,0,0,0,0,0,0,0,0,0,0,0,0,0,0,0,0,0,0,0,
"(org.eclipse.collections.impl.jmh.PartitionTest.serial_eager_ec,c6a814a505bdc3b5a3abd0cd498fd725caa18deb)",0,0,0,0,0,0,0,0,0,0,0,0,0,0,0,0,0,0,0,0,0,0,0,0,0,0,0,
"(org.eclipse.collections.impl.jmh.AggregateByTest.aggregateByCategory_serial_lazy_jdk,c6a814a505bdc3b5a3abd0cd498fd725caa18deb)",0,0,0,0,0,0,0,0,0,0,0,0,0,0,0,0,0,0,0,0,0,0,0,0,0,0,0,
"(org.eclipse.collections.impl.jmh.AnagramListTest.serial_lazy_streams_ec,c6a814a505bdc3b5a3abd0cd498fd725caa18deb)",0,0,0,0,0,0,0,0,0,0,0,0,0,0,0,0,0,0,0,0,0,0,0,0,0,0,0,
"(org.eclipse.collections.impl.jmh.GroupBySetTest.groupBy_2_keys_serial_eager_scala,c6a814a505bdc3b5a3abd0cd498fd725caa18deb)",0,0,0,0,0,0,0,0,0,0,0,0,0,0,0,0,0,0,0,0,0,0,0,0,0,0,0,
"(org.eclipse.collections.impl.jmh.map.TroveMapPutTest.trove,c6a814a505bdc3b5a3abd0cd498fd725caa18deb)",0,0,0,0,0,0,0,0,0,0,0,0,0,0,0,0,0,0,0,0,0,0,0,0,0,0,0,
"(org.eclipse.collections.impl.jmh.FlatCollectTest.serial_lazy_ec,c6a814a505bdc3b5a3abd0cd498fd725caa18deb)",0,0,0,0,0,0,0,0,0,0,0,0,0,0,0,0,0,0,0,0,0,0,0,0,0,0,0,
"(org.eclipse.collections.impl.jmh.GroupBySetTest.groupBy_10000_keys_serial_lazy_streams_ec,c6a814a505bdc3b5a3abd0cd498fd725caa18deb)",0,0,0,0,0,0,0,0,0,0,0,0,0,0,0,0,0,0,0,0,0,0,0,0,0,0,0,
"(org.eclipse.collections.impl.jmh.map.KolobokeMutableMapGetTest.get,c6a814a505bdc3b5a3abd0cd498fd725caa18deb)",0,0,0,0,0,0,0,0,0,0,0,0,0,0,0,0,0,0,0,0,0,0,0,0,0,0,0,
"(org.eclipse.collections.impl.jmh.GroupBySetTest.groupBy_10000_keys_parallel_lazy_scala,c6a814a505bdc3b5a3abd0cd498fd725caa18deb)",0,0,0,0,0,0,0,0,0,0,0,0,0,0,0,0,0,0,0,0,0,0,0,0,0,0,0,
"(org.eclipse.collections.impl.jmh.map.ChainMapPutTest.scala,c6a814a505bdc3b5a3abd0cd498fd725caa18deb)",0,0,0,0,0,0,0,0,0,0,0,0,0,0,0,0,0,0,0,0,0,0,0,0,0,0,0,
"(org.eclipse.collections.impl.jmh.FunctionalInterfaceTest.parallel_lazy_scala,c6a814a505bdc3b5a3abd0cd498fd725caa18deb)",0,0,0,0,0,0,0,0,0,0,0,0,0,0,0,0,0,0,0,0,0,0,0,0,0,0,0,
"(org.eclipse.collections.impl.jmh.FunctionalInterfaceTest.serial_eager_ec,c6a814a505bdc3b5a3abd0cd498fd725caa18deb)",0,0,0,0,0,0,0,0,0,0,0,0,0,0,0,0,0,0,0,0,0,0,0,0,0,0,0,
"(org.eclipse.collections.impl.jmh.SumByDoubleTest.sumByAccount_serial_eager_ec,c6a814a505bdc3b5a3abd0cd498fd725caa18deb)",0,0,0,0,0,0,0,0,0,0,0,0,0,0,0,0,0,0,0,0,0,0,0,0,0,0,0,
"(org.eclipse.collections.impl.jmh.SumByDoubleTest.sumByProduct_parallel_lazy_jdk,c6a814a505bdc3b5a3abd0cd498fd725caa18deb)",0,0,0,0,0,0,0,0,0,0,0,0,0,0,0,0,0,0,0,0,0,0,0,0,0,0,0,
"(org.eclipse.collections.impl.jmh.SumOfDoubleTest.parallel_lazy_collectDoubleSum_jdk,c6a814a505bdc3b5a3abd0cd498fd725caa18deb)",0,0,0,0,0,0,0,0,0,0,0,0,0,0,0,0,0,0,0,0,0,0,0,0,0,0,0,
"(org.eclipse.collections.impl.jmh.map.TroveMutableMapGetTest.get,c6a814a505bdc3b5a3abd0cd498fd725caa18deb)",0,0,0,0,0,0,0,0,0,0,0,0,0,0,0,0,0,0,0,0,0,0,0,0,0,0,0,
"(org.eclipse.collections.impl.jmh.MinTest.parallel_lazy_intstream_jdk,c6a814a505bdc3b5a3abd0cd498fd725caa18deb)",0,0,0,0,0,0,0,0,0,0,0,0,0,0,0,0,0,0,0,0,0,0,0,0,0,0,0,
"(org.eclipse.collections.impl.jmh.SumOfIntTest.serial_eager_sum_intList,c6a814a505bdc3b5a3abd0cd498fd725caa18deb)",0,0,0,0,0,0,0,0,0,0,0,0,0,0,0,0,0,0,0,0,0,0,0,0,0,0,0,
"(org.eclipse.collections.impl.jmh.set.sorted.SortedSetIterationTest.parallel_mutable_ec,c6a814a505bdc3b5a3abd0cd498fd725caa18deb)",0,0,0,0,0,0,0,0,0,0,0,0,0,0,0,0,0,0,0,0,0,0,0,0,0,0,0,
"(org.eclipse.collections.impl.jmh.MaxByDoubleTest.maxByMarketValue_serial_lazy_collect_lambda_jdk,c6a814a505bdc3b5a3abd0cd498fd725caa18deb)",0,0,0,0,0,0,0,0,0,0,0,0,0,0,0,0,0,0,0,0,0,0,0,0,0,0,0,
"(org.eclipse.collections.impl.jmh.NoneSatisfyTest.process_none_serial_lazy_jdk,c6a814a505bdc3b5a3abd0cd498fd725caa18deb)",0,0,0,0,0,0,0,0,0,0,0,0,0,0,0,0,0,0,0,0,0,0,0,0,0,0,0,
"(org.eclipse.collections.impl.jmh.GroupByListTest.groupBy_100_keys_serial_lazy_scala,c6a814a505bdc3b5a3abd0cd498fd725caa18deb)",0,0,0,0,0,0,0,0,0,0,0,0,0,0,0,0,0,0,0,0,0,0,0,0,0,0,0,
"(org.eclipse.collections.impl.jmh.LongLongMapSmallStressTest.ecRemove,c6a814a505bdc3b5a3abd0cd498fd725caa18deb)",0,0,0,0,0,0,0,0,0,0,0,0,0,0,0,0,0,0,0,0,0,0,0,0,0,0,0,
"(org.eclipse.collections.impl.jmh.map.MapGrowthTest.mutableEcPut,c6a814a505bdc3b5a3abd0cd498fd725caa18deb)",0,0,0,0,0,0,0,0,0,0,0,0,0,0,0,0,0,0,0,0,0,0,0,0,0,0,0,
"(org.eclipse.collections.impl.jmh.FunctionalInterfaceSetTest.serial_eager_ec,c6a814a505bdc3b5a3abd0cd498fd725caa18deb)",0,0,0,0,0,0,0,0,0,0,0,0,0,0,0,0,0,0,0,0,0,0,0,0,0,0,0,
"(org.eclipse.collections.impl.jmh.MaxByDoubleTest.maxByMarketValue_serial_eager_ec,c6a814a505bdc3b5a3abd0cd498fd725caa18deb)",0,0,0,0,0,0,0,0,0,0,0,0,0,0,0,0,0,0,0,0,0,0,0,0,0,0,0,
"(org.eclipse.collections.impl.jmh.MaxByIntTest.maxByQuantity_parallel_lazy_collect_methodref_jdk,c6a814a505bdc3b5a3abd0cd498fd725caa18deb)",0,0,0,0,0,0,0,0,0,0,0,0,0,0,0,0,0,0,0,0,0,0,0,0,0,0,0,
"(org.eclipse.collections.impl.jmh.CollectorJoiningTest.serial_eager_collectToStringJoining_ec,c6a814a505bdc3b5a3abd0cd498fd725caa18deb)",0,0,0,0,0,0,0,0,0,0,0,0,0,0,0,0,0,0,0,0,0,0,0,0,0,0,0,
"(org.eclipse.collections.impl.jmh.GroupByListTest.groupBy_100_keys_serial_eager_scala,c6a814a505bdc3b5a3abd0cd498fd725caa18deb)",0,0,0,0,0,0,0,0,0,0,0,0,0,0,0,0,0,0,0,0,0,0,0,0,0,0,0,
"(org.eclipse.collections.impl.jmh.SummarizeIntTest.serial_lazy_summarizeInt_ec,c6a814a505bdc3b5a3abd0cd498fd725caa18deb)",0,0,0,0,0,0,0,0,0,0,0,0,0,0,0,0,0,0,0,0,0,0,0,0,0,0,0,
"(org.eclipse.collections.impl.jmh.map.MapGrowthTest.immutableScalaPut,c6a814a505bdc3b5a3abd0cd498fd725caa18deb)",0,0,0,0,0,0,0,0,0,0,0,0,0,0,0,0,0,0,0,0,0,0,0,0,0,0,0,
"(org.eclipse.collections.impl.jmh.GroupByListTest.groupBy_2_keys_serial_lazy_jdk,c6a814a505bdc3b5a3abd0cd498fd725caa18deb)",0,0,0,0,0,0,0,0,0,0,0,0,0,0,0,0,0,0,0,0,0,0,0,0,0,0,0,
"(org.eclipse.collections.impl.jmh.MaxByDoubleTest.maxByMarketValue_serial_lazy_collect_methodref_jdk,c6a814a505bdc3b5a3abd0cd498fd725caa18deb)",0,0,0,0,0,0,0,0,0,0,0,0,0,0,0,0,0,0,0,0,0,0,0,0,0,0,0,
"(org.eclipse.collections.impl.jmh.SumByDoubleTest.sumByProduct_serial_lazy_jdk,c6a814a505bdc3b5a3abd0cd498fd725caa18deb)",0,0,0,0,0,0,0,0,0,0,0,0,0,0,0,0,0,0,0,0,0,0,0,0,0,0,0,
"(org.eclipse.collections.impl.jmh.AggregateByTest.aggregateByProduct_parallel_eager_ec,c6a814a505bdc3b5a3abd0cd498fd725caa18deb)",0,0,0,0,0,0,0,0,0,0,0,0,0,0,0,0,0,0,0,0,0,0,0,0,0,0,0,
"(org.eclipse.collections.impl.jmh.AnagramSetTest.serial_lazy_streams_ec,c6a814a505bdc3b5a3abd0cd498fd725caa18deb)",0,0,0,0,0,0,0,0,0,0,0,0,0,0,0,0,0,0,0,0,0,0,0,0,0,0,0,
"(org.eclipse.collections.impl.jmh.MaxTest.serial_lazy_jdk,c6a814a505bdc3b5a3abd0cd498fd725caa18deb)",0,0,0,0,0,0,0,0,0,0,0,0,0,0,0,0,0,0,0,0,0,0,0,0,0,0,0,
"(org.eclipse.collections.impl.jmh.AnagramBagTest.parallel_lazy_ec,c6a814a505bdc3b5a3abd0cd498fd725caa18deb)",0,0,0,0,0,0,0,0,0,0,0,0,0,0,0,0,0,0,0,0,0,0,0,0,0,0,0,
"(org.eclipse.collections.impl.jmh.GroupByListTest.groupBy_2_keys_serial_lazy_ec,c6a814a505bdc3b5a3abd0cd498fd725caa18deb)",0,0,0,0,0,0,0,0,0,0,0,0,0,0,0,0,0,0,0,0,0,0,0,0,0,0,0,
"(org.eclipse.collections.impl.jmh.CollectIfTest.serial_lazy_ec,c6a814a505bdc3b5a3abd0cd498fd725caa18deb)",0,0,0,0,0,0,0,0,0,0,0,0,0,0,0,0,0,0,0,0,0,0,0,0,0,0,0,
"(org.eclipse.collections.impl.jmh.AggregateByTest.aggregateByProduct_parallel_lazy_ec,c6a814a505bdc3b5a3abd0cd498fd725caa18deb)",0,0,0,0,0,0,0,0,0,0,0,0,0,0,0,0,0,0,0,0,0,0,0,0,0,0,0,
"(org.eclipse.collections.impl.jmh.SumByDoubleTest.sumByAccount_serial_lazy_jdk,c6a814a505bdc3b5a3abd0cd498fd725caa18deb)",0,0,0,0,0,0,0,0,0,0,0,0,0,0,0,0,0,0,0,0,0,0,0,0,0,0,0,
"(org.eclipse.collections.impl.jmh.AnySatisfyTest.process_all_serial_lazy_streams_ec,c6a814a505bdc3b5a3abd0cd498fd725caa18deb)",0,0,0,0,0,0,0,0,0,0,0,0,0,0,0,0,0,0,0,0,0,0,0,0,0,0,0,
"(org.eclipse.collections.impl.jmh.GroupBySetTest.groupBy_unordered_lists_10000_keys_serial_eager_guava,c6a814a505bdc3b5a3abd0cd498fd725caa18deb)",0,0,0,0,0,0,0,0,0,0,0,0,0,0,0,0,0,0,0,0,0,0,0,0,0,0,0,
"(org.eclipse.collections.impl.jmh.MaxByIntTest.maxByQuantity_serial_lazy_collect_lambda_jdk,c6a814a505bdc3b5a3abd0cd498fd725caa18deb)",0,0,0,0,0,0,0,0,0,0,0,0,0,0,0,0,0,0,0,0,0,0,0,0,0,0,0,
"(org.eclipse.collections.impl.jmh.FunctionalInterfaceTest.serial_eager_scala,c6a814a505bdc3b5a3abd0cd498fd725caa18deb)",0,0,0,0,0,0,0,0,0,0,0,0,0,0,0,0,0,0,0,0,0,0,0,0,0,0,0,
"(org.eclipse.collections.impl.jmh.MinTest.serial_lazy_jdk,c6a814a505bdc3b5a3abd0cd498fd725caa18deb)",0,0,0,0,0,0,0,0,0,0,0,0,0,0,0,0,0,0,0,0,0,0,0,0,0,0,0,
"(org.eclipse.collections.impl.jmh.IntIntMapLargeStressTest.kolobokeRemove,c6a814a505bdc3b5a3abd0cd498fd725caa18deb)",0,0,0,0,0,0,0,0,0,0,0,0,0,0,0,0,0,0,0,0,0,0,0,0,0,0,0,
"(org.eclipse.collections.impl.jmh.SelectTest.parallel_lazy_jdk,c6a814a505bdc3b5a3abd0cd498fd725caa18deb)",0,0,0,0,0,0,0,0,0,0,0,0,0,0,0,0,0,0,0,0,0,0,0,0,0,0,0,
"(org.eclipse.collections.impl.jmh.IntIntMapSmallStressTest.kolobokeRemove,c6a814a505bdc3b5a3abd0cd498fd725caa18deb)",0,0,0,0,0,0,0,0,0,0,0,0,0,0,0,0,0,0,0,0,0,0,0,0,0,0,0,
"(org.eclipse.collections.impl.jmh.GroupBySetTest.groupBy_unordered_lists_10000_keys_serial_lazy_ec,c6a814a505bdc3b5a3abd0cd498fd725caa18deb)",0,0,0,0,0,0,0,0,0,0,0,0,0,0,0,0,0,0,0,0,0,0,0,0,0,0,0,
"(org.eclipse.collections.impl.jmh.SumOfIntTest.parallel_lazy_mapToIntSum_jdk,c6a814a505bdc3b5a3abd0cd498fd725caa18deb)",0,0,0,0,0,0,0,0,0,0,0,0,0,0,0,0,0,0,0,0,0,0,0,0,0,0,0,
"(org.eclipse.collections.impl.jmh.GroupBySetTest.groupBy_100_keys_parallel_lazy_scala,c6a814a505bdc3b5a3abd0cd498fd725caa18deb)",0,0,0,0,0,0,0,0,0,0,0,0,0,0,0,0,0,0,0,0,0,0,0,0,0,0,0,
"(org.eclipse.collections.impl.jmh.AggregateByTest.aggregateInPlaceByCategory_parallel_eager_ec,c6a814a505bdc3b5a3abd0cd498fd725caa18deb)",0,0,0,0,0,0,0,0,0,0,0,0,0,0,0,0,0,0,0,0,0,0,0,0,0,0,0,
"(org.eclipse.collections.impl.jmh.AggregateByTest.aggregateByAccount_serial_lazy_ec,c6a814a505bdc3b5a3abd0cd498fd725caa18deb)",0,0,0,0,0,0,0,0,0,0,0,0,0,0,0,0,0,0,0,0,0,0,0,0,0,0,0,
"(org.eclipse.collections.impl.jmh.CollectIfTest.parallel_lazy_streams_ec,c6a814a505bdc3b5a3abd0cd498fd725caa18deb)",0,0,0,0,0,0,0,0,0,0,0,0,0,0,0,0,0,0,0,0,0,0,0,0,0,0,0,
"(org.eclipse.collections.impl.jmh.GroupBySetTest.groupBy_10000_keys_parallel_lazy_ec,c6a814a505bdc3b5a3abd0cd498fd725caa18deb)",0,0,0,0,0,0,0,0,0,0,0,0,0,0,0,0,0,0,0,0,0,0,0,0,0,0,0,
"(org.eclipse.collections.impl.jmh.set.sorted.SortedSetIterationTest.parallel_immutable_ec,c6a814a505bdc3b5a3abd0cd498fd725caa18deb)",0,0,0,0,0,0,0,0,0,0,0,0,0,0,0,0,0,0,0,0,0,0,0,0,0,0,0,
"(org.eclipse.collections.impl.jmh.ListAddAllTest.jdk,c6a814a505bdc3b5a3abd0cd498fd725caa18deb)",0,0,0,0,0,0,0,0,0,0,0,0,0,0,0,0,0,0,0,0,0,0,0,0,0,0,0,
"(org.eclipse.collections.impl.jmh.SumOfDoubleTest.serial_eager_directSumOfDouble_ec,c6a814a505bdc3b5a3abd0cd498fd725caa18deb)",0,0,0,0,0,0,0,0,0,0,0,0,0,0,0,0,0,0,0,0,0,0,0,0,0,0,0,
"(org.eclipse.collections.impl.jmh.AnagramBagTest.parallel_eager_forkjoin_ec,c6a814a505bdc3b5a3abd0cd498fd725caa18deb)",0,0,0,0,0,0,0,0,0,0,0,0,0,0,0,0,0,0,0,0,0,0,0,0,0,0,0,
"(org.eclipse.collections.impl.jmh.CountSetTest.serial_lazy_scala,c6a814a505bdc3b5a3abd0cd498fd725caa18deb)",0,0,0,0,0,0,0,0,0,0,0,0,0,0,0,0,0,0,0,0,0,0,0,0,0,0,0,
"(org.eclipse.collections.impl.jmh.GroupByListTest.groupBy_10000_keys_serial_eager_ec,c6a814a505bdc3b5a3abd0cd498fd725caa18deb)",0,0,0,0,0,0,0,0,0,0,0,0,0,0,0,0,0,0,0,0,0,0,0,0,0,0,0,
"(org.eclipse.collections.impl.jmh.CollectTest.serial_lazy_jdk,c6a814a505bdc3b5a3abd0cd498fd725caa18deb)",0,0,0,0,0,0,0,0,0,0,0,0,0,0,0,0,0,0,0,0,0,0,0,0,0,0,0,
"(org.eclipse.collections.impl.jmh.AnySatisfyTest.short_circuit_middle_parallel_lazy_scala,c6a814a505bdc3b5a3abd0cd498fd725caa18deb)",0,0,0,0,0,0,0,0,0,0,0,0,0,0,0,0,0,0,0,0,0,0,0,0,0,0,0,
"(org.eclipse.collections.impl.jmh.MinByIntTest.minByQuantity_serial_lazy_ec,c6a814a505bdc3b5a3abd0cd498fd725caa18deb)",0,0,0,0,0,0,0,0,0,0,0,0,0,0,0,0,0,0,0,0,0,0,0,0,0,0,0,
"(org.eclipse.collections.impl.jmh.IntIntMapSmallStressTest.ecPut,c6a814a505bdc3b5a3abd0cd498fd725caa18deb)",0,0,0,0,0,0,0,0,0,0,0,0,0,0,0,0,0,0,0,0,0,0,0,0,0,0,0,
"(org.eclipse.collections.impl.jmh.SumByDoubleTest.sumByCategory_parallel_lazy_jdk,c6a814a505bdc3b5a3abd0cd498fd725caa18deb)",0,0,0,0,0,0,0,0,0,0,0,0,0,0,0,0,0,0,0,0,0,0,0,0,0,0,0,
"(org.eclipse.collections.impl.jmh.SelectTest.parallel_eager_ec,c6a814a505bdc3b5a3abd0cd498fd725caa18deb)",0,0,0,0,0,0,0,0,0,0,0,0,0,0,0,0,0,0,0,0,0,0,0,0,0,0,0,
"(org.eclipse.collections.impl.jmh.set.sorted.SortedSetIterationTest.serial_mutable_ec,c6a814a505bdc3b5a3abd0cd498fd725caa18deb)",0,0,0,0,0,0,0,0,0,0,0,0,0,0,0,0,0,0,0,0,0,0,0,0,0,0,0,
"(org.eclipse.collections.impl.jmh.CountSetTest.parallel_lazy_streams_ec,c6a814a505bdc3b5a3abd0cd498fd725caa18deb)",0,0,0,0,0,0,0,0,0,0,0,0,0,0,0,0,0,0,0,0,0,0,0,0,0,0,0,
"(org.eclipse.collections.impl.jmh.set.sorted.SortedSetIterationTest.serial_immutable_ec,c6a814a505bdc3b5a3abd0cd498fd725caa18deb)",0,0,0,0,0,0,0,0,0,0,0,0,0,0,0,0,0,0,0,0,0,0,0,0,0,0,0,
"(org.eclipse.collections.impl.jmh.CollectorJoiningTest.parallel_lazy_makeString_ec,c6a814a505bdc3b5a3abd0cd498fd725caa18deb)",0,0,0,0,0,0,0,0,0,0,0,0,0,0,0,0,0,0,0,0,0,0,0,0,0,0,0,
"(org.eclipse.collections.impl.jmh.AggregateByTest.aggregateInPlaceByAccount_parallel_lazy_ec,c6a814a505bdc3b5a3abd0cd498fd725caa18deb)",0,0,0,0,0,0,0,0,0,0,0,0,0,0,0,0,0,0,0,0,0,0,0,0,0,0,0,
"(org.eclipse.collections.impl.jmh.MinByIntTest.minByQuantity_serial_lazy_direct_lambda_jdk,c6a814a505bdc3b5a3abd0cd498fd725caa18deb)",0,0,0,0,0,0,0,0,0,0,0,0,0,0,0,0,0,0,0,0,0,0,0,0,0,0,0,
"(org.eclipse.collections.impl.jmh.CollectorJoiningTest.serial_lazy_mapToStringJoining_jdk,c6a814a505bdc3b5a3abd0cd498fd725caa18deb)",0,0,0,0,0,0,0,0,0,0,0,0,0,0,0,0,0,0,0,0,0,0,0,0,0,0,0,
"(org.eclipse.collections.impl.jmh.GroupByListTest.groupBy_100_keys_serial_lazy_jdk,c6a814a505bdc3b5a3abd0cd498fd725caa18deb)",0,0,0,0,0,0,0,0,0,0,0,0,0,0,0,0,0,0,0,0,0,0,0,0,0,0,0,
"(org.eclipse.collections.impl.jmh.SumByDoubleTest.sumByAccount_parallel_eager_ec,c6a814a505bdc3b5a3abd0cd498fd725caa18deb)",0,0,0,0,0,0,0,0,0,0,0,0,0,0,0,0,0,0,0,0,0,0,0,0,0,0,0,
"(org.eclipse.collections.impl.jmh.FunctionalInterfaceTest.serial_lazy_ec,c6a814a505bdc3b5a3abd0cd498fd725caa18deb)",0,0,0,0,0,0,0,0,0,0,0,0,0,0,0,0,0,0,0,0,0,0,0,0,0,0,0,
"(org.eclipse.collections.impl.jmh.SumByBigDecimalTest.sumByBigDecimalCategory_serial_eager_ec,c6a814a505bdc3b5a3abd0cd498fd725caa18deb)",0,0,0,0,0,0,0,0,0,0,0,0,0,0,0,0,0,0,0,0,0,0,0,0,0,0,0,
"(org.eclipse.collections.impl.jmh.CollectTest.parallel_lazy_scala,c6a814a505bdc3b5a3abd0cd498fd725caa18deb)",0,0,0,0,0,0,0,0,0,0,0,0,0,0,0,0,0,0,0,0,0,0,0,0,0,0,0,
"(org.eclipse.collections.impl.jmh.NoneSatisfyTest.short_circuit_middle_serial_lazy_ec,c6a814a505bdc3b5a3abd0cd498fd725caa18deb)",0,0,0,0,0,0,0,0,0,0,0,0,0,0,0,0,0,0,0,0,0,0,0,0,0,0,0,
"(org.eclipse.collections.impl.jmh.IntIntMapSmallStressTest.kolobokeGet,c6a814a505bdc3b5a3abd0cd498fd725caa18deb)",0,0,0,0,0,0,0,0,0,0,0,0,0,0,0,0,0,0,0,0,0,0,0,0,0,0,0,
"(org.eclipse.collections.impl.jmh.CollectTest.serial_lazy_ec,c6a814a505bdc3b5a3abd0cd498fd725caa18deb)",0,0,0,0,0,0,0,0,0,0,0,0,0,0,0,0,0,0,0,0,0,0,0,0,0,0,0,
"(org.eclipse.collections.impl.jmh.LongIntMapTest.remove,c6a814a505bdc3b5a3abd0cd498fd725caa18deb)",0,0,0,0,0,0,0,0,0,0,0,0,0,0,0,0,0,0,0,0,0,0,0,0,0,0,0,
"(org.eclipse.collections.impl.jmh.AnagramBagTest.serial_lazy_streams_ec,c6a814a505bdc3b5a3abd0cd498fd725caa18deb)",0,0,0,0,0,0,0,0,0,0,0,0,0,0,0,0,0,0,0,0,0,0,0,0,0,0,0,
"(org.eclipse.collections.impl.jmh.CountSetTest.serial_lazy_ec,c6a814a505bdc3b5a3abd0cd498fd725caa18deb)",0,0,0,0,0,0,0,0,0,0,0,0,0,0,0,0,0,0,0,0,0,0,0,0,0,0,0,
"(org.eclipse.collections.impl.jmh.CollectIfTest.serial_lazy_streams_ec,c6a814a505bdc3b5a3abd0cd498fd725caa18deb)",0,0,0,0,0,0,0,0,0,0,0,0,0,0,0,0,0,0,0,0,0,0,0,0,0,0,0,
"(org.eclipse.collections.impl.jmh.CountSetTest.parallel_lazy_ec,c6a814a505bdc3b5a3abd0cd498fd725caa18deb)",0,0,0,0,0,0,0,0,0,0,0,0,0,0,0,0,0,0,0,0,0,0,0,0,0,0,0,
"(org.eclipse.collections.impl.jmh.map.ScalaImmutableMapGetTest.get,c6a814a505bdc3b5a3abd0cd498fd725caa18deb)",0,0,0,0,0,0,0,0,0,0,0,0,0,0,0,0,0,0,0,0,0,0,0,0,0,0,0,
"(org.eclipse.collections.impl.jmh.AnySatisfyTest.short_circuit_middle_serial_eager_scala,c6a814a505bdc3b5a3abd0cd498fd725caa18deb)",0,0,0,0,0,0,0,0,0,0,0,0,0,0,0,0,0,0,0,0,0,0,0,0,0,0,0,
"(org.eclipse.collections.impl.jmh.map.ChainMapPutTest.ec,c6a814a505bdc3b5a3abd0cd498fd725caa18deb)",0,0,0,0,0,0,0,0,0,0,0,0,0,0,0,0,0,0,0,0,0,0,0,0,0,0,0,
"(org.eclipse.collections.impl.jmh.AggregateByTest.aggregateByAccount_parallel_eager_ec,c6a814a505bdc3b5a3abd0cd498fd725caa18deb)",0,0,0,0,0,0,0,0,0,0,0,0,0,0,0,0,0,0,0,0,0,0,0,0,0,0,0,
"(org.eclipse.collections.impl.jmh.FunctionalInterfaceTest.parallel_lazy_ec_hand_coded,c6a814a505bdc3b5a3abd0cd498fd725caa18deb)",0,0,0,0,0,0,0,0,0,0,0,0,0,0,0,0,0,0,0,0,0,0,0,0,0,0,0,
"(org.eclipse.collections.impl.jmh.SumByDoubleTest.sumByProduct_parallel_lazy_streams_ec,c6a814a505bdc3b5a3abd0cd498fd725caa18deb)",0,0,0,0,0,0,0,0,0,0,0,0,0,0,0,0,0,0,0,0,0,0,0,0,0,0,0,
"(org.eclipse.collections.impl.jmh.AnagramListTest.parallel_lazy_streams_ec,c6a814a505bdc3b5a3abd0cd498fd725caa18deb)",0,0,0,0,0,0,0,0,0,0,0,0,0,0,0,0,0,0,0,0,0,0,0,0,0,0,0,
"(org.eclipse.collections.impl.jmh.CountSetTest.serial_eager_scala,c6a814a505bdc3b5a3abd0cd498fd725caa18deb)",0,0,0,0,0,0,0,0,0,0,0,0,0,0,0,0,0,0,0,0,0,0,0,0,0,0,0,
"(org.eclipse.collections.impl.jmh.LongLongMapLargeStressTest.ecPut,c6a814a505bdc3b5a3abd0cd498fd725caa18deb)",0,0,0,0,0,0,0,0,0,0,0,0,0,0,0,0,0,0,0,0,0,0,0,0,0,0,0,
"(org.eclipse.collections.impl.jmh.GroupBySetTest.groupBy_10000_keys_serial_lazy_jdk,c6a814a505bdc3b5a3abd0cd498fd725caa18deb)",0,0,0,0,0,0,0,0,0,0,0,0,0,0,0,0,0,0,0,0,0,0,0,0,0,0,0,
"(org.eclipse.collections.impl.jmh.GroupBySetTest.groupBy_100_keys_serial_lazy_jdk,c6a814a505bdc3b5a3abd0cd498fd725caa18deb)",0,0,0,0,0,0,0,0,0,0,0,0,0,0,0,0,0,0,0,0,0,0,0,0,0,0,0,
"(org.eclipse.collections.impl.jmh.MaxTest.parallel_lazy_ec,c6a814a505bdc3b5a3abd0cd498fd725caa18deb)",0,0,0,0,0,0,0,0,0,0,0,0,0,0,0,0,0,0,0,0,0,0,0,0,0,0,0,
"(org.eclipse.collections.impl.jmh.AggregateByTest.aggregateByAccount_parallel_lazy_streams_ec,c6a814a505bdc3b5a3abd0cd498fd725caa18deb)",0,0,0,0,0,0,0,0,0,0,0,0,0,0,0,0,0,0,0,0,0,0,0,0,0,0,0,
"(org.eclipse.collections.impl.jmh.GroupBySetTest.groupBy_100_keys_parallel_lazy_jdk,c6a814a505bdc3b5a3abd0cd498fd725caa18deb)",0,0,0,0,0,0,0,0,0,0,0,0,0,0,0,0,0,0,0,0,0,0,0,0,0,0,0,
"(org.eclipse.collections.impl.jmh.AnySatisfyTest.short_circuit_middle_serial_eager_ec,c6a814a505bdc3b5a3abd0cd498fd725caa18deb)",0,0,0,0,0,0,0,0,0,0,0,0,0,0,0,0,0,0,0,0,0,0,0,0,0,0,0,
"(org.eclipse.collections.impl.jmh.AllSatisfyTest.short_circuit_middle_serial_lazy_streams_ec,c6a814a505bdc3b5a3abd0cd498fd725caa18deb)",0,0,0,0,0,0,0,0,0,0,0,0,0,0,0,0,0,0,0,0,0,0,0,0,0,0,0,
"(org.eclipse.collections.impl.jmh.GroupByListTest.groupBy_10000_keys_serial_lazy_scala,c6a814a505bdc3b5a3abd0cd498fd725caa18deb)",0,0,0,0,0,0,0,0,0,0,0,0,0,0,0,0,0,0,0,0,0,0,0,0,0,0,0,
"(org.eclipse.collections.impl.jmh.GroupByListTest.groupBy_100_keys_serial_lazy_ec,c6a814a505bdc3b5a3abd0cd498fd725caa18deb)",0,0,0,0,0,0,0,0,0,0,0,0,0,0,0,0,0,0,0,0,0,0,0,0,0,0,0,
"(org.eclipse.collections.impl.jmh.GroupBySetTest.groupBy_unordered_lists_100_keys_serial_lazy_ec,c6a814a505bdc3b5a3abd0cd498fd725caa18deb)",0,0,0,0,0,0,0,0,0,0,0,0,0,0,0,0,0,0,0,0,0,0,0,0,0,0,0,
"(org.eclipse.collections.impl.jmh.MinByIntTest.minByQuantity_parallel_lazy_collect_lambda_jdk,c6a814a505bdc3b5a3abd0cd498fd725caa18deb)",0,0,0,0,0,0,0,0,0,0,0,0,0,0,0,0,0,0,0,0,0,0,0,0,0,0,0,
"(org.eclipse.collections.impl.jmh.NoneSatisfyTest.process_none_serial_eager_ec,c6a814a505bdc3b5a3abd0cd498fd725caa18deb)",0,0,0,0,0,0,0,0,0,0,0,0,0,0,0,0,0,0,0,0,0,0,0,0,0,0,0,
"(org.eclipse.collections.impl.jmh.CountTest.parallel_lazy_jdk,c6a814a505bdc3b5a3abd0cd498fd725caa18deb)",0,0,0,0,0,0,0,0,0,0,0,0,0,0,0,0,0,0,0,0,0,0,0,0,0,0,0,
"(org.eclipse.collections.impl.jmh.PartitionTest.serial_lazy_streams_ec,c6a814a505bdc3b5a3abd0cd498fd725caa18deb)",0,0,0,0,0,0,0,0,0,0,0,0,0,0,0,0,0,0,0,0,0,0,0,0,0,0,0,
"(org.eclipse.collections.impl.jmh.SumByBigDecimalTest.sumByBigDecimalCategory_parallel_eager_ec,c6a814a505bdc3b5a3abd0cd498fd725caa18deb)",0,0,0,0,0,0,0,0,0,0,0,0,0,0,0,0,0,0,0,0,0,0,0,0,0,0,0,
"(org.eclipse.collections.impl.jmh.IntIntMapLargeStressTest.kolobokePut,c6a814a505bdc3b5a3abd0cd498fd725caa18deb)",0,0,0,0,0,0,0,0,0,0,0,0,0,0,0,0,0,0,0,0,0,0,0,0,0,0,0,
"(org.eclipse.collections.impl.jmh.MaxByDoubleTest.maxByMarketValue_serial_lazy_ec,c6a814a505bdc3b5a3abd0cd498fd725caa18deb)",0,0,0,0,0,0,0,0,0,0,0,0,0,0,0,0,0,0,0,0,0,0,0,0,0,0,0,
"(org.eclipse.collections.impl.jmh.MinTest.parallel_lazy_streams_ec,c6a814a505bdc3b5a3abd0cd498fd725caa18deb)",0,0,0,0,0,0,0,0,0,0,0,0,0,0,0,0,0,0,0,0,0,0,0,0,0,0,0,
"(org.eclipse.collections.impl.jmh.CollectTest.parallel_lazy_streams_ec,c6a814a505bdc3b5a3abd0cd498fd725caa18deb)",0,0,0,0,0,0,0,0,0,0,0,0,0,0,0,0,0,0,0,0,0,0,0,0,0,0,0,
"(org.eclipse.collections.impl.jmh.CountTest.serial_lazy_scala,c6a814a505bdc3b5a3abd0cd498fd725caa18deb)",0,0,0,0,0,0,0,0,0,0,0,0,0,0,0,0,0,0,0,0,0,0,0,0,0,0,0,
"(org.eclipse.collections.impl.jmh.MaxTest.parallel_lazy_reverse_ec,c6a814a505bdc3b5a3abd0cd498fd725caa18deb)",0,0,0,0,0,0,0,0,0,0,0,0,0,0,0,0,0,0,0,0,0,0,0,0,0,0,0,
"(org.eclipse.collections.impl.jmh.MinByDoubleTest.minByMarketValue_parallel_lazy_collect_methodref_jdk,c6a814a505bdc3b5a3abd0cd498fd725caa18deb)",0,0,0,0,0,0,0,0,0,0,0,0,0,0,0,0,0,0,0,0,0,0,0,0,0,0,0,
"(org.eclipse.collections.impl.jmh.MinTest.serial_lazy_intstream_jdk,c6a814a505bdc3b5a3abd0cd498fd725caa18deb)",0,0,0,0,0,0,0,0,0,0,0,0,0,0,0,0,0,0,0,0,0,0,0,0,0,0,0,
"(org.eclipse.collections.impl.jmh.PartitionTest.serial_lazy_ec,c6a814a505bdc3b5a3abd0cd498fd725caa18deb)",0,0,0,0,0,0,0,0,0,0,0,0,0,0,0,0,0,0,0,0,0,0,0,0,0,0,0,
"(org.eclipse.collections.impl.jmh.SelectTest.serial_lazy_ec,c6a814a505bdc3b5a3abd0cd498fd725caa18deb)",0,0,0,0,0,0,0,0,0,0,0,0,0,0,0,0,0,0,0,0,0,0,0,0,0,0,0,
"(org.eclipse.collections.impl.jmh.SumOfIntTest.serial_lazy_collectIntSum_ec,c6a814a505bdc3b5a3abd0cd498fd725caa18deb)",0,0,0,0,0,0,0,0,0,0,0,0,0,0,0,0,0,0,0,0,0,0,0,0,0,0,0,
"(org.eclipse.collections.impl.jmh.AnySatisfyTest.short_circuit_middle_parallel_lazy_jdk,c6a814a505bdc3b5a3abd0cd498fd725caa18deb)",0,0,0,0,0,0,0,0,0,0,0,0,0,0,0,0,0,0,0,0,0,0,0,0,0,0,0,
"(org.eclipse.collections.impl.jmh.MaxByDoubleTest.maxByMarketValue_serial_lazy_direct_lambda_jdk,c6a814a505bdc3b5a3abd0cd498fd725caa18deb)",0,0,0,0,0,0,0,0,0,0,0,0,0,0,0,0,0,0,0,0,0,0,0,0,0,0,0,
"(org.eclipse.collections.impl.jmh.CountTest.serial_lazy_ec,c6a814a505bdc3b5a3abd0cd498fd725caa18deb)",0,0,0,0,0,0,0,0,0,0,0,0,0,0,0,0,0,0,0,0,0,0,0,0,0,0,0,
"(org.eclipse.collections.impl.jmh.GroupBySetTest.groupBy_100_keys_serial_lazy_streams_ec,c6a814a505bdc3b5a3abd0cd498fd725caa18deb)",0,0,0,0,0,0,0,0,0,0,0,0,0,0,0,0,0,0,0,0,0,0,0,0,0,0,0,
"(org.eclipse.collections.impl.jmh.SumByDoubleTest.sumByCategory_serial_lazy_streams_ec,c6a814a505bdc3b5a3abd0cd498fd725caa18deb)",0,0,0,0,0,0,0,0,0,0,0,0,0,0,0,0,0,0,0,0,0,0,0,0,0,0,0,
"(org.eclipse.collections.impl.jmh.ListEqualTest.ec,c6a814a505bdc3b5a3abd0cd498fd725caa18deb)",0,0,0,0,0,0,0,0,0,0,0,0,0,0,0,0,0,0,0,0,0,0,0,0,0,0,0,
"(org.eclipse.collections.impl.jmh.AnagramSetTest.parallel_lazy_jdk,c6a814a505bdc3b5a3abd0cd498fd725caa18deb)",0,0,0,0,0,0,0,0,0,0,0,0,0,0,0,0,0,0,0,0,0,0,0,0,0,0,0,
"(org.eclipse.collections.impl.jmh.SumByBigDecimalTest.sumByBigDecimalAccount_serial_eager_ec,c6a814a505bdc3b5a3abd0cd498fd725caa18deb)",0,0,0,0,0,0,0,0,0,0,0,0,0,0,0,0,0,0,0,0,0,0,0,0,0,0,0,
"(org.eclipse.collections.impl.jmh.CountSetTest.parallel_eager_ec,c6a814a505bdc3b5a3abd0cd498fd725caa18deb)",0,0,0,0,0,0,0,0,0,0,0,0,0,0,0,0,0,0,0,0,0,0,0,0,0,0,0,
"(org.eclipse.collections.impl.jmh.MaxByIntTest.maxByQuantity_serial_eager_ec,c6a814a505bdc3b5a3abd0cd498fd725caa18deb)",0,0,0,0,0,0,0,0,0,0,0,0,0,0,0,0,0,0,0,0,0,0,0,0,0,0,0,
"(org.eclipse.collections.impl.jmh.SumByDoubleTest.sumByAccount_parallel_lazy_streams_ec,c6a814a505bdc3b5a3abd0cd498fd725caa18deb)",0,0,0,0,0,0,0,0,0,0,0,0,0,0,0,0,0,0,0,0,0,0,0,0,0,0,0,
"(org.eclipse.collections.impl.jmh.set.sorted.SortedSetContainsTest.contains_mutable_scala,c6a814a505bdc3b5a3abd0cd498fd725caa18deb)",0,0,0,0,0,0,0,0,0,0,0,0,0,0,0,0,0,0,0,0,0,0,0,0,0,0,0,
"(org.eclipse.collections.impl.jmh.map.KolobokeMapPutTest.koloboke,c6a814a505bdc3b5a3abd0cd498fd725caa18deb)",0,0,0,0,0,0,0,0,0,0,0,0,0,0,0,0,0,0,0,0,0,0,0,0,0,0,0,
"(org.eclipse.collections.impl.jmh.SumOfDoubleTest.serial_lazy_directSumOfDouble_ec,d613da2f751a0593fc53c8cc66152aeae4dab32e)",0,0,0,0,0,0,0,0,0,0,0,0,0,0,0,0,0,0,0,0,0,0,0,0,0,0,0,
"(org.eclipse.collections.impl.jmh.IntIntMapSmallStressTest.ecGet,d613da2f751a0593fc53c8cc66152aeae4dab32e)",0,0,0,0,0,0,0,0,0,0,0,0,0,0,0,0,0,0,0,0,0,0,0,0,0,0,0,
"(org.eclipse.collections.impl.jmh.FunctionalInterfaceTest.parallel_lazy_ec,d613da2f751a0593fc53c8cc66152aeae4dab32e)",0,0,0,0,0,0,0,0,0,0,0,0,0,0,0,0,0,0,0,0,0,0,0,0,0,0,0,
"(org.eclipse.collections.impl.jmh.LongLongMapSmallStressTest.kolobokeGet,d613da2f751a0593fc53c8cc66152aeae4dab32e)",0,0,0,0,0,0,0,0,0,0,0,0,0,0,0,0,0,0,0,0,0,0,0,0,0,0,0,
"(org.eclipse.collections.impl.jmh.SumOfDoubleTest.serial_lazy_collectDoubleSum_jdk,d613da2f751a0593fc53c8cc66152aeae4dab32e)",0,0,0,0,0,0,0,0,0,0,0,0,0,0,0,0,0,0,0,0,0,0,0,0,0,0,0,
"(org.eclipse.collections.impl.jmh.set.sorted.SortedSetContainsTest.contains_mutable_ec,d613da2f751a0593fc53c8cc66152aeae4dab32e)",0,0,0,0,0,0,0,0,0,0,0,0,0,0,0,0,0,0,0,0,0,0,0,0,0,0,0,
"(org.eclipse.collections.impl.jmh.MinByDoubleTest.minByMarketValue_serial_lazy_collect_lambda_jdk,d613da2f751a0593fc53c8cc66152aeae4dab32e)",0,0,0,0,0,0,0,0,0,0,0,0,0,0,0,0,0,0,0,0,0,0,0,0,0,0,0,
"(org.eclipse.collections.impl.jmh.GroupByListTest.groupBy_100_keys_serial_eager_guava,d613da2f751a0593fc53c8cc66152aeae4dab32e)",0,0,0,0,0,0,0,0,0,0,0,0,0,0,0,0,0,0,0,0,0,0,0,0,0,0,0,
"(org.eclipse.collections.impl.jmh.AnagramSetTest.parallel_lazy_ec,d613da2f751a0593fc53c8cc66152aeae4dab32e)",0,0,0,0,0,0,0,0,0,0,0,0,0,0,0,0,0,0,0,0,0,0,0,0,0,0,0,
"(org.eclipse.collections.impl.jmh.MaxByIntTest.maxByQuantity_parallel_lazy_direct_lambda_jdk,d613da2f751a0593fc53c8cc66152aeae4dab32e)",0,0,0,0,0,0,0,0,0,0,0,0,0,0,0,0,0,0,0,0,0,0,0,0,0,0,0,
"(org.eclipse.collections.impl.jmh.MinTest.serial_eager_ec,d613da2f751a0593fc53c8cc66152aeae4dab32e)",0,0,0,0,0,0,0,0,0,0,0,0,0,0,0,0,0,0,0,0,0,0,0,0,0,0,0,
"(org.eclipse.collections.impl.jmh.GroupBySetTest.groupBy_2_keys_parallel_lazy_ec,d613da2f751a0593fc53c8cc66152aeae4dab32e)",0,0,0,0,0,0,0,0,0,0,0,0,0,0,0,0,0,0,0,0,0,0,0,0,0,0,0,
"(org.eclipse.collections.impl.jmh.AggregateByTest.aggregateByAccount_parallel_lazy_ec,d613da2f751a0593fc53c8cc66152aeae4dab32e)",0,0,0,0,0,0,0,0,0,0,0,0,0,0,0,0,0,0,0,0,0,0,0,0,0,0,0,
"(org.eclipse.collections.impl.jmh.CollectTest.parallel_lazy_jdk,d613da2f751a0593fc53c8cc66152aeae4dab32e)",0,0,0,0,0,0,0,0,0,0,0,0,0,0,0,0,0,0,0,0,0,0,0,0,0,0,0,
"(org.eclipse.collections.impl.jmh.IntIntMapTest.put,d613da2f751a0593fc53c8cc66152aeae4dab32e)",0,0,0,0,0,0,0,0,0,0,0,0,0,0,0,0,0,0,0,0,0,0,0,0,0,0,0,
"(org.eclipse.collections.impl.jmh.RejectTest.serial_lazy_streams_ec_lambda_negate,d613da2f751a0593fc53c8cc66152aeae4dab32e)",0,0,0,0,0,0,0,0,0,0,0,0,0,0,0,0,0,0,0,0,0,0,0,0,0,0,0,
"(org.eclipse.collections.impl.jmh.AggregateByTest.aggregateByProduct_serial_lazy_ec,d613da2f751a0593fc53c8cc66152aeae4dab32e)",0,0,0,0,0,0,0,0,0,0,0,0,0,0,0,0,0,0,0,0,0,0,0,0,0,0,0,
"(org.eclipse.collections.impl.jmh.IntIntMapLargeStressTest.jdkGet,d613da2f751a0593fc53c8cc66152aeae4dab32e)",0,0,0,0,0,0,0,0,0,0,0,0,0,0,0,0,0,0,0,0,0,0,0,0,0,0,0,
"(org.eclipse.collections.impl.jmh.GroupByListTest.groupBy_100_keys_serial_eager_ec,d613da2f751a0593fc53c8cc66152aeae4dab32e)",0,0,0,0,0,0,0,0,0,0,0,0,0,0,0,0,0,0,0,0,0,0,0,0,0,0,0,
"(org.eclipse.collections.impl.jmh.AggregateByTest.aggregateByProduct_serial_eager_ec,d613da2f751a0593fc53c8cc66152aeae4dab32e)",0,0,0,0,0,0,0,0,0,0,0,0,0,0,0,0,0,0,0,0,0,0,0,0,0,0,0,
"(org.eclipse.collections.impl.jmh.MaxTest.serial_lazy_intstream_jdk,d613da2f751a0593fc53c8cc66152aeae4dab32e)",0,0,0,0,0,0,0,0,0,0,0,0,0,0,0,0,0,0,0,0,0,0,0,0,0,0,0,
"(org.eclipse.collections.impl.jmh.FlatCollectTest.serial_lazy_jdk,d613da2f751a0593fc53c8cc66152aeae4dab32e)",0,0,0,0,0,0,0,0,0,0,0,0,0,0,0,0,0,0,0,0,0,0,0,0,0,0,0,
"(org.eclipse.collections.impl.jmh.GroupBySetTest.groupBy_unordered_lists_2_keys_serial_eager_guava,d613da2f751a0593fc53c8cc66152aeae4dab32e)",0,0,0,0,0,0,0,0,0,0,0,0,0,0,0,0,0,0,0,0,0,0,0,0,0,0,0,
"(org.eclipse.collections.impl.jmh.AnagramListTest.parallel_eager_forkjoin_ec,d613da2f751a0593fc53c8cc66152aeae4dab32e)",0,0,0,0,0,0,0,0,0,0,0,0,0,0,0,0,0,0,0,0,0,0,0,0,0,0,0,
"(org.eclipse.collections.impl.jmh.AnySatisfyTest.process_all_serial_lazy_ec,d613da2f751a0593fc53c8cc66152aeae4dab32e)",0,0,0,0,0,0,0,0,0,0,0,0,0,0,0,0,0,0,0,0,0,0,0,0,0,0,0,
"(org.eclipse.collections.impl.jmh.FunctionalInterfaceSetTest.serial_lazy_jdk,d613da2f751a0593fc53c8cc66152aeae4dab32e)",0,0,0,0,0,0,0,0,0,0,0,0,0,0,0,0,0,0,0,0,0,0,0,0,0,0,0,
"(org.eclipse.collections.impl.jmh.MaxByIntTest.maxByQuantity_serial_lazy_direct_lambda_jdk,d613da2f751a0593fc53c8cc66152aeae4dab32e)",0,0,0,0,0,0,0,0,0,0,0,0,0,0,0,0,0,0,0,0,0,0,0,0,0,0,0,
"(org.eclipse.collections.impl.jmh.MaxTest.parallel_lazy_intstream_jdk,d613da2f751a0593fc53c8cc66152aeae4dab32e)",0,0,0,0,0,0,0,0,0,0,0,0,0,0,0,0,0,0,0,0,0,0,0,0,0,0,0,
"(org.eclipse.collections.impl.jmh.SumOfDoubleTest.serial_lazy_collectDoubleSum_ec,d613da2f751a0593fc53c8cc66152aeae4dab32e)",0,0,0,0,0,0,0,0,0,0,0,0,0,0,0,0,0,0,0,0,0,0,0,0,0,0,0,
"(org.eclipse.collections.impl.jmh.AggregateByTest.aggregateByCategory_serial_eager_ec,d613da2f751a0593fc53c8cc66152aeae4dab32e)",0,0,0,0,0,0,0,0,0,0,0,0,0,0,0,0,0,0,0,0,0,0,0,0,0,0,0,
"(org.eclipse.collections.impl.jmh.IntIntMapTest.get,d613da2f751a0593fc53c8cc66152aeae4dab32e)",0,0,0,0,0,0,0,0,0,0,0,0,0,0,0,0,0,0,0,0,0,0,0,0,0,0,0,
"(org.eclipse.collections.impl.jmh.AggregateByTest.aggregateInPlaceByProduct_serial_eager_ec,d613da2f751a0593fc53c8cc66152aeae4dab32e)",0,0,0,0,0,0,0,0,0,0,0,0,0,0,0,0,0,0,0,0,0,0,0,0,0,0,0,
"(org.eclipse.collections.impl.jmh.LongLongMapLargeStressTest.kolobokePut,d613da2f751a0593fc53c8cc66152aeae4dab32e)",0,0,0,0,0,0,0,0,0,0,0,0,0,0,0,0,0,0,0,0,0,0,0,0,0,0,0,
"(org.eclipse.collections.impl.jmh.MaxTest.serial_lazy_reverse_ec,d613da2f751a0593fc53c8cc66152aeae4dab32e)",0,0,0,0,0,0,0,0,0,0,0,0,0,0,0,0,0,0,0,0,0,0,0,0,0,0,0,
"(org.eclipse.collections.impl.jmh.GroupBySetTest.groupBy_2_keys_serial_lazy_scala,d613da2f751a0593fc53c8cc66152aeae4dab32e)",0,0,0,0,0,0,0,0,0,0,0,0,0,0,0,0,0,0,0,0,0,0,0,0,0,0,0,
"(org.eclipse.collections.impl.jmh.GroupByListTest.groupBy_2_keys_serial_eager_guava,d613da2f751a0593fc53c8cc66152aeae4dab32e)",0,0,0,0,0,0,0,0,0,0,0,0,0,0,0,0,0,0,0,0,0,0,0,0,0,0,0,
"(org.eclipse.collections.impl.jmh.AnySatisfyTest.short_circuit_middle_serial_lazy_scala,d613da2f751a0593fc53c8cc66152aeae4dab32e)",0,0,0,0,0,0,0,0,0,0,0,0,0,0,0,0,0,0,0,0,0,0,0,0,0,0,0,
"(org.eclipse.collections.impl.jmh.GroupBySetTest.groupBy_2_keys_parallel_lazy_scala,d613da2f751a0593fc53c8cc66152aeae4dab32e)",0,0,0,0,0,0,0,0,0,0,0,0,0,0,0,0,0,0,0,0,0,0,0,0,0,0,0,
"(org.eclipse.collections.impl.jmh.FunctionalInterfaceTest.parallel_eager_ec,d613da2f751a0593fc53c8cc66152aeae4dab32e)",0,0,0,0,0,0,0,0,0,0,0,0,0,0,0,0,0,0,0,0,0,0,0,0,0,0,0,
"(org.eclipse.collections.impl.jmh.AggregateByTest.aggregateByProduct_serial_lazy_streams_ec,d613da2f751a0593fc53c8cc66152aeae4dab32e)",0,0,0,0,0,0,0,0,0,0,0,0,0,0,0,0,0,0,0,0,0,0,0,0,0,0,0,
"(org.eclipse.collections.impl.jmh.FunctionalInterfaceTest.serial_eager_ec_hand_coded,d613da2f751a0593fc53c8cc66152aeae4dab32e)",0,0,0,0,0,0,0,0,0,0,0,0,0,0,0,0,0,0,0,0,0,0,0,0,0,0,0,
"(org.eclipse.collections.impl.jmh.SumByDoubleTest.sumByAccount_serial_lazy_streams_ec,d613da2f751a0593fc53c8cc66152aeae4dab32e)",0,0,0,0,0,0,0,0,0,0,0,0,0,0,0,0,0,0,0,0,0,0,0,0,0,0,0,
"(org.eclipse.collections.impl.jmh.AllSatisfyTest.short_circuit_middle_parallel_lazy_jdk,d613da2f751a0593fc53c8cc66152aeae4dab32e)",0,0,0,0,0,0,0,0,0,0,0,0,0,0,0,0,0,0,0,0,0,0,0,0,0,0,0,
"(org.eclipse.collections.impl.jmh.map.JdkMutableMapGetTest.get,d613da2f751a0593fc53c8cc66152aeae4dab32e)",0,0,0,0,0,0,0,0,0,0,0,0,0,0,0,0,0,0,0,0,0,0,0,0,0,0,0,
"(org.eclipse.collections.impl.jmh.GroupBySetTest.groupBy_unordered_lists_100_keys_serial_eager_guava,d613da2f751a0593fc53c8cc66152aeae4dab32e)",0,0,0,0,0,0,0,0,0,0,0,0,0,0,0,0,0,0,0,0,0,0,0,0,0,0,0,
"(org.eclipse.collections.impl.jmh.AggregateByTest.aggregateInPlaceByCategory_serial_eager_ec,d613da2f751a0593fc53c8cc66152aeae4dab32e)",0,0,0,0,0,0,0,0,0,0,0,0,0,0,0,0,0,0,0,0,0,0,0,0,0,0,0,
"(org.eclipse.collections.impl.jmh.MaxTest.parallel_lazy_streams_ec,d613da2f751a0593fc53c8cc66152aeae4dab32e)",0,0,0,0,0,0,0,0,0,0,0,0,0,0,0,0,0,0,0,0,0,0,0,0,0,0,0,
"(org.eclipse.collections.impl.jmh.SumOfDoubleTest.parallel_lazy_directSumOfDouble_ec,d613da2f751a0593fc53c8cc66152aeae4dab32e)",0,0,0,0,0,0,0,0,0,0,0,0,0,0,0,0,0,0,0,0,0,0,0,0,0,0,0,
"(org.eclipse.collections.impl.jmh.GroupBySetTest.groupBy_10000_keys_serial_lazy_scala,d613da2f751a0593fc53c8cc66152aeae4dab32e)",0,0,0,0,0,0,0,0,0,0,0,0,0,0,0,0,0,0,0,0,0,0,0,0,0,0,0,
"(org.eclipse.collections.impl.jmh.GroupBySetTest.groupBy_100_keys_serial_eager_ec,d613da2f751a0593fc53c8cc66152aeae4dab32e)",0,0,0,0,0,0,0,0,0,0,0,0,0,0,0,0,0,0,0,0,0,0,0,0,0,0,0,
"(org.eclipse.collections.impl.jmh.SumOfIntTest.serial_lazy_sumOfInt_ec,d613da2f751a0593fc53c8cc66152aeae4dab32e)",0,0,0,0,0,0,0,0,0,0,0,0,0,0,0,0,0,0,0,0,0,0,0,0,0,0,0,
"(org.eclipse.collections.impl.jmh.MinTest.serial_eager_reverse_ec,d613da2f751a0593fc53c8cc66152aeae4dab32e)",0,0,0,0,0,0,0,0,0,0,0,0,0,0,0,0,0,0,0,0,0,0,0,0,0,0,0,
"(org.eclipse.collections.impl.jmh.AggregateByTest.aggregateByProduct_parallel_lazy_jdk,d613da2f751a0593fc53c8cc66152aeae4dab32e)",0,0,0,0,0,0,0,0,0,0,0,0,0,0,0,0,0,0,0,0,0,0,0,0,0,0,0,
"(org.eclipse.collections.impl.jmh.AggregateByTest.aggregateByAccount_serial_eager_ec,d613da2f751a0593fc53c8cc66152aeae4dab32e)",0,0,0,0,0,0,0,0,0,0,0,0,0,0,0,0,0,0,0,0,0,0,0,0,0,0,0,
"(org.eclipse.collections.impl.jmh.AggregateByTest.aggregateInPlaceByAccount_serial_eager_ec,d613da2f751a0593fc53c8cc66152aeae4dab32e)",0,0,0,0,0,0,0,0,0,0,0,0,0,0,0,0,0,0,0,0,0,0,0,0,0,0,0,
"(org.eclipse.collections.impl.jmh.GroupBySetTest.groupBy_100_keys_serial_lazy_scala,d613da2f751a0593fc53c8cc66152aeae4dab32e)",0,0,0,0,0,0,0,0,0,0,0,0,0,0,0,0,0,0,0,0,0,0,0,0,0,0,0,
"(org.eclipse.collections.impl.jmh.map.ChainMapPutTest.hppc,d613da2f751a0593fc53c8cc66152aeae4dab32e)",0,0,0,0,0,0,0,0,0,0,0,0,0,0,0,0,0,0,0,0,0,0,0,0,0,0,0,
"(org.eclipse.collections.impl.jmh.SelectTest.serial_lazy_jdk,d613da2f751a0593fc53c8cc66152aeae4dab32e)",0,0,0,0,0,0,0,0,0,0,0,0,0,0,0,0,0,0,0,0,0,0,0,0,0,0,0,
"(org.eclipse.collections.impl.jmh.MaxTest.parallel_lazy_jdk,d613da2f751a0593fc53c8cc66152aeae4dab32e)",0,0,0,0,0,0,0,0,0,0,0,0,0,0,0,0,0,0,0,0,0,0,0,0,0,0,0,
"(org.eclipse.collections.impl.jmh.AnySatisfyTest.process_all_serial_eager_scala,d613da2f751a0593fc53c8cc66152aeae4dab32e)",0,0,0,0,0,0,0,0,0,0,0,0,0,0,0,0,0,0,0,0,0,0,0,0,0,0,0,
"(org.eclipse.collections.impl.jmh.SumByBigDecimalTest.sumByBigDecimalProduct_parallel_eager_ec,d613da2f751a0593fc53c8cc66152aeae4dab32e)",0,0,0,0,0,0,0,0,0,0,0,0,0,0,0,0,0,0,0,0,0,0,0,0,0,0,0,
"(org.eclipse.collections.impl.jmh.CollectTest.parallel_eager_ec,d613da2f751a0593fc53c8cc66152aeae4dab32e)",0,0,0,0,0,0,0,0,0,0,0,0,0,0,0,0,0,0,0,0,0,0,0,0,0,0,0,
"(org.eclipse.collections.impl.jmh.FunctionalInterfaceSetTest.parallel_lazy_jdk,d613da2f751a0593fc53c8cc66152aeae4dab32e)",0,0,0,0,0,0,0,0,0,0,0,0,0,0,0,0,0,0,0,0,0,0,0,0,0,0,0,
"(org.eclipse.collections.impl.jmh.GroupByListTest.groupBy_2_keys_serial_lazy_scala,d613da2f751a0593fc53c8cc66152aeae4dab32e)",0,0,0,0,0,0,0,0,0,0,0,0,0,0,0,0,0,0,0,0,0,0,0,0,0,0,0,
"(org.eclipse.collections.impl.jmh.GroupBySetTest.groupBy_10000_keys_serial_eager_ec,d613da2f751a0593fc53c8cc66152aeae4dab32e)",0,0,0,0,0,0,0,0,0,0,0,0,0,0,0,0,0,0,0,0,0,0,0,0,0,0,0,
"(org.eclipse.collections.impl.jmh.MinTest.parallel_lazy_reverse_jdk,d613da2f751a0593fc53c8cc66152aeae4dab32e)",0,0,0,0,0,0,0,0,0,0,0,0,0,0,0,0,0,0,0,0,0,0,0,0,0,0,0,
"(org.eclipse.collections.impl.jmh.MinTest.serial_lazy_reverse_streams_ec,d613da2f751a0593fc53c8cc66152aeae4dab32e)",0,0,0,0,0,0,0,0,0,0,0,0,0,0,0,0,0,0,0,0,0,0,0,0,0,0,0,
"(org.eclipse.collections.impl.jmh.FunctionalInterfaceTest.parallel_lazy_scala_hand_coded,d613da2f751a0593fc53c8cc66152aeae4dab32e)",0,0,0,0,0,0,0,0,0,0,0,0,0,0,0,0,0,0,0,0,0,0,0,0,0,0,0,
"(org.eclipse.collections.impl.jmh.SumByDoubleTest.sumByProduct_parallel_eager_ec,d613da2f751a0593fc53c8cc66152aeae4dab32e)",0,0,0,0,0,0,0,0,0,0,0,0,0,0,0,0,0,0,0,0,0,0,0,0,0,0,0,
"(org.eclipse.collections.impl.jmh.MaxByDoubleTest.maxByMarketValue_parallel_lazy_collect_lambda_jdk,d613da2f751a0593fc53c8cc66152aeae4dab32e)",0,0,0,0,0,0,0,0,0,0,0,0,0,0,0,0,0,0,0,0,0,0,0,0,0,0,0,
"(org.eclipse.collections.impl.jmh.LongLongMapSmallStressTest.kolobokePut,d613da2f751a0593fc53c8cc66152aeae4dab32e)",0,0,0,0,0,0,0,0,0,0,0,0,0,0,0,0,0,0,0,0,0,0,0,0,0,0,0,
"(org.eclipse.collections.impl.jmh.GroupBySetTest.groupBy_2_keys_parallel_lazy_streams_ec,d613da2f751a0593fc53c8cc66152aeae4dab32e)",0,0,0,0,0,0,0,0,0,0,0,0,0,0,0,0,0,0,0,0,0,0,0,0,0,0,0,
"(org.eclipse.collections.impl.jmh.NoneSatisfyTest.short_circuit_middle_serial_lazy_jdk,d613da2f751a0593fc53c8cc66152aeae4dab32e)",0,0,0,0,0,0,0,0,0,0,0,0,0,0,0,0,0,0,0,0,0,0,0,0,0,0,0,
"(org.eclipse.collections.impl.jmh.NoneSatisfyTest.short_circuit_middle_parallel_lazy_jdk,d613da2f751a0593fc53c8cc66152aeae4dab32e)",0,0,0,0,0,0,0,0,0,0,0,0,0,0,0,0,0,0,0,0,0,0,0,0,0,0,0,
"(org.eclipse.collections.impl.jmh.IntIntMapTest.presizedPut,d613da2f751a0593fc53c8cc66152aeae4dab32e)",0,0,0,0,0,0,0,0,0,0,0,0,0,0,0,0,0,0,0,0,0,0,0,0,0,0,0,
"(org.eclipse.collections.impl.jmh.AnagramListTest.parallel_lazy_jdk,d613da2f751a0593fc53c8cc66152aeae4dab32e)",0,0,0,0,0,0,0,0,0,0,0,0,0,0,0,0,0,0,0,0,0,0,0,0,0,0,0,
"(org.eclipse.collections.impl.jmh.CountTest.parallel_lazy_streams_ec,d613da2f751a0593fc53c8cc66152aeae4dab32e)",0,0,0,0,0,0,0,0,0,0,0,0,0,0,0,0,0,0,0,0,0,0,0,0,0,0,0,
"(org.eclipse.collections.impl.jmh.IntIntMapSmallStressTest.ecRemove,d613da2f751a0593fc53c8cc66152aeae4dab32e)",0,0,0,0,0,0,0,0,0,0,0,0,0,0,0,0,0,0,0,0,0,0,0,0,0,0,0,
"(org.eclipse.collections.impl.jmh.SumByDoubleTest.sumByCategory_serial_lazy_jdk,d613da2f751a0593fc53c8cc66152aeae4dab32e)",0,0,0,0,0,0,0,0,0,0,0,0,0,0,0,0,0,0,0,0,0,0,0,0,0,0,0,
"(org.eclipse.collections.impl.jmh.list.ListIterationTest.parallel_mutable_scala,d613da2f751a0593fc53c8cc66152aeae4dab32e)",0,0,0,0,0,0,0,0,0,0,0,0,0,0,0,0,0,0,0,0,0,0,0,0,0,0,0,
"(org.eclipse.collections.impl.jmh.SumByDoubleTest.sumByCategory_parallel_lazy_streams_ec,d613da2f751a0593fc53c8cc66152aeae4dab32e)",0,0,0,0,0,0,0,0,0,0,0,0,0,0,0,0,0,0,0,0,0,0,0,0,0,0,0,
"(org.eclipse.collections.impl.jmh.MinByIntTest.minByQuantity_parallel_lazy_direct_lambda_jdk,d613da2f751a0593fc53c8cc66152aeae4dab32e)",0,0,0,0,0,0,0,0,0,0,0,0,0,0,0,0,0,0,0,0,0,0,0,0,0,0,0,
"(org.eclipse.collections.impl.jmh.set.sorted.SortedSetContainsTest.contains_immutable_scala,d613da2f751a0593fc53c8cc66152aeae4dab32e)",0,0,0,0,0,0,0,0,0,0,0,0,0,0,0,0,0,0,0,0,0,0,0,0,0,0,0,
"(org.eclipse.collections.impl.jmh.MinTest.serial_lazy_reverse_jdk,d613da2f751a0593fc53c8cc66152aeae4dab32e)",0,0,0,0,0,0,0,0,0,0,0,0,0,0,0,0,0,0,0,0,0,0,0,0,0,0,0,
"(org.eclipse.collections.impl.jmh.MinTest.parallel_lazy_intstream_streams_ec,d613da2f751a0593fc53c8cc66152aeae4dab32e)",0,0,0,0,0,0,0,0,0,0,0,0,0,0,0,0,0,0,0,0,0,0,0,0,0,0,0,
"(org.eclipse.collections.impl.jmh.AggregateByTest.aggregateByCategory_parallel_lazy_ec,d613da2f751a0593fc53c8cc66152aeae4dab32e)",0,0,0,0,0,0,0,0,0,0,0,0,0,0,0,0,0,0,0,0,0,0,0,0,0,0,0,
"(org.eclipse.collections.impl.jmh.MaxTest.parallel_lazy_intstream_streams_ec,d613da2f751a0593fc53c8cc66152aeae4dab32e)",0,0,0,0,0,0,0,0,0,0,0,0,0,0,0,0,0,0,0,0,0,0,0,0,0,0,0,
"(org.eclipse.collections.impl.jmh.AggregateByTest.aggregateByAccount_serial_lazy_jdk,d613da2f751a0593fc53c8cc66152aeae4dab32e)",0,0,0,0,0,0,0,0,0,0,0,0,0,0,0,0,0,0,0,0,0,0,0,0,0,0,0,
"(org.eclipse.collections.impl.jmh.FunctionalInterfaceSetTest.serial_lazy_ec,d613da2f751a0593fc53c8cc66152aeae4dab32e)",0,0,0,0,0,0,0,0,0,0,0,0,0,0,0,0,0,0,0,0,0,0,0,0,0,0,0,
"(org.eclipse.collections.impl.jmh.set.sorted.SortedSetIterationTest.serial_mutable_scala,d613da2f751a0593fc53c8cc66152aeae4dab32e)",0,0,0,0,0,0,0,0,0,0,0,0,0,0,0,0,0,0,0,0,0,0,0,0,0,0,0,
"(org.eclipse.collections.impl.jmh.GroupByListTest.groupBy_10000_keys_serial_lazy_ec,d613da2f751a0593fc53c8cc66152aeae4dab32e)",0,0,0,0,0,0,0,0,0,0,0,0,0,0,0,0,0,0,0,0,0,0,0,0,0,0,0,
"(org.eclipse.collections.impl.jmh.MaxTest.serial_lazy_reverse_streams_ec,d613da2f751a0593fc53c8cc66152aeae4dab32e)",0,0,0,0,0,0,0,0,0,0,0,0,0,0,0,0,0,0,0,0,0,0,0,0,0,0,0,
"(org.eclipse.collections.impl.jmh.AnagramSetTest.parallel_lazy_scala,d613da2f751a0593fc53c8cc66152aeae4dab32e)",0,0,0,0,0,0,0,0,0,0,0,0,0,0,0,0,0,0,0,0,0,0,0,0,0,0,0,
"(org.eclipse.collections.impl.jmh.MaxByDoubleTest.maxByMarketValue_parallel_lazy_direct_methodref_jdk,d613da2f751a0593fc53c8cc66152aeae4dab32e)",0,0,0,0,0,0,0,0,0,0,0,0,0,0,0,0,0,0,0,0,0,0,0,0,0,0,0,
"(org.eclipse.collections.impl.jmh.map.ScalaAnyRefMapGetTest.get,d613da2f751a0593fc53c8cc66152aeae4dab32e)",0,0,0,0,0,0,0,0,0,0,0,0,0,0,0,0,0,0,0,0,0,0,0,0,0,0,0,
"(org.eclipse.collections.impl.jmh.map.ScalaAnyRefMapPutTest.scalaAnyRef,d613da2f751a0593fc53c8cc66152aeae4dab32e)",0,0,0,0,0,0,0,0,0,0,0,0,0,0,0,0,0,0,0,0,0,0,0,0,0,0,0,
"(org.eclipse.collections.impl.jmh.CollectIfTest.serial_eager_ec,d613da2f751a0593fc53c8cc66152aeae4dab32e)",0,0,0,0,0,0,0,0,0,0,0,0,0,0,0,0,0,0,0,0,0,0,0,0,0,0,0,
"(org.eclipse.collections.impl.jmh.AllSatisfyTest.process_all_parallel_lazy_streams_ec,d613da2f751a0593fc53c8cc66152aeae4dab32e)",0,0,0,0,0,0,0,0,0,0,0,0,0,0,0,0,0,0,0,0,0,0,0,0,0,0,0,
"(org.eclipse.collections.impl.jmh.ListAddAllTest.ec,d613da2f751a0593fc53c8cc66152aeae4dab32e)",0,0,0,0,0,0,0,0,0,0,0,0,0,0,0,0,0,0,0,0,0,0,0,0,0,0,0,
"(org.eclipse.collections.impl.jmh.AggregateByTest.aggregateByCategory_parallel_lazy_streams_ec,d613da2f751a0593fc53c8cc66152aeae4dab32e)",0,0,0,0,0,0,0,0,0,0,0,0,0,0,0,0,0,0,0,0,0,0,0,0,0,0,0,
"(org.eclipse.collections.impl.jmh.CountTest.parallel_eager_ec,d613da2f751a0593fc53c8cc66152aeae4dab32e)",0,0,0,0,0,0,0,0,0,0,0,0,0,0,0,0,0,0,0,0,0,0,0,0,0,0,0,
"(org.eclipse.collections.impl.jmh.IntIntMapLargeStressTest.jdkRemove,d613da2f751a0593fc53c8cc66152aeae4dab32e)",0,0,0,0,0,0,0,0,0,0,0,0,0,0,0,0,0,0,0,0,0,0,0,0,0,0,0,
"(org.eclipse.collections.impl.jmh.AggregateByTest.aggregateByCategory_serial_lazy_streams_ec,d613da2f751a0593fc53c8cc66152aeae4dab32e)",0,0,0,0,0,0,0,0,0,0,0,0,0,0,0,0,0,0,0,0,0,0,0,0,0,0,0,
"(org.eclipse.collections.impl.jmh.AnagramSetTest.parallel_eager_forkjoin_ec,d613da2f751a0593fc53c8cc66152aeae4dab32e)",0,0,0,0,0,0,0,0,0,0,0,0,0,0,0,0,0,0,0,0,0,0,0,0,0,0,0,
"(org.eclipse.collections.impl.jmh.MinByIntTest.minByQuantity_parallel_lazy_collect_methodref_jdk,d613da2f751a0593fc53c8cc66152aeae4dab32e)",0,0,0,0,0,0,0,0,0,0,0,0,0,0,0,0,0,0,0,0,0,0,0,0,0,0,0,
"(org.eclipse.collections.impl.jmh.AggregateByTest.aggregateByAccount_serial_lazy_streams_ec,d613da2f751a0593fc53c8cc66152aeae4dab32e)",0,0,0,0,0,0,0,0,0,0,0,0,0,0,0,0,0,0,0,0,0,0,0,0,0,0,0,
"(org.eclipse.collections.impl.jmh.GroupBySetTest.groupBy_2_keys_serial_eager_ec,d613da2f751a0593fc53c8cc66152aeae4dab32e)",0,0,0,0,0,0,0,0,0,0,0,0,0,0,0,0,0,0,0,0,0,0,0,0,0,0,0,
"(org.eclipse.collections.impl.jmh.GroupByListTest.groupBy_10000_keys_serial_lazy_jdk,d613da2f751a0593fc53c8cc66152aeae4dab32e)",0,0,0,0,0,0,0,0,0,0,0,0,0,0,0,0,0,0,0,0,0,0,0,0,0,0,0,
"(org.eclipse.collections.impl.jmh.GroupByListTest.groupBy_2_keys_serial_eager_ec,d613da2f751a0593fc53c8cc66152aeae4dab32e)",0,0,0,0,0,0,0,0,0,0,0,0,0,0,0,0,0,0,0,0,0,0,0,0,0,0,0,
"(org.eclipse.collections.impl.jmh.GroupBySetTest.groupBy_unordered_lists_2_keys_serial_lazy_ec,d613da2f751a0593fc53c8cc66152aeae4dab32e)",0,0,0,0,0,0,0,0,0,0,0,0,0,0,0,0,0,0,0,0,0,0,0,0,0,0,0,
"(org.eclipse.collections.impl.jmh.MaxTest.serial_lazy_intstream_streams_ec,d613da2f751a0593fc53c8cc66152aeae4dab32e)",0,0,0,0,0,0,0,0,0,0,0,0,0,0,0,0,0,0,0,0,0,0,0,0,0,0,0,
"(org.eclipse.collections.impl.jmh.AllSatisfyTest.process_all_serial_lazy_ec,d613da2f751a0593fc53c8cc66152aeae4dab32e)",0,0,0,0,0,0,0,0,0,0,0,0,0,0,0,0,0,0,0,0,0,0,0,0,0,0,0,
"(org.eclipse.collections.impl.jmh.IntIntMapLargeStressTest.kolobokeGet,d613da2f751a0593fc53c8cc66152aeae4dab32e)",0,0,0,0,0,0,0,0,0,0,0,0,0,0,0,0,0,0,0,0,0,0,0,0,0,0,0,
"(org.eclipse.collections.impl.jmh.GroupByListTest.groupBy_10000_keys_serial_eager_guava,d613da2f751a0593fc53c8cc66152aeae4dab32e)",0,0,0,0,0,0,0,0,0,0,0,0,0,0,0,0,0,0,0,0,0,0,0,0,0,0,0,
"(org.eclipse.collections.impl.jmh.LongLongMapSmallStressTest.ecPut,d613da2f751a0593fc53c8cc66152aeae4dab32e)",0,0,0,0,0,0,0,0,0,0,0,0,0,0,0,0,0,0,0,0,0,0,0,0,0,0,0,
"(org.eclipse.collections.impl.jmh.GroupByListTest.groupBy_100_keys_serial_lazy_streams_ec,d613da2f751a0593fc53c8cc66152aeae4dab32e)",0,0,0,0,0,0,0,0,0,0,0,0,0,0,0,0,0,0,0,0,0,0,0,0,0,0,0,
"(org.eclipse.collections.impl.jmh.AllSatisfyTest.short_circuit_middle_serial_lazy_jdk,d613da2f751a0593fc53c8cc66152aeae4dab32e)",0,0,0,0,0,0,0,0,0,0,0,0,0,0,0,0,0,0,0,0,0,0,0,0,0,0,0,
"(org.eclipse.collections.impl.jmh.MaxByIntTest.maxByQuantity_serial_lazy_ec,d613da2f751a0593fc53c8cc66152aeae4dab32e)",0,0,0,0,0,0,0,0,0,0,0,0,0,0,0,0,0,0,0,0,0,0,0,0,0,0,0,
"(org.eclipse.collections.impl.jmh.MinByIntTest.minByQuantity_parallel_lazy_direct_methodref_jdk,d613da2f751a0593fc53c8cc66152aeae4dab32e)",0,0,0,0,0,0,0,0,0,0,0,0,0,0,0,0,0,0,0,0,0,0,0,0,0,0,0,
"(org.eclipse.collections.impl.jmh.GroupByListTest.groupBy_2_keys_serial_lazy_streams_ec,d613da2f751a0593fc53c8cc66152aeae4dab32e)",0,0,0,0,0,0,0,0,0,0,0,0,0,0,0,0,0,0,0,0,0,0,0,0,0,0,0,
"(org.eclipse.collections.impl.jmh.AggregateByTest.aggregateInPlaceByProduct_parallel_lazy_ec,d613da2f751a0593fc53c8cc66152aeae4dab32e)",0,0,0,0,0,0,0,0,0,0,0,0,0,0,0,0,0,0,0,0,0,0,0,0,0,0,0,
"(org.eclipse.collections.impl.jmh.CollectIfTest.serial_lazy_jdk,d613da2f751a0593fc53c8cc66152aeae4dab32e)",0,0,0,0,0,0,0,0,0,0,0,0,0,0,0,0,0,0,0,0,0,0,0,0,0,0,0,
"(org.eclipse.collections.impl.jmh.AnagramListTest.serial_eager_ec,d613da2f751a0593fc53c8cc66152aeae4dab32e)",0,0,0,0,0,0,0,0,0,0,0,0,0,0,0,0,0,0,0,0,0,0,0,0,0,0,0,
"(org.eclipse.collections.impl.jmh.SumOfIntTest.parallel_lazy_mapToLongSum_streams_ec,d613da2f751a0593fc53c8cc66152aeae4dab32e)",0,0,0,0,0,0,0,0,0,0,0,0,0,0,0,0,0,0,0,0,0,0,0,0,0,0,0,
"(org.eclipse.collections.impl.jmh.CollectIfTest.parallel_eager_ec,d613da2f751a0593fc53c8cc66152aeae4dab32e)",0,0,0,0,0,0,0,0,0,0,0,0,0,0,0,0,0,0,0,0,0,0,0,0,0,0,0,
"(org.eclipse.collections.impl.jmh.IntIntMapSmallStressTest.jdkGet,d613da2f751a0593fc53c8cc66152aeae4dab32e)",0,0,0,0,0,0,0,0,0,0,0,0,0,0,0,0,0,0,0,0,0,0,0,0,0,0,0,
"(org.eclipse.collections.impl.jmh.IntIntMapTest.remove,d613da2f751a0593fc53c8cc66152aeae4dab32e)",0,0,0,0,0,0,0,0,0,0,0,0,0,0,0,0,0,0,0,0,0,0,0,0,0,0,0,
"(org.eclipse.collections.impl.jmh.AnagramSetTest.serial_eager_scala,d613da2f751a0593fc53c8cc66152aeae4dab32e)",0,0,0,0,0,0,0,0,0,0,0,0,0,0,0,0,0,0,0,0,0,0,0,0,0,0,0,
"(org.eclipse.collections.impl.jmh.CountTest.serial_eager_scala,d613da2f751a0593fc53c8cc66152aeae4dab32e)",0,0,0,0,0,0,0,0,0,0,0,0,0,0,0,0,0,0,0,0,0,0,0,0,0,0,0,
"(org.eclipse.collections.impl.jmh.AnagramListTest.parallel_eager_ec,d613da2f751a0593fc53c8cc66152aeae4dab32e)",0,0,0,0,0,0,0,0,0,0,0,0,0,0,0,0,0,0,0,0,0,0,0,0,0,0,0,
"(org.eclipse.collections.impl.jmh.LongLongMapLargeStressTest.kolobokeRemove,d613da2f751a0593fc53c8cc66152aeae4dab32e)",0,0,0,0,0,0,0,0,0,0,0,0,0,0,0,0,0,0,0,0,0,0,0,0,0,0,0,
"(org.eclipse.collections.impl.jmh.map.ScalaMutableMapGetTest.get,d613da2f751a0593fc53c8cc66152aeae4dab32e)",0,0,0,0,0,0,0,0,0,0,0,0,0,0,0,0,0,0,0,0,0,0,0,0,0,0,0,
"(org.eclipse.collections.impl.jmh.list.ListIterationTest.parallel_mutable_ec,d613da2f751a0593fc53c8cc66152aeae4dab32e)",0,0,0,0,0,0,0,0,0,0,0,0,0,0,0,0,0,0,0,0,0,0,0,0,0,0,0,
"(org.eclipse.collections.impl.jmh.SumOfIntTest.parallel_lazy_sumOfInt_ec,d613da2f751a0593fc53c8cc66152aeae4dab32e)",0,0,0,0,0,0,0,0,0,0,0,0,0,0,0,0,0,0,0,0,0,0,0,0,0,0,0,
"(org.eclipse.collections.impl.jmh.AggregateByTest.aggregateByCategory_parallel_eager_ec,d613da2f751a0593fc53c8cc66152aeae4dab32e)",0,0,0,0,0,0,0,0,0,0,0,0,0,0,0,0,0,0,0,0,0,0,0,0,0,0,0,
"(org.eclipse.collections.impl.jmh.AggregateByTest.aggregateInPlaceByCategory_parallel_lazy_ec,d613da2f751a0593fc53c8cc66152aeae4dab32e)",0,0,0,0,0,0,0,0,0,0,0,0,0,0,0,0,0,0,0,0,0,0,0,0,0,0,0,
"(org.eclipse.collections.impl.jmh.SumOfIntTest.serial_lazy_mapToIntSum_jdk,d613da2f751a0593fc53c8cc66152aeae4dab32e)",0,0,0,0,0,0,0,0,0,0,0,0,0,0,0,0,0,0,0,0,0,0,0,0,0,0,0,
"(org.eclipse.collections.impl.jmh.AllSatisfyTest.process_all_parallel_lazy_jdk,d613da2f751a0593fc53c8cc66152aeae4dab32e)",0,0,0,0,0,0,0,0,0,0,0,0,0,0,0,0,0,0,0,0,0,0,0,0,0,0,0,
"(org.eclipse.collections.impl.jmh.LongLongMapSmallStressTest.ecGet,d613da2f751a0593fc53c8cc66152aeae4dab32e)",0,0,0,0,0,0,0,0,0,0,0,0,0,0,0,0,0,0,0,0,0,0,0,0,0,0,0,
"(org.eclipse.collections.impl.jmh.FlatCollectTest.serial_eager_ec,d613da2f751a0593fc53c8cc66152aeae4dab32e)",0,0,0,0,0,0,0,0,0,0,0,0,0,0,0,0,0,0,0,0,0,0,0,0,0,0,0,
"(org.eclipse.collections.impl.jmh.GroupBySetTest.groupBy_100_keys_parallel_lazy_streams_ec,d613da2f751a0593fc53c8cc66152aeae4dab32e)",0,0,0,0,0,0,0,0,0,0,0,0,0,0,0,0,0,0,0,0,0,0,0,0,0,0,0,
"(org.eclipse.collections.impl.jmh.CountSetTest.serial_eager_ec,d613da2f751a0593fc53c8cc66152aeae4dab32e)",0,0,0,0,0,0,0,0,0,0,0,0,0,0,0,0,0,0,0,0,0,0,0,0,0,0,0,
"(org.eclipse.collections.impl.jmh.CountSetTest.serial_lazy_streams_ec,d613da2f751a0593fc53c8cc66152aeae4dab32e)",0,0,0,0,0,0,0,0,0,0,0,0,0,0,0,0,0,0,0,0,0,0,0,0,0,0,0,
"(org.eclipse.collections.impl.jmh.MinByDoubleTest.minByMarketValue_parallel_lazy_ec,d613da2f751a0593fc53c8cc66152aeae4dab32e)",0,0,0,0,0,0,0,0,0,0,0,0,0,0,0,0,0,0,0,0,0,0,0,0,0,0,0,
"(org.eclipse.collections.impl.jmh.AnagramBagTest.parallel_lazy_streams_ec,d613da2f751a0593fc53c8cc66152aeae4dab32e)",0,0,0,0,0,0,0,0,0,0,0,0,0,0,0,0,0,0,0,0,0,0,0,0,0,0,0,
"(org.eclipse.collections.impl.jmh.MaxByIntTest.maxByQuantity_serial_lazy_direct_methodref_jdk,d613da2f751a0593fc53c8cc66152aeae4dab32e)",0,0,0,0,0,0,0,0,0,0,0,0,0,0,0,0,0,0,0,0,0,0,0,0,0,0,0,
"(org.eclipse.collections.impl.jmh.LongLongMapLargeStressTest.ecGet,d613da2f751a0593fc53c8cc66152aeae4dab32e)",0,0,0,0,0,0,0,0,0,0,0,0,0,0,0,0,0,0,0,0,0,0,0,0,0,0,0,
"(org.eclipse.collections.impl.jmh.MaxByIntTest.maxByQuantity_serial_lazy_collect_methodref_jdk,d613da2f751a0593fc53c8cc66152aeae4dab32e)",0,0,0,0,0,0,0,0,0,0,0,0,0,0,0,0,0,0,0,0,0,0,0,0,0,0,0,
"(org.eclipse.collections.impl.jmh.SetAddAllTest.ec,d613da2f751a0593fc53c8cc66152aeae4dab32e)",0,0,0,0,0,0,0,0,0,0,0,0,0,0,0,0,0,0,0,0,0,0,0,0,0,0,0,
"(org.eclipse.collections.impl.jmh.CollectTest.serial_lazy_streams_ec,d613da2f751a0593fc53c8cc66152aeae4dab32e)",0,0,0,0,0,0,0,0,0,0,0,0,0,0,0,0,0,0,0,0,0,0,0,0,0,0,0,
"(org.eclipse.collections.impl.jmh.SumByDoubleTest.sumByProduct_serial_lazy_streams_ec,d613da2f751a0593fc53c8cc66152aeae4dab32e)",0,0,0,0,0,0,0,0,0,0,0,0,0,0,0,0,0,0,0,0,0,0,0,0,0,0,0,
"(org.eclipse.collections.impl.jmh.LongLongMapLargeStressTest.kolobokeGet,d613da2f751a0593fc53c8cc66152aeae4dab32e)",0,0,0,0,0,0,0,0,0,0,0,0,0,0,0,0,0,0,0,0,0,0,0,0,0,0,0,
"(org.eclipse.collections.impl.jmh.set.sorted.SortedSetIterationTest.parallel_mutable_scala,d613da2f751a0593fc53c8cc66152aeae4dab32e)",0,0,0,0,0,0,0,0,0,0,0,0,0,0,0,0,0,0,0,0,0,0,0,0,0,0,0,
"(org.eclipse.collections.impl.jmh.MinTest.serial_lazy_ec,d613da2f751a0593fc53c8cc66152aeae4dab32e)",0,0,0,0,0,0,0,0,0,0,0,0,0,0,0,0,0,0,0,0,0,0,0,0,0,0,0,
"(org.eclipse.collections.impl.jmh.CountTest.serial_lazy_jdk,d613da2f751a0593fc53c8cc66152aeae4dab32e)",0,0,0,0,0,0,0,0,0,0,0,0,0,0,0,0,0,0,0,0,0,0,0,0,0,0,0,
"(org.eclipse.collections.impl.jmh.CountTest.serial_lazy_streams_ec,d613da2f751a0593fc53c8cc66152aeae4dab32e)",0,0,0,0,0,0,0,0,0,0,0,0,0,0,0,0,0,0,0,0,0,0,0,0,0,0,0,
"(org.eclipse.collections.impl.jmh.AggregateByTest.aggregateByProduct_serial_lazy_jdk,d613da2f751a0593fc53c8cc66152aeae4dab32e)",0,0,0,0,0,0,0,0,0,0,0,0,0,0,0,0,0,0,0,0,0,0,0,0,0,0,0,
"(org.eclipse.collections.impl.jmh.AnagramSetTest.parallel_lazy_streams_ec,d613da2f751a0593fc53c8cc66152aeae4dab32e)",0,0,0,0,0,0,0,0,0,0,0,0,0,0,0,0,0,0,0,0,0,0,0,0,0,0,0,
"(org.eclipse.collections.impl.jmh.RejectTest.serial_eager_ec,d613da2f751a0593fc53c8cc66152aeae4dab32e)",0,0,0,0,0,0,0,0,0,0,0,0,0,0,0,0,0,0,0,0,0,0,0,0,0,0,0,
"(org.eclipse.collections.impl.jmh.AnagramSetTest.serial_lazy_jdk,d613da2f751a0593fc53c8cc66152aeae4dab32e)",0,0,0,0,0,0,0,0,0,0,0,0,0,0,0,0,0,0,0,0,0,0,0,0,0,0,0,
"(org.eclipse.collections.impl.jmh.SumByDoubleTest.sumByProduct_serial_eager_ec,d613da2f751a0593fc53c8cc66152aeae4dab32e)",0,0,3,0,0,0,0,0,0,0,0,0,0,0,5,0,0,0,0,0,0,0,0,0,0,0,8,
"(org.eclipse.collections.impl.jmh.MaxTest.parallel_lazy_reverse_jdk,d613da2f751a0593fc53c8cc66152aeae4dab32e)",0,0,0,0,0,0,0,0,0,0,0,0,0,0,0,0,0,0,0,0,0,0,0,0,0,0,0,
"(org.eclipse.collections.impl.jmh.CollectIfTest.parallel_lazy_ec,d613da2f751a0593fc53c8cc66152aeae4dab32e)",0,0,0,0,0,0,0,0,0,0,0,0,0,0,0,0,0,0,0,0,0,0,0,0,0,0,0,
"(org.eclipse.collections.impl.jmh.SumOfIntTest.serial_eager_directSumOfInt_ec,d613da2f751a0593fc53c8cc66152aeae4dab32e)",0,0,0,0,0,0,0,0,0,0,0,0,0,0,0,0,0,0,0,0,0,0,0,0,0,0,0,
"(org.eclipse.collections.impl.jmh.map.EcImmutableMapGetTest.get,d613da2f751a0593fc53c8cc66152aeae4dab32e)",0,0,0,0,0,0,0,0,0,0,0,0,0,0,0,0,0,0,0,0,0,0,0,0,0,0,0,
"(org.eclipse.collections.impl.jmh.MaxTest.parallel_lazy_reverse_streams_ec,d613da2f751a0593fc53c8cc66152aeae4dab32e)",0,0,0,0,0,0,0,0,0,0,0,0,0,0,0,0,0,0,0,0,0,0,0,0,0,0,0,
"(org.eclipse.collections.impl.jmh.map.MapGrowthTest.mutableScalaPut,d613da2f751a0593fc53c8cc66152aeae4dab32e)",0,0,0,0,0,0,0,0,0,0,0,0,0,0,0,0,0,0,0,0,0,0,0,0,0,0,0,
"(org.eclipse.collections.impl.jmh.AllSatisfyTest.short_circuit_middle_parallel_lazy_streams_ec,d613da2f751a0593fc53c8cc66152aeae4dab32e)",0,0,0,0,0,0,0,0,0,0,0,0,0,0,0,0,0,0,0,0,0,0,0,0,0,0,0,
"(org.eclipse.collections.impl.jmh.AllSatisfyTest.short_circuit_middle_serial_lazy_ec,d613da2f751a0593fc53c8cc66152aeae4dab32e)",0,0,0,0,0,0,0,0,0,0,0,0,0,0,0,0,0,0,0,0,0,0,0,0,0,0,0,
"(org.eclipse.collections.impl.jmh.SumByBigDecimalTest.sumByBigDecimalAccount_parallel_eager_ec,d613da2f751a0593fc53c8cc66152aeae4dab32e)",0,0,0,0,0,0,0,0,0,0,0,0,0,0,0,0,0,0,0,0,0,0,0,0,0,0,0,
"(org.eclipse.collections.impl.jmh.FunctionalInterfaceTest.serial_lazy_scala,d613da2f751a0593fc53c8cc66152aeae4dab32e)",0,0,0,0,0,0,0,0,0,0,0,0,0,0,0,0,0,0,0,0,0,0,0,0,0,0,0,
"(org.eclipse.collections.impl.jmh.SumOfIntTest.parallel_lazy_mapToLongSum_jdk,d613da2f751a0593fc53c8cc66152aeae4dab32e)",0,0,0,0,0,0,0,0,0,0,0,0,0,0,0,0,0,0,0,0,0,0,0,0,0,0,0,
"(org.eclipse.collections.impl.jmh.CountSetTest.serial_lazy_jdk,d613da2f751a0593fc53c8cc66152aeae4dab32e)",0,0,0,0,0,0,0,0,0,0,0,0,0,0,0,0,0,0,0,0,0,0,0,0,0,0,0,
"(org.eclipse.collections.impl.jmh.FunctionalInterfaceTest.parallel_eager_ec_hand_coded,d613da2f751a0593fc53c8cc66152aeae4dab32e)",0,0,0,0,0,0,0,0,0,0,0,0,0,0,0,0,0,0,0,0,0,0,0,0,0,0,0,
"(org.eclipse.collections.impl.jmh.AggregateByTest.aggregateByAccount_parallel_lazy_jdk,d613da2f751a0593fc53c8cc66152aeae4dab32e)",0,0,0,0,0,0,0,0,0,0,0,0,0,0,0,0,0,0,0,0,0,0,0,0,0,0,0,
"(org.eclipse.collections.impl.jmh.AnySatisfyTest.short_circuit_middle_parallel_lazy_streams_ec,d613da2f751a0593fc53c8cc66152aeae4dab32e)",0,0,0,0,0,0,0,0,0,0,0,0,0,0,0,0,0,0,0,0,0,0,0,0,0,0,0,
"(org.eclipse.collections.impl.jmh.CountTest.serial_eager_ec,d613da2f751a0593fc53c8cc66152aeae4dab32e)",0,0,0,0,0,0,0,0,0,0,0,0,0,0,0,0,0,0,0,0,0,0,0,0,0,0,0,
"(org.eclipse.collections.impl.jmh.MaxByIntTest.maxByQuantity_parallel_lazy_direct_methodref_jdk,d613da2f751a0593fc53c8cc66152aeae4dab32e)",0,0,0,0,0,0,0,0,0,0,0,0,0,0,0,0,0,0,0,0,0,0,0,0,0,0,0,
"(org.eclipse.collections.impl.jmh.AnySatisfyTest.process_all_parallel_lazy_scala,d613da2f751a0593fc53c8cc66152aeae4dab32e)",0,0,0,0,0,0,0,0,0,0,0,0,0,0,0,0,0,0,0,0,0,0,0,0,0,0,0,
"(org.eclipse.collections.impl.jmh.MinTest.serial_lazy_reverse_ec,d613da2f751a0593fc53c8cc66152aeae4dab32e)",0,0,0,0,0,0,0,0,0,0,0,0,0,0,0,0,0,0,0,0,0,0,0,0,0,0,0,
"(org.eclipse.collections.impl.jmh.NoneSatisfyTest.process_none_serial_lazy_ec,d613da2f751a0593fc53c8cc66152aeae4dab32e)",0,0,0,0,0,0,0,0,0,0,0,0,0,0,0,0,0,0,0,0,0,0,0,0,0,0,0,
"(org.eclipse.collections.impl.jmh.MaxByIntTest.maxByQuantity_parallel_lazy_ec,d613da2f751a0593fc53c8cc66152aeae4dab32e)",0,0,0,0,0,0,0,0,0,0,0,0,0,0,0,0,0,0,0,0,0,0,0,0,0,0,0,
"(org.eclipse.collections.impl.jmh.MinByDoubleTest.minByMarketValue_parallel_lazy_collect_lambda_jdk,d613da2f751a0593fc53c8cc66152aeae4dab32e)",0,0,0,0,0,0,0,0,0,0,0,0,0,0,0,0,0,0,0,0,0,0,0,0,0,0,0,
"(org.eclipse.collections.impl.jmh.MinByDoubleTest.minByMarketValue_serial_lazy_direct_lambda_jdk,d613da2f751a0593fc53c8cc66152aeae4dab32e)",0,0,0,0,0,0,0,0,0,0,0,0,0,0,0,0,0,0,0,0,0,0,0,0,0,0,0,
"(org.eclipse.collections.impl.jmh.MinTest.parallel_lazy_reverse_streams_ec,d613da2f751a0593fc53c8cc66152aeae4dab32e)",0,0,0,0,0,0,0,0,0,0,0,0,0,0,0,0,0,0,0,0,0,0,0,0,0,0,0,
"(org.eclipse.collections.impl.jmh.RejectTest.serial_lazy_jdk_lambda_negate,d613da2f751a0593fc53c8cc66152aeae4dab32e)",0,0,0,0,0,0,0,0,0,0,0,0,0,0,0,0,0,0,0,0,0,0,0,0,0,0,0,
"(org.eclipse.collections.impl.jmh.RejectTest.serial_eager_ec_select_predicates_not,d613da2f751a0593fc53c8cc66152aeae4dab32e)",0,0,0,0,0,0,0,0,0,0,0,0,0,0,0,0,0,0,0,0,0,0,0,0,0,0,0,
"(org.eclipse.collections.impl.jmh.SumByBigDecimalTest.sumByBigDecimalProduct_serial_eager_ec,d613da2f751a0593fc53c8cc66152aeae4dab32e)",0,0,0,0,0,0,0,0,0,0,0,0,0,0,0,0,0,0,0,0,0,0,0,0,0,0,0,
"(org.eclipse.collections.impl.jmh.MinByIntTest.minByQuantity_serial_eager_ec,d613da2f751a0593fc53c8cc66152aeae4dab32e)",0,0,0,0,0,0,0,0,0,0,0,0,0,0,0,0,0,0,0,0,0,0,0,0,0,0,0,
"(org.eclipse.collections.impl.jmh.LongIntMapTest.presizedPut,d613da2f751a0593fc53c8cc66152aeae4dab32e)",0,0,0,0,0,0,0,0,0,0,0,0,0,0,0,0,0,0,0,0,0,0,0,0,0,0,0,
"(org.eclipse.collections.impl.jmh.MinTest.parallel_lazy_jdk,d613da2f751a0593fc53c8cc66152aeae4dab32e)",0,0,0,0,0,0,0,0,0,0,0,0,0,0,0,0,0,0,0,0,0,0,0,0,0,0,0,
"(org.eclipse.collections.impl.jmh.AnagramBagTest.serial_lazy_jdk,d613da2f751a0593fc53c8cc66152aeae4dab32e)",0,0,0,0,0,0,0,0,0,0,0,0,0,0,0,0,0,0,0,0,0,0,0,0,0,0,0,
"(org.eclipse.collections.impl.jmh.GroupByListTest.groupBy_10000_keys_serial_eager_scala,d613da2f751a0593fc53c8cc66152aeae4dab32e)",0,0,0,0,0,0,0,0,0,0,0,0,0,0,0,0,0,0,0,0,0,0,0,0,0,0,0,
"(org.eclipse.collections.impl.jmh.GroupBySetTest.groupBy_2_keys_serial_lazy_streams_ec,d613da2f751a0593fc53c8cc66152aeae4dab32e)",0,0,0,0,0,0,0,0,0,0,0,0,0,0,0,0,0,0,0,0,0,0,0,0,0,0,0,
"(org.eclipse.collections.impl.jmh.IntIntMapLargeStressTest.jdkPut,d613da2f751a0593fc53c8cc66152aeae4dab32e)",0,0,0,0,0,0,0,0,0,0,0,0,0,0,0,0,0,0,0,0,0,0,0,0,0,0,0,
"(org.eclipse.collections.impl.jmh.MaxTest.serial_eager_reverse_ec,d613da2f751a0593fc53c8cc66152aeae4dab32e)",0,0,0,0,0,0,0,0,0,0,0,0,0,0,0,0,0,0,0,0,0,0,0,0,0,0,0,
"(org.eclipse.collections.impl.jmh.FunctionalInterfaceTest.serial_lazy_jdk,d613da2f751a0593fc53c8cc66152aeae4dab32e)",0,0,0,0,0,0,0,0,0,0,0,0,0,0,0,0,0,0,0,0,0,0,0,0,0,0,0,
"(org.eclipse.collections.impl.jmh.IntIntMapLargeStressTest.ecPut,d613da2f751a0593fc53c8cc66152aeae4dab32e)",0,0,0,0,0,0,0,0,0,0,0,0,0,0,0,0,0,0,0,0,0,0,0,0,0,0,0,
"(org.eclipse.collections.impl.jmh.SumOfDoubleTest.serial_eager_collectDoubleSum_ec,d613da2f751a0593fc53c8cc66152aeae4dab32e)",0,0,0,0,0,0,0,0,0,0,0,0,0,0,0,0,0,0,0,0,0,0,0,0,0,0,0,
"(org.eclipse.collections.impl.jmh.SelectTest.serial_lazy_streams_ec,d613da2f751a0593fc53c8cc66152aeae4dab32e)",0,0,0,0,0,0,0,0,0,0,0,0,0,0,0,0,0,0,0,0,0,0,0,0,0,0,0,
"(org.eclipse.collections.impl.jmh.MaxTest.serial_lazy_reverse_jdk,d613da2f751a0593fc53c8cc66152aeae4dab32e)",0,0,0,0,0,0,0,0,0,0,0,0,0,0,0,0,0,0,0,0,0,0,0,0,0,0,0,
"(org.eclipse.collections.impl.jmh.CollectTest.parallel_eager_fixed_pool_ec,d613da2f751a0593fc53c8cc66152aeae4dab32e)",0,0,0,0,0,0,0,0,0,0,0,0,0,0,0,0,0,0,0,0,0,0,0,0,0,0,0,
"(org.eclipse.collections.impl.jmh.AnySatisfyTest.short_circuit_middle_serial_lazy_jdk,d613da2f751a0593fc53c8cc66152aeae4dab32e)",0,0,0,0,0,0,0,0,0,0,0,0,0,0,0,0,0,0,0,0,0,0,0,0,0,0,0,
"(org.eclipse.collections.impl.jmh.BagAddAllTest.guava,d613da2f751a0593fc53c8cc66152aeae4dab32e)",0,0,0,0,0,0,0,0,0,0,0,0,0,0,0,0,0,0,0,0,0,0,0,0,0,0,0,
"(org.eclipse.collections.impl.jmh.SelectTest.serial_eager_ec,d613da2f751a0593fc53c8cc66152aeae4dab32e)",0,0,0,0,0,0,0,0,0,0,0,0,0,0,0,0,0,0,0,0,0,0,0,0,0,0,0,
"(org.eclipse.collections.impl.jmh.list.ListIterationTest.serial_mutable_ec,d613da2f751a0593fc53c8cc66152aeae4dab32e)",0,0,0,0,0,0,0,0,0,0,0,0,0,0,0,0,0,0,0,0,0,0,0,0,0,0,0,
"(org.eclipse.collections.impl.jmh.AnySatisfyTest.process_all_parallel_lazy_jdk,d613da2f751a0593fc53c8cc66152aeae4dab32e)",0,0,0,0,0,0,0,0,0,0,0,0,0,0,0,0,0,0,0,0,0,0,0,0,0,0,0,
"(org.eclipse.collections.impl.jmh.set.sorted.SortedSetIterationTest.parallel_immutable_scala,d613da2f751a0593fc53c8cc66152aeae4dab32e)",0,0,0,0,0,0,0,0,0,0,0,0,0,0,0,0,0,0,0,0,0,0,0,0,0,0,0,
"(org.eclipse.collections.impl.jmh.NoneSatisfyTest.process_all_parallel_lazy_ec,d613da2f751a0593fc53c8cc66152aeae4dab32e)",0,0,0,0,0,0,0,0,0,0,0,0,0,0,0,0,0,0,0,0,0,0,0,0,0,0,0,
"(org.eclipse.collections.impl.jmh.CollectTest.serial_lazy_scala,d613da2f751a0593fc53c8cc66152aeae4dab32e)",0,0,0,0,0,0,0,0,0,0,0,0,0,0,0,0,0,0,0,0,0,0,0,0,0,0,0,
"(org.eclipse.collections.impl.jmh.AllSatisfyTest.short_circuit_middle_serial_eager_ec,d613da2f751a0593fc53c8cc66152aeae4dab32e)",0,0,0,0,0,0,0,0,0,0,0,0,0,0,0,0,0,0,0,0,0,0,0,0,0,0,0,
"(org.eclipse.collections.impl.jmh.MaxByDoubleTest.maxByMarketValue_serial_lazy_direct_methodref_jdk,d613da2f751a0593fc53c8cc66152aeae4dab32e)",0,0,0,0,0,0,0,0,0,0,0,0,0,0,0,0,0,0,0,0,0,0,0,0,0,0,0,
"(org.eclipse.collections.impl.jmh.AggregateByTest.aggregateByProduct_parallel_lazy_streams_ec,d613da2f751a0593fc53c8cc66152aeae4dab32e)",0,0,0,0,0,0,0,0,0,0,0,0,0,0,0,0,0,0,0,0,0,0,0,0,0,0,0,
"(org.eclipse.collections.impl.jmh.SelectTest.parallel_lazy_ec,d613da2f751a0593fc53c8cc66152aeae4dab32e)",0,0,0,0,0,0,0,0,0,0,0,0,0,0,0,0,0,0,0,0,0,0,0,0,0,0,0,
"(org.eclipse.collections.impl.jmh.AnagramBagTest.serial_eager_ec,d613da2f751a0593fc53c8cc66152aeae4dab32e)",0,0,0,0,0,0,0,0,0,0,0,0,0,0,0,0,0,0,0,0,0,0,0,0,0,0,0,
"(org.eclipse.collections.impl.jmh.AnagramSetTest.parallel_eager_ec,d613da2f751a0593fc53c8cc66152aeae4dab32e)",0,0,0,0,0,0,0,0,0,0,0,0,0,0,0,0,0,0,0,0,0,0,0,0,0,0,0,
"(org.eclipse.collections.impl.jmh.AnySatisfyTest.short_circuit_middle_serial_lazy_streams_ec,d613da2f751a0593fc53c8cc66152aeae4dab32e)",0,0,0,0,0,0,0,0,0,0,0,0,0,0,0,0,0,0,0,0,0,0,0,0,0,0,0,
"(org.eclipse.collections.impl.jmh.SumByDoubleTest.sumByCategory_serial_eager_ec,d613da2f751a0593fc53c8cc66152aeae4dab32e)",0,0,3,0,0,0,0,0,0,0,0,0,0,0,5,0,0,0,0,0,0,0,0,0,0,0,8,
"(org.eclipse.collections.impl.jmh.GroupBySetTest.groupBy_100_keys_parallel_lazy_ec,d613da2f751a0593fc53c8cc66152aeae4dab32e)",0,0,0,0,0,0,0,0,0,0,0,0,0,0,0,0,0,0,0,0,0,0,0,0,0,0,0,
"(org.eclipse.collections.impl.jmh.SumOfDoubleTest.serial_lazy_collectDoubleSum_streams_ec,d613da2f751a0593fc53c8cc66152aeae4dab32e)",0,0,0,0,0,0,0,0,0,0,0,0,0,0,0,0,0,0,0,0,0,0,0,0,0,0,0,
"(org.eclipse.collections.impl.jmh.AnagramBagTest.parallel_eager_ec,d613da2f751a0593fc53c8cc66152aeae4dab32e)",0,0,0,0,0,0,0,0,0,0,0,0,0,0,0,0,0,0,0,0,0,0,0,0,0,0,0,
"(org.eclipse.collections.impl.jmh.GroupBySetTest.groupBy_10000_keys_serial_eager_scala,d613da2f751a0593fc53c8cc66152aeae4dab32e)",0,0,0,0,0,0,0,0,0,0,0,0,0,0,0,0,0,0,0,0,0,0,0,0,0,0,0,
"(org.eclipse.collections.impl.jmh.MinByIntTest.minByQuantity_serial_lazy_collect_methodref_jdk,d613da2f751a0593fc53c8cc66152aeae4dab32e)",0,0,0,0,0,0,0,0,0,0,0,0,0,0,0,0,0,0,0,0,0,0,0,0,0,0,0,
"(org.eclipse.collections.impl.jmh.BagAddAllTest.ec,d613da2f751a0593fc53c8cc66152aeae4dab32e)",0,0,0,0,0,0,0,0,0,0,0,0,0,0,0,0,0,0,0,0,0,0,0,0,0,0,0,
"(org.eclipse.collections.impl.jmh.list.ListIterationTest.serial_immutable_ec,d613da2f751a0593fc53c8cc66152aeae4dab32e)",0,0,0,0,0,0,0,0,0,0,0,0,0,0,0,0,0,0,0,0,0,0,0,0,0,0,0,
"(org.eclipse.collections.impl.jmh.RejectTest.serial_lazy_streams_ec_lambda_not,d613da2f751a0593fc53c8cc66152aeae4dab32e)",0,0,0,0,0,0,0,0,0,0,0,0,0,0,0,0,0,0,0,0,0,0,0,0,0,0,0,
"(org.eclipse.collections.impl.jmh.AnySatisfyTest.process_all_parallel_lazy_ec,d613da2f751a0593fc53c8cc66152aeae4dab32e)",0,0,0,0,0,0,0,0,0,0,0,0,0,0,0,0,0,0,0,0,0,0,0,0,0,0,0,
"(org.eclipse.collections.impl.jmh.MaxTest.serial_eager_ec,d613da2f751a0593fc53c8cc66152aeae4dab32e)",0,0,0,0,0,0,0,0,0,0,0,0,0,0,0,0,0,0,0,0,0,0,0,0,0,0,0,
"(org.eclipse.collections.impl.jmh.GroupBySetTest.groupBy_10000_keys_parallel_lazy_streams_ec,d613da2f751a0593fc53c8cc66152aeae4dab32e)",0,0,0,0,0,0,0,0,0,0,0,0,0,0,0,0,0,0,0,0,0,0,0,0,0,0,0,
"(org.eclipse.collections.impl.jmh.MinByDoubleTest.minByMarketValue_serial_lazy_direct_methodref_jdk,d613da2f751a0593fc53c8cc66152aeae4dab32e)",0,0,0,0,0,0,0,0,0,0,0,0,0,0,0,0,0,0,0,0,0,0,0,0,0,0,0,
"(org.eclipse.collections.impl.jmh.MinByDoubleTest.minByMarketValue_serial_eager_ec,d613da2f751a0593fc53c8cc66152aeae4dab32e)",0,0,0,0,0,0,0,0,0,0,0,0,0,0,0,0,0,0,0,0,0,0,0,0,0,0,0,
"(org.eclipse.collections.impl.jmh.NoneSatisfyTest.process_all_parallel_lazy_jdk,d613da2f751a0593fc53c8cc66152aeae4dab32e)",0,0,0,0,0,0,0,0,0,0,0,0,0,0,0,0,0,0,0,0,0,0,0,0,0,0,0,
"(org.eclipse.collections.impl.jmh.NoneSatisfyTest.process_none_serial_lazy_streams_ec,d613da2f751a0593fc53c8cc66152aeae4dab32e)",0,0,0,0,0,0,0,0,0,0,0,0,0,0,0,0,0,0,0,0,0,0,0,0,0,0,0,
"(org.eclipse.collections.impl.jmh.MinByIntTest.minByQuantity_serial_lazy_direct_methodref_jdk,d613da2f751a0593fc53c8cc66152aeae4dab32e)",0,0,0,0,0,0,0,0,0,0,0,0,0,0,0,0,0,0,0,0,0,0,0,0,0,0,0,
"(org.eclipse.collections.impl.jmh.AnySatisfyTest.process_all_serial_lazy_scala,d613da2f751a0593fc53c8cc66152aeae4dab32e)",0,0,0,0,0,0,0,0,0,0,0,0,0,0,0,0,0,0,0,0,0,0,0,0,0,0,0,
"(org.eclipse.collections.impl.jmh.LongLongMapSmallStressTest.kolobokeRemove,d613da2f751a0593fc53c8cc66152aeae4dab32e)",0,0,0,0,0,0,0,0,0,0,0,0,0,0,0,0,0,0,0,0,0,0,0,0,0,0,0,
"(org.eclipse.collections.impl.jmh.RejectTest.serial_lazy_ec,d613da2f751a0593fc53c8cc66152aeae4dab32e)",0,0,0,0,0,0,0,0,0,0,0,0,0,0,0,0,0,0,0,0,0,0,0,0,0,0,0,
"(org.eclipse.collections.impl.jmh.MinByDoubleTest.minByMarketValue_parallel_lazy_direct_lambda_jdk,d613da2f751a0593fc53c8cc66152aeae4dab32e)",0,0,0,0,0,0,0,0,0,0,0,0,0,0,0,0,0,0,0,0,0,0,0,0,0,0,0,
"(org.eclipse.collections.impl.jmh.GroupBySetTest.groupBy_100_keys_serial_eager_scala,d613da2f751a0593fc53c8cc66152aeae4dab32e)",0,0,0,0,0,0,0,0,0,0,0,0,0,0,0,0,0,0,0,0,0,0,0,0,0,0,0,
"(org.eclipse.collections.impl.jmh.AnagramListTest.serial_lazy_jdk,d613da2f751a0593fc53c8cc66152aeae4dab32e)",0,0,0,0,0,0,0,0,0,0,0,0,0,0,0,0,0,0,0,0,0,0,0,0,0,0,0,
"(org.eclipse.collections.impl.jmh.FlatCollectTest.serial_lazy_streams_ec,d613da2f751a0593fc53c8cc66152aeae4dab32e)",0,0,0,0,0,0,0,0,0,0,0,0,0,0,0,0,0,0,0,0,0,0,0,0,0,0,0,
"(org.eclipse.collections.impl.jmh.SetAddAllTest.jdk,d613da2f751a0593fc53c8cc66152aeae4dab32e)",0,0,0,0,0,0,0,0,0,0,0,0,0,0,0,0,0,0,0,0,0,0,0,0,0,0,0,
"(org.eclipse.collections.impl.jmh.AnySatisfyTest.process_all_serial_eager_ec,d613da2f751a0593fc53c8cc66152aeae4dab32e)",0,0,0,0,0,0,0,0,0,0,0,0,0,0,0,0,0,0,0,0,0,0,0,0,0,0,0,
"(org.eclipse.collections.impl.jmh.IntIntMapSmallStressTest.kolobokePut,d613da2f751a0593fc53c8cc66152aeae4dab32e)",0,0,0,0,0,0,0,0,0,0,0,0,0,0,0,0,0,0,0,0,0,0,0,0,0,0,0,
"(org.eclipse.collections.impl.jmh.GroupBySetTest.groupBy_2_keys_parallel_lazy_jdk,d613da2f751a0593fc53c8cc66152aeae4dab32e)",0,0,0,0,0,0,0,0,0,0,0,0,0,0,0,0,0,0,0,0,0,0,0,0,0,0,0,
"(org.eclipse.collections.impl.jmh.SumOfIntTest.serial_lazy_mapToLongSum_streams_ec,d613da2f751a0593fc53c8cc66152aeae4dab32e)",0,0,0,0,0,0,0,0,0,0,0,0,0,0,0,0,0,0,0,0,0,0,0,0,0,0,0,
"(org.eclipse.collections.impl.jmh.MinByDoubleTest.minByMarketValue_parallel_lazy_direct_methodref_jdk,d613da2f751a0593fc53c8cc66152aeae4dab32e)",0,0,0,0,0,0,0,0,0,0,0,0,0,0,0,0,0,0,0,0,0,0,0,0,0,0,0,
"(org.eclipse.collections.impl.jmh.AllSatisfyTest.process_all_serial_lazy_jdk,d613da2f751a0593fc53c8cc66152aeae4dab32e)",0,0,0,0,0,0,0,0,0,0,0,0,0,0,0,0,0,0,0,0,0,0,0,0,0,0,0,
"(org.eclipse.collections.impl.jmh.CountTest.parallel_lazy_scala,d613da2f751a0593fc53c8cc66152aeae4dab32e)",0,0,0,0,0,0,0,0,0,0,0,0,0,0,0,0,0,0,0,0,0,0,0,0,0,0,0,
"(org.eclipse.collections.impl.jmh.MinByDoubleTest.minByMarketValue_serial_lazy_ec,d613da2f751a0593fc53c8cc66152aeae4dab32e)",0,0,0,0,0,0,0,0,0,0,0,0,0,0,0,0,0,0,0,0,0,0,0,0,0,0,0,
"(org.eclipse.collections.impl.jmh.MinByIntTest.minByQuantity_parallel_lazy_ec,d613da2f751a0593fc53c8cc66152aeae4dab32e)",0,0,0,0,0,0,0,0,0,0,0,0,0,0,0,0,0,0,0,0,0,0,0,0,0,0,0,
"(org.eclipse.collections.impl.jmh.ListEqualTest.jdk,d613da2f751a0593fc53c8cc66152aeae4dab32e)",0,0,0,0,0,0,0,0,0,0,0,0,0,0,0,0,0,0,0,0,0,0,0,0,0,0,0,
"(org.eclipse.collections.impl.jmh.AnagramSetTest.serial_lazy_scala,d613da2f751a0593fc53c8cc66152aeae4dab32e)",0,0,0,0,0,0,0,0,0,0,0,0,0,0,0,0,0,0,0,0,0,0,0,0,0,0,0,
"(org.eclipse.collections.impl.jmh.AllSatisfyTest.process_all_parallel_lazy_ec,d613da2f751a0593fc53c8cc66152aeae4dab32e)",0,0,0,0,0,0,0,0,0,0,0,0,0,0,0,0,0,0,0,0,0,0,0,0,0,0,0,
"(org.eclipse.collections.impl.jmh.FunctionalInterfaceTest.parallel_lazy_jdk,d613da2f751a0593fc53c8cc66152aeae4dab32e)",0,0,0,0,0,0,0,0,0,0,0,0,0,0,0,0,0,0,0,0,0,0,0,0,0,0,0,
"(org.eclipse.collections.impl.jmh.SelectTest.parallel_lazy_streams_ec,d613da2f751a0593fc53c8cc66152aeae4dab32e)",0,0,0,0,0,0,0,0,0,0,0,0,0,0,0,0,0,0,0,0,0,0,0,0,0,0,0,
"(org.eclipse.collections.impl.jmh.MinTest.serial_lazy_intstream_streams_ec,d613da2f751a0593fc53c8cc66152aeae4dab32e)",0,0,0,0,0,0,0,0,0,0,0,0,0,0,0,0,0,0,0,0,0,0,0,0,0,0,0,
"(org.eclipse.collections.impl.jmh.MinTest.serial_lazy_streams_ec,d613da2f751a0593fc53c8cc66152aeae4dab32e)",0,0,0,0,0,0,0,0,0,0,0,0,0,0,0,0,0,0,0,0,0,0,0,0,0,0,0,
"(org.eclipse.collections.impl.jmh.AllSatisfyTest.process_all_serial_lazy_streams_ec,d613da2f751a0593fc53c8cc66152aeae4dab32e)",0,0,0,0,0,0,0,0,0,0,0,0,0,0,0,0,0,0,0,0,0,0,0,0,0,0,0,
"(org.eclipse.collections.impl.jmh.map.HppcMutableMapGetTest.get,d613da2f751a0593fc53c8cc66152aeae4dab32e)",0,0,0,0,0,0,0,0,0,0,0,0,0,0,0,0,0,0,0,0,0,0,0,0,0,0,0,
"(org.eclipse.collections.impl.jmh.LongLongMapLargeStressTest.ecRemove,d613da2f751a0593fc53c8cc66152aeae4dab32e)",0,0,0,0,0,0,0,0,0,0,0,0,0,0,0,0,0,0,0,0,0,0,0,0,0,0,0,
"(org.eclipse.collections.impl.jmh.CountTest.parallel_lazy_ec,d613da2f751a0593fc53c8cc66152aeae4dab32e)",0,0,0,0,0,0,0,0,0,0,0,0,0,0,0,0,0,0,0,0,0,0,0,0,0,0,0,
"(org.eclipse.collections.impl.jmh.SumOfDoubleTest.parallel_lazy_collectDoubleSum_streams_ec,d613da2f751a0593fc53c8cc66152aeae4dab32e)",0,0,0,0,0,0,0,0,0,0,0,0,0,0,0,0,0,0,0,0,0,0,0,0,0,0,0,
"(org.eclipse.collections.impl.jmh.set.sorted.SortedSetIterationTest.serial_immutable_scala,d613da2f751a0593fc53c8cc66152aeae4dab32e)",0,0,0,0,0,0,0,0,0,0,0,0,0,0,0,0,0,0,0,0,0,0,0,0,0,0,0,
"(org.eclipse.collections.impl.jmh.IntIntMapLargeStressTest.ecRemove,d613da2f751a0593fc53c8cc66152aeae4dab32e)",0,0,0,0,0,0,0,0,0,0,0,0,0,0,0,0,0,0,0,0,0,0,0,0,0,0,0,
"(org.eclipse.collections.impl.jmh.CollectIfTest.parallel_lazy_jdk,d613da2f751a0593fc53c8cc66152aeae4dab32e)",0,0,0,0,0,0,0,0,0,0,0,0,0,0,0,0,0,0,0,0,0,0,0,0,0,0,0,
"(org.eclipse.collections.impl.jmh.SumByDoubleTest.sumByCategory_parallel_eager_ec,d613da2f751a0593fc53c8cc66152aeae4dab32e)",0,0,0,0,0,0,0,0,0,0,0,0,0,0,0,0,0,0,0,0,0,0,0,0,0,0,0,
"(org.eclipse.collections.impl.jmh.SumOfIntTest.serial_lazy_mapToIntSum_streams_ec,d613da2f751a0593fc53c8cc66152aeae4dab32e)",0,0,0,0,0,0,0,0,0,0,0,0,0,0,0,0,0,0,0,0,0,0,0,0,0,0,0,
"(org.eclipse.collections.impl.jmh.SumOfIntTest.serial_lazy_mapToLongSum_jdk,d613da2f751a0593fc53c8cc66152aeae4dab32e)",0,0,0,0,0,0,0,0,0,0,0,0,0,0,0,0,0,0,0,0,0,0,0,0,0,0,0,
"(org.eclipse.collections.impl.jmh.GroupByListTest.groupBy_2_keys_serial_eager_scala,d613da2f751a0593fc53c8cc66152aeae4dab32e)",0,0,0,0,0,0,0,0,0,0,0,0,0,0,0,0,0,0,0,0,0,0,0,0,0,0,0,
"(org.eclipse.collections.impl.jmh.MaxByDoubleTest.maxByMarketValue_parallel_lazy_collect_methodref_jdk,d613da2f751a0593fc53c8cc66152aeae4dab32e)",0,0,0,0,0,0,0,0,0,0,0,0,0,0,0,0,0,0,0,0,0,0,0,0,0,0,0,
"(org.eclipse.collections.impl.jmh.NoneSatisfyTest.short_circuit_middle_serial_lazy_streams_ec,d613da2f751a0593fc53c8cc66152aeae4dab32e)",0,0,0,0,0,0,0,0,0,0,0,0,0,0,0,0,0,0,0,0,0,0,0,0,0,0,0,
"(org.eclipse.collections.impl.jmh.MinTest.parallel_lazy_ec,d613da2f751a0593fc53c8cc66152aeae4dab32e)",0,0,0,0,0,0,0,0,0,0,0,0,0,0,0,0,0,0,0,0,0,0,0,0,0,0,0,
"(org.eclipse.collections.impl.jmh.GroupBySetTest.groupBy_2_keys_serial_lazy_jdk,d613da2f751a0593fc53c8cc66152aeae4dab32e)",0,0,0,0,0,0,0,0,0,0,0,0,0,0,0,0,0,0,0,0,0,0,0,0,0,0,0,
"(org.eclipse.collections.impl.jmh.map.ChainMapPutTest.jdk,d613da2f751a0593fc53c8cc66152aeae4dab32e)",0,0,0,0,0,0,0,0,0,0,0,0,0,0,0,0,0,0,0,0,0,0,0,0,0,0,0,
"(org.eclipse.collections.impl.jmh.LongIntMapTest.get,d613da2f751a0593fc53c8cc66152aeae4dab32e)",0,0,0,0,0,0,0,0,0,0,0,0,0,0,0,0,0,0,0,0,0,0,0,0,0,0,0,
"(org.eclipse.collections.impl.jmh.map.EcMutableMapGetTest.get,d613da2f751a0593fc53c8cc66152aeae4dab32e)",0,0,0,0,0,0,0,0,0,0,0,0,0,0,0,0,0,0,0,0,0,0,0,0,0,0,0,
"(org.eclipse.collections.impl.jmh.AnySatisfyTest.process_all_parallel_lazy_streams_ec,d613da2f751a0593fc53c8cc66152aeae4dab32e)",0,0,0,0,0,0,0,0,0,0,0,0,0,0,0,0,0,0,0,0,0,0,0,0,0,0,0,
"(org.eclipse.collections.impl.jmh.AggregateByTest.aggregateInPlaceByProduct_parallel_eager_ec,d613da2f751a0593fc53c8cc66152aeae4dab32e)",0,0,0,0,0,0,0,0,0,0,0,0,0,0,0,0,0,0,0,0,0,0,0,0,0,0,0,
"(org.eclipse.collections.impl.jmh.AnySatisfyTest.short_circuit_middle_parallel_lazy_ec,d613da2f751a0593fc53c8cc66152aeae4dab32e)",0,0,0,0,0,0,0,0,0,0,0,0,0,0,0,0,0,0,0,0,0,0,0,0,0,0,0,
"(org.eclipse.collections.impl.jmh.CollectTest.parallel_lazy_ec,d613da2f751a0593fc53c8cc66152aeae4dab32e)",0,0,0,0,0,0,0,0,0,0,0,0,0,0,0,0,0,0,0,0,0,0,0,0,0,0,0,
"(org.eclipse.collections.impl.jmh.LongIntMapTest.copyTest,d613da2f751a0593fc53c8cc66152aeae4dab32e)",0,0,0,0,0,0,0,0,0,0,0,0,0,0,0,0,0,0,0,0,0,0,0,0,0,0,0,
"(org.eclipse.collections.impl.jmh.MaxByIntTest.maxByQuantity_parallel_lazy_collect_lambda_jdk,d613da2f751a0593fc53c8cc66152aeae4dab32e)",0,0,0,0,0,0,0,0,0,0,0,0,0,0,0,0,0,0,0,0,0,0,0,0,0,0,0,
"(org.eclipse.collections.impl.jmh.AggregateByTest.aggregateInPlaceByAccount_parallel_eager_ec,d613da2f751a0593fc53c8cc66152aeae4dab32e)",0,0,0,0,0,0,0,0,0,0,0,0,0,0,0,0,0,0,0,0,0,0,0,0,0,0,0,
"(org.eclipse.collections.impl.jmh.AggregateByTest.aggregateByCategory_parallel_lazy_jdk,d613da2f751a0593fc53c8cc66152aeae4dab32e)",0,0,0,0,0,0,0,0,0,0,0,0,0,0,0,0,0,0,0,0,0,0,0,0,0,0,0,
"(org.eclipse.collections.impl.jmh.AnySatisfyTest.short_circuit_middle_serial_lazy_ec,d613da2f751a0593fc53c8cc66152aeae4dab32e)",0,0,0,0,0,0,0,0,0,0,0,0,0,0,0,0,0,0,0,0,0,0,0,0,0,0,0,
"(org.eclipse.collections.impl.jmh.CountSetTest.parallel_lazy_scala,d613da2f751a0593fc53c8cc66152aeae4dab32e)",0,0,0,0,0,0,0,0,0,0,0,0,0,0,0,0,0,0,0,0,0,0,0,0,0,0,0,
"(org.eclipse.collections.impl.jmh.AllSatisfyTest.process_all_serial_eager_ec,d613da2f751a0593fc53c8cc66152aeae4dab32e)",0,0,0,0,0,0,0,0,0,0,0,0,0,0,0,0,0,0,0,0,0,0,0,0,0,0,0,
"(org.eclipse.collections.impl.jmh.AnagramSetTest.serial_eager_ec,d613da2f751a0593fc53c8cc66152aeae4dab32e)",0,0,0,0,0,0,0,0,0,0,0,0,0,0,0,0,0,0,0,0,0,0,0,0,0,0,0,
"(org.eclipse.collections.impl.jmh.SumOfIntTest.serial_eager_collectIntSum_ec,d613da2f751a0593fc53c8cc66152aeae4dab32e)",0,0,0,0,0,0,0,0,0,0,0,0,0,0,0,0,0,0,0,0,0,0,0,0,0,0,0,
"(org.eclipse.collections.impl.jmh.CollectTest.serial_eager_scala,d613da2f751a0593fc53c8cc66152aeae4dab32e)",0,0,0,0,0,0,0,0,0,0,0,0,0,0,0,0,0,0,0,0,0,0,0,0,0,0,0,
"(org.eclipse.collections.impl.jmh.PartitionTest.serial_lazy_jdk,d613da2f751a0593fc53c8cc66152aeae4dab32e)",0,0,0,0,0,0,0,0,0,0,0,0,0,0,0,0,0,0,0,0,0,0,0,0,0,0,0,
"(org.eclipse.collections.impl.jmh.IntIntMapSmallStressTest.jdkPut,d613da2f751a0593fc53c8cc66152aeae4dab32e)",0,0,0,0,0,0,0,0,0,0,0,0,0,0,0,0,0,0,0,0,0,0,0,0,0,0,0,
"(org.eclipse.collections.impl.jmh.MaxByDoubleTest.maxByMarketValue_parallel_lazy_ec,d613da2f751a0593fc53c8cc66152aeae4dab32e)",0,0,0,0,0,0,0,0,0,0,0,0,0,0,0,0,0,0,0,0,0,0,0,0,0,0,0,
"(org.eclipse.collections.impl.jmh.IntIntMapLargeStressTest.ecGet,d613da2f751a0593fc53c8cc66152aeae4dab32e)",0,0,0,0,0,0,0,0,0,0,0,0,0,0,0,0,0,0,0,0,0,0,0,0,0,0,0,
"(org.eclipse.collections.impl.jmh.MinByDoubleTest.minByMarketValue_serial_lazy_collect_methodref_jdk,d613da2f751a0593fc53c8cc66152aeae4dab32e)",0,0,0,0,0,0,0,0,0,0,0,0,0,0,0,0,0,0,0,0,0,0,0,0,0,0,0,
"(org.eclipse.collections.impl.jmh.MaxByDoubleTest.maxByMarketValue_parallel_lazy_direct_lambda_jdk,d613da2f751a0593fc53c8cc66152aeae4dab32e)",0,0,0,0,0,0,0,0,0,0,0,0,0,0,0,0,0,0,0,0,0,0,0,0,0,0,0,
"(org.eclipse.collections.impl.jmh.AggregateByTest.aggregateByCategory_serial_lazy_ec,d613da2f751a0593fc53c8cc66152aeae4dab32e)",0,0,0,0,0,0,0,0,0,0,0,0,0,0,0,0,0,0,0,0,0,0,0,0,0,0,0,
"(org.eclipse.collections.impl.jmh.IntIntMapSmallStressTest.jdkRemove,d613da2f751a0593fc53c8cc66152aeae4dab32e)",0,0,0,0,0,0,0,0,0,0,0,0,0,0,0,0,0,0,0,0,0,0,0,0,0,0,0,
"(org.eclipse.collections.impl.jmh.GroupByListTest.groupBy_10000_keys_serial_lazy_streams_ec,d613da2f751a0593fc53c8cc66152aeae4dab32e)",0,0,0,0,0,0,0,0,0,0,0,0,0,0,0,0,0,0,0,0,0,0,0,0,0,0,0,
"(org.eclipse.collections.impl.jmh.MinTest.parallel_lazy_reverse_ec,d613da2f751a0593fc53c8cc66152aeae4dab32e)",0,0,0,0,0,0,0,0,0,0,0,0,0,0,0,0,0,0,0,0,0,0,0,0,0,0,0,
"(org.eclipse.collections.impl.jmh.AnagramBagTest.parallel_lazy_jdk,d613da2f751a0593fc53c8cc66152aeae4dab32e)",0,0,0,0,0,0,0,0,0,0,0,0,0,0,0,0,0,0,0,0,0,0,0,0,0,0,0,
"(org.eclipse.collections.impl.jmh.RejectTest.serial_lazy_jdk_lambda_not,d613da2f751a0593fc53c8cc66152aeae4dab32e)",0,0,0,0,0,0,0,0,0,0,0,0,0,0,0,0,0,0,0,0,0,0,0,0,0,0,0,
"(org.eclipse.collections.impl.jmh.SumByDoubleTest.sumByAccount_parallel_lazy_jdk,d613da2f751a0593fc53c8cc66152aeae4dab32e)",0,0,0,0,0,0,0,0,0,0,0,0,0,0,0,0,0,0,0,0,0,0,0,0,0,0,0,
"(org.eclipse.collections.impl.jmh.set.sorted.SortedSetContainsTest.contains_immutable_ec,d613da2f751a0593fc53c8cc66152aeae4dab32e)",0,0,0,0,0,0,0,0,0,0,0,0,0,0,0,0,0,0,0,0,0,0,0,0,0,0,0,
"(org.eclipse.collections.impl.jmh.NoneSatisfyTest.short_circuit_middle_parallel_lazy_ec,d613da2f751a0593fc53c8cc66152aeae4dab32e)",0,0,0,0,0,0,0,0,0,0,0,0,0,0,0,0,0,0,0,0,0,0,0,0,0,0,0,
"(org.eclipse.collections.impl.jmh.NoneSatisfyTest.short_circuit_middle_serial_eager_ec,d613da2f751a0593fc53c8cc66152aeae4dab32e)",0,0,0,0,0,0,0,0,0,0,0,0,0,0,0,0,0,0,0,0,0,0,0,0,0,0,0,
"(org.eclipse.collections.impl.jmh.MaxTest.serial_lazy_ec,d613da2f751a0593fc53c8cc66152aeae4dab32e)",0,0,0,0,0,0,0,0,0,0,0,0,0,0,0,0,0,0,0,0,0,0,0,0,0,0,0,
"(org.eclipse.collections.impl.jmh.SumOfIntTest.parallel_lazy_mapToIntSum_streams_ec,d613da2f751a0593fc53c8cc66152aeae4dab32e)",0,0,0,0,0,0,0,0,0,0,0,0,0,0,0,0,0,0,0,0,0,0,0,0,0,0,0,
"(org.eclipse.collections.impl.jmh.MinByIntTest.minByQuantity_serial_lazy_collect_lambda_jdk,d613da2f751a0593fc53c8cc66152aeae4dab32e)",0,0,0,0,0,0,0,0,0,0,0,0,0,0,0,0,0,0,0,0,0,0,0,0,0,0,0,
"(org.eclipse.collections.impl.jmh.GroupBySetTest.groupBy_10000_keys_parallel_lazy_jdk,d613da2f751a0593fc53c8cc66152aeae4dab32e)",0,0,0,0,0,0,0,0,0,0,0,0,0,0,0,0,0,0,0,0,0,0,0,0,0,0,0,
"(org.eclipse.collections.impl.jmh.CollectTest.serial_eager_ec,d613da2f751a0593fc53c8cc66152aeae4dab32e)",0,0,0,0,0,0,0,0,0,0,0,0,0,0,0,0,0,0,0,0,0,0,0,0,0,0,0,
"(org.eclipse.collections.impl.jmh.CountSetTest.parallel_lazy_jdk,d613da2f751a0593fc53c8cc66152aeae4dab32e)",0,0,0,0,0,0,0,0,0,0,0,0,0,0,0,0,0,0,0,0,0,0,0,0,0,0,0,
"(org.eclipse.collections.impl.jmh.list.ListIterationTest.parallel_immutable_ec,d613da2f751a0593fc53c8cc66152aeae4dab32e)",0,0,0,0,0,0,0,0,0,0,0,0,0,0,0,0,0,0,0,0,0,0,0,0,0,0,0,
"(org.eclipse.collections.impl.jmh.LongIntMapTest.put,d613da2f751a0593fc53c8cc66152aeae4dab32e)",0,0,0,0,0,0,0,0,0,0,0,0,0,0,0,0,0,0,0,0,0,0,0,0,0,0,0,
"(org.eclipse.collections.impl.jmh.AnySatisfyTest.process_all_serial_lazy_jdk,d613da2f751a0593fc53c8cc66152aeae4dab32e)",0,0,0,0,0,0,0,0,0,0,0,0,0,0,0,0,0,0,0,0,0,0,0,0,0,0,0,
"(org.eclipse.collections.impl.jmh.FunctionalInterfaceSetTest.parallel_lazy_ec,d613da2f751a0593fc53c8cc66152aeae4dab32e)",0,0,0,0,0,0,0,0,0,0,0,0,0,0,0,0,0,0,0,0,0,0,0,0,0,0,0,
"(org.eclipse.collections.impl.jmh.AllSatisfyTest.short_circuit_middle_parallel_lazy_ec,d613da2f751a0593fc53c8cc66152aeae4dab32e)",0,0,0,0,0,0,0,0,0,0,0,0,0,0,0,0,0,0,0,0,0,0,0,0,0,0,0,
"(org.eclipse.collections.impl.jmh.list.ListIterationTest.serial_mutable_scala,d613da2f751a0593fc53c8cc66152aeae4dab32e)",0,0,0,0,0,0,0,0,0,0,0,0,0,0,0,0,0,0,0,0,0,0,0,0,0,0,0,
"(org.eclipse.collections.impl.jmh.PartitionTest.serial_eager_ec,d613da2f751a0593fc53c8cc66152aeae4dab32e)",0,0,0,0,0,0,0,0,0,0,0,0,0,0,0,0,0,0,0,0,0,0,0,0,0,0,0,
"(org.eclipse.collections.impl.jmh.AggregateByTest.aggregateByCategory_serial_lazy_jdk,d613da2f751a0593fc53c8cc66152aeae4dab32e)",0,0,0,0,0,0,0,0,0,0,0,0,0,0,0,0,0,0,0,0,0,0,0,0,0,0,0,
"(org.eclipse.collections.impl.jmh.AnagramListTest.serial_lazy_streams_ec,d613da2f751a0593fc53c8cc66152aeae4dab32e)",0,0,0,0,0,0,0,0,0,0,0,0,0,0,0,0,0,0,0,0,0,0,0,0,0,0,0,
"(org.eclipse.collections.impl.jmh.GroupBySetTest.groupBy_2_keys_serial_eager_scala,d613da2f751a0593fc53c8cc66152aeae4dab32e)",0,0,0,0,0,0,0,0,0,0,0,0,0,0,0,0,0,0,0,0,0,0,0,0,0,0,0,
"(org.eclipse.collections.impl.jmh.map.TroveMapPutTest.trove,d613da2f751a0593fc53c8cc66152aeae4dab32e)",0,0,0,0,0,0,0,0,0,0,0,0,0,0,0,0,0,0,0,0,0,0,0,0,0,0,0,
"(org.eclipse.collections.impl.jmh.FlatCollectTest.serial_lazy_ec,d613da2f751a0593fc53c8cc66152aeae4dab32e)",0,0,0,0,0,0,0,0,0,0,0,0,0,0,0,0,0,0,0,0,0,0,0,0,0,0,0,
"(org.eclipse.collections.impl.jmh.GroupBySetTest.groupBy_10000_keys_serial_lazy_streams_ec,d613da2f751a0593fc53c8cc66152aeae4dab32e)",0,0,0,0,0,0,0,0,0,0,0,0,0,0,0,0,0,0,0,0,0,0,0,0,0,0,0,
"(org.eclipse.collections.impl.jmh.map.KolobokeMutableMapGetTest.get,d613da2f751a0593fc53c8cc66152aeae4dab32e)",0,0,0,0,0,0,0,0,0,0,0,0,0,0,0,0,0,0,0,0,0,0,0,0,0,0,0,
"(org.eclipse.collections.impl.jmh.GroupBySetTest.groupBy_10000_keys_parallel_lazy_scala,d613da2f751a0593fc53c8cc66152aeae4dab32e)",0,0,0,0,0,0,0,0,0,0,0,0,0,0,0,0,0,0,0,0,0,0,0,0,0,0,0,
"(org.eclipse.collections.impl.jmh.map.ChainMapPutTest.scala,d613da2f751a0593fc53c8cc66152aeae4dab32e)",0,0,0,0,0,0,0,0,0,0,0,0,0,0,0,0,0,0,0,0,0,0,0,0,0,0,0,
"(org.eclipse.collections.impl.jmh.FunctionalInterfaceTest.parallel_lazy_scala,d613da2f751a0593fc53c8cc66152aeae4dab32e)",0,0,0,0,0,0,0,0,0,0,0,0,0,0,0,0,0,0,0,0,0,0,0,0,0,0,0,
"(org.eclipse.collections.impl.jmh.FunctionalInterfaceTest.serial_eager_ec,d613da2f751a0593fc53c8cc66152aeae4dab32e)",0,0,0,0,0,0,0,0,0,0,0,0,0,0,0,0,0,0,0,0,0,0,0,0,0,0,0,
"(org.eclipse.collections.impl.jmh.SumByDoubleTest.sumByAccount_serial_eager_ec,d613da2f751a0593fc53c8cc66152aeae4dab32e)",0,0,3,0,0,0,0,0,0,0,0,0,0,0,5,0,0,0,0,0,0,0,0,0,0,0,8,
"(org.eclipse.collections.impl.jmh.SumByDoubleTest.sumByProduct_parallel_lazy_jdk,d613da2f751a0593fc53c8cc66152aeae4dab32e)",0,0,0,0,0,0,0,0,0,0,0,0,0,0,0,0,0,0,0,0,0,0,0,0,0,0,0,
"(org.eclipse.collections.impl.jmh.SumOfDoubleTest.parallel_lazy_collectDoubleSum_jdk,d613da2f751a0593fc53c8cc66152aeae4dab32e)",0,0,0,0,0,0,0,0,0,0,0,0,0,0,0,0,0,0,0,0,0,0,0,0,0,0,0,
"(org.eclipse.collections.impl.jmh.map.TroveMutableMapGetTest.get,d613da2f751a0593fc53c8cc66152aeae4dab32e)",0,0,0,0,0,0,0,0,0,0,0,0,0,0,0,0,0,0,0,0,0,0,0,0,0,0,0,
"(org.eclipse.collections.impl.jmh.MinTest.parallel_lazy_intstream_jdk,d613da2f751a0593fc53c8cc66152aeae4dab32e)",0,0,0,0,0,0,0,0,0,0,0,0,0,0,0,0,0,0,0,0,0,0,0,0,0,0,0,
"(org.eclipse.collections.impl.jmh.SumOfIntTest.serial_eager_sum_intList,d613da2f751a0593fc53c8cc66152aeae4dab32e)",0,0,0,0,0,0,0,0,0,0,0,0,0,0,0,0,0,0,0,0,0,0,0,0,0,0,0,
"(org.eclipse.collections.impl.jmh.set.sorted.SortedSetIterationTest.parallel_mutable_ec,d613da2f751a0593fc53c8cc66152aeae4dab32e)",0,0,0,0,0,0,0,0,0,0,0,0,0,0,0,0,0,0,0,0,0,0,0,0,0,0,0,
"(org.eclipse.collections.impl.jmh.MaxByDoubleTest.maxByMarketValue_serial_lazy_collect_lambda_jdk,d613da2f751a0593fc53c8cc66152aeae4dab32e)",0,0,0,0,0,0,0,0,0,0,0,0,0,0,0,0,0,0,0,0,0,0,0,0,0,0,0,
"(org.eclipse.collections.impl.jmh.NoneSatisfyTest.process_none_serial_lazy_jdk,d613da2f751a0593fc53c8cc66152aeae4dab32e)",0,0,0,0,0,0,0,0,0,0,0,0,0,0,0,0,0,0,0,0,0,0,0,0,0,0,0,
"(org.eclipse.collections.impl.jmh.GroupByListTest.groupBy_100_keys_serial_lazy_scala,d613da2f751a0593fc53c8cc66152aeae4dab32e)",0,0,0,0,0,0,0,0,0,0,0,0,0,0,0,0,0,0,0,0,0,0,0,0,0,0,0,
"(org.eclipse.collections.impl.jmh.LongLongMapSmallStressTest.ecRemove,d613da2f751a0593fc53c8cc66152aeae4dab32e)",0,0,0,0,0,0,0,0,0,0,0,0,0,0,0,0,0,0,0,0,0,0,0,0,0,0,0,
"(org.eclipse.collections.impl.jmh.map.MapGrowthTest.mutableEcPut,d613da2f751a0593fc53c8cc66152aeae4dab32e)",0,0,0,0,0,0,0,0,0,0,0,0,0,0,0,0,0,0,0,0,0,0,0,0,0,0,0,
"(org.eclipse.collections.impl.jmh.FunctionalInterfaceSetTest.serial_eager_ec,d613da2f751a0593fc53c8cc66152aeae4dab32e)",0,0,0,0,0,0,0,0,0,0,0,0,0,0,0,0,0,0,0,0,0,0,0,0,0,0,0,
"(org.eclipse.collections.impl.jmh.MaxByDoubleTest.maxByMarketValue_serial_eager_ec,d613da2f751a0593fc53c8cc66152aeae4dab32e)",0,0,0,0,0,0,0,0,0,0,0,0,0,0,0,0,0,0,0,0,0,0,0,0,0,0,0,
"(org.eclipse.collections.impl.jmh.MaxByIntTest.maxByQuantity_parallel_lazy_collect_methodref_jdk,d613da2f751a0593fc53c8cc66152aeae4dab32e)",0,0,0,0,0,0,0,0,0,0,0,0,0,0,0,0,0,0,0,0,0,0,0,0,0,0,0,
"(org.eclipse.collections.impl.jmh.GroupByListTest.groupBy_100_keys_serial_eager_scala,d613da2f751a0593fc53c8cc66152aeae4dab32e)",0,0,0,0,0,0,0,0,0,0,0,0,0,0,0,0,0,0,0,0,0,0,0,0,0,0,0,
"(org.eclipse.collections.impl.jmh.map.MapGrowthTest.immutableScalaPut,d613da2f751a0593fc53c8cc66152aeae4dab32e)",0,0,0,0,0,0,0,0,0,0,0,0,0,0,0,0,0,0,0,0,0,0,0,0,0,0,0,
"(org.eclipse.collections.impl.jmh.GroupByListTest.groupBy_2_keys_serial_lazy_jdk,d613da2f751a0593fc53c8cc66152aeae4dab32e)",0,0,0,0,0,0,0,0,0,0,0,0,0,0,0,0,0,0,0,0,0,0,0,0,0,0,0,
"(org.eclipse.collections.impl.jmh.MaxByDoubleTest.maxByMarketValue_serial_lazy_collect_methodref_jdk,d613da2f751a0593fc53c8cc66152aeae4dab32e)",0,0,0,0,0,0,0,0,0,0,0,0,0,0,0,0,0,0,0,0,0,0,0,0,0,0,0,
"(org.eclipse.collections.impl.jmh.SumByDoubleTest.sumByProduct_serial_lazy_jdk,d613da2f751a0593fc53c8cc66152aeae4dab32e)",0,0,0,0,0,0,0,0,0,0,0,0,0,0,0,0,0,0,0,0,0,0,0,0,0,0,0,
"(org.eclipse.collections.impl.jmh.AggregateByTest.aggregateByProduct_parallel_eager_ec,d613da2f751a0593fc53c8cc66152aeae4dab32e)",0,0,0,0,0,0,0,0,0,0,0,0,0,0,0,0,0,0,0,0,0,0,0,0,0,0,0,
"(org.eclipse.collections.impl.jmh.AnagramSetTest.serial_lazy_streams_ec,d613da2f751a0593fc53c8cc66152aeae4dab32e)",0,0,0,0,0,0,0,0,0,0,0,0,0,0,0,0,0,0,0,0,0,0,0,0,0,0,0,
"(org.eclipse.collections.impl.jmh.MaxTest.serial_lazy_jdk,d613da2f751a0593fc53c8cc66152aeae4dab32e)",0,0,0,0,0,0,0,0,0,0,0,0,0,0,0,0,0,0,0,0,0,0,0,0,0,0,0,
"(org.eclipse.collections.impl.jmh.AnagramBagTest.parallel_lazy_ec,d613da2f751a0593fc53c8cc66152aeae4dab32e)",0,0,0,0,0,0,0,0,0,0,0,0,0,0,0,0,0,0,0,0,0,0,0,0,0,0,0,
"(org.eclipse.collections.impl.jmh.GroupByListTest.groupBy_2_keys_serial_lazy_ec,d613da2f751a0593fc53c8cc66152aeae4dab32e)",0,0,0,0,0,0,0,0,0,0,0,0,0,0,0,0,0,0,0,0,0,0,0,0,0,0,0,
"(org.eclipse.collections.impl.jmh.CollectIfTest.serial_lazy_ec,d613da2f751a0593fc53c8cc66152aeae4dab32e)",0,0,0,0,0,0,0,0,0,0,0,0,0,0,0,0,0,0,0,0,0,0,0,0,0,0,0,
"(org.eclipse.collections.impl.jmh.AggregateByTest.aggregateByProduct_parallel_lazy_ec,d613da2f751a0593fc53c8cc66152aeae4dab32e)",0,0,0,0,0,0,0,0,0,0,0,0,0,0,0,0,0,0,0,0,0,0,0,0,0,0,0,
"(org.eclipse.collections.impl.jmh.SumByDoubleTest.sumByAccount_serial_lazy_jdk,d613da2f751a0593fc53c8cc66152aeae4dab32e)",0,0,0,0,0,0,0,0,0,0,0,0,0,0,0,0,0,0,0,0,0,0,0,0,0,0,0,
"(org.eclipse.collections.impl.jmh.AnySatisfyTest.process_all_serial_lazy_streams_ec,d613da2f751a0593fc53c8cc66152aeae4dab32e)",0,0,0,0,0,0,0,0,0,0,0,0,0,0,0,0,0,0,0,0,0,0,0,0,0,0,0,
"(org.eclipse.collections.impl.jmh.GroupBySetTest.groupBy_unordered_lists_10000_keys_serial_eager_guava,d613da2f751a0593fc53c8cc66152aeae4dab32e)",0,0,0,0,0,0,0,0,0,0,0,0,0,0,0,0,0,0,0,0,0,0,0,0,0,0,0,
"(org.eclipse.collections.impl.jmh.MaxByIntTest.maxByQuantity_serial_lazy_collect_lambda_jdk,d613da2f751a0593fc53c8cc66152aeae4dab32e)",0,0,0,0,0,0,0,0,0,0,0,0,0,0,0,0,0,0,0,0,0,0,0,0,0,0,0,
"(org.eclipse.collections.impl.jmh.FunctionalInterfaceTest.serial_eager_scala,d613da2f751a0593fc53c8cc66152aeae4dab32e)",0,0,0,0,0,0,0,0,0,0,0,0,0,0,0,0,0,0,0,0,0,0,0,0,0,0,0,
"(org.eclipse.collections.impl.jmh.MinTest.serial_lazy_jdk,d613da2f751a0593fc53c8cc66152aeae4dab32e)",0,0,0,0,0,0,0,0,0,0,0,0,0,0,0,0,0,0,0,0,0,0,0,0,0,0,0,
"(org.eclipse.collections.impl.jmh.IntIntMapLargeStressTest.kolobokeRemove,d613da2f751a0593fc53c8cc66152aeae4dab32e)",0,0,0,0,0,0,0,0,0,0,0,0,0,0,0,0,0,0,0,0,0,0,0,0,0,0,0,
"(org.eclipse.collections.impl.jmh.SelectTest.parallel_lazy_jdk,d613da2f751a0593fc53c8cc66152aeae4dab32e)",0,0,0,0,0,0,0,0,0,0,0,0,0,0,0,0,0,0,0,0,0,0,0,0,0,0,0,
"(org.eclipse.collections.impl.jmh.IntIntMapSmallStressTest.kolobokeRemove,d613da2f751a0593fc53c8cc66152aeae4dab32e)",0,0,0,0,0,0,0,0,0,0,0,0,0,0,0,0,0,0,0,0,0,0,0,0,0,0,0,
"(org.eclipse.collections.impl.jmh.GroupBySetTest.groupBy_unordered_lists_10000_keys_serial_lazy_ec,d613da2f751a0593fc53c8cc66152aeae4dab32e)",0,0,0,0,0,0,0,0,0,0,0,0,0,0,0,0,0,0,0,0,0,0,0,0,0,0,0,
"(org.eclipse.collections.impl.jmh.SumOfIntTest.parallel_lazy_mapToIntSum_jdk,d613da2f751a0593fc53c8cc66152aeae4dab32e)",0,0,0,0,0,0,0,0,0,0,0,0,0,0,0,0,0,0,0,0,0,0,0,0,0,0,0,
"(org.eclipse.collections.impl.jmh.GroupBySetTest.groupBy_100_keys_parallel_lazy_scala,d613da2f751a0593fc53c8cc66152aeae4dab32e)",0,0,0,0,0,0,0,0,0,0,0,0,0,0,0,0,0,0,0,0,0,0,0,0,0,0,0,
"(org.eclipse.collections.impl.jmh.AggregateByTest.aggregateInPlaceByCategory_parallel_eager_ec,d613da2f751a0593fc53c8cc66152aeae4dab32e)",0,0,0,0,0,0,0,0,0,0,0,0,0,0,0,0,0,0,0,0,0,0,0,0,0,0,0,
"(org.eclipse.collections.impl.jmh.AggregateByTest.aggregateByAccount_serial_lazy_ec,d613da2f751a0593fc53c8cc66152aeae4dab32e)",0,0,0,0,0,0,0,0,0,0,0,0,0,0,0,0,0,0,0,0,0,0,0,0,0,0,0,
"(org.eclipse.collections.impl.jmh.CollectIfTest.parallel_lazy_streams_ec,d613da2f751a0593fc53c8cc66152aeae4dab32e)",0,0,0,0,0,0,0,0,0,0,0,0,0,0,0,0,0,0,0,0,0,0,0,0,0,0,0,
"(org.eclipse.collections.impl.jmh.GroupBySetTest.groupBy_10000_keys_parallel_lazy_ec,d613da2f751a0593fc53c8cc66152aeae4dab32e)",0,0,0,0,0,0,0,0,0,0,0,0,0,0,0,0,0,0,0,0,0,0,0,0,0,0,0,
"(org.eclipse.collections.impl.jmh.set.sorted.SortedSetIterationTest.parallel_immutable_ec,d613da2f751a0593fc53c8cc66152aeae4dab32e)",0,0,0,0,0,0,0,0,0,0,0,0,0,0,0,0,0,0,0,0,0,0,0,0,0,0,0,
"(org.eclipse.collections.impl.jmh.ListAddAllTest.jdk,d613da2f751a0593fc53c8cc66152aeae4dab32e)",0,0,0,0,0,0,0,0,0,0,0,0,0,0,0,0,0,0,0,0,0,0,0,0,0,0,0,
"(org.eclipse.collections.impl.jmh.SumOfDoubleTest.serial_eager_directSumOfDouble_ec,d613da2f751a0593fc53c8cc66152aeae4dab32e)",0,0,0,0,0,0,0,0,0,0,0,0,0,0,0,0,0,0,0,0,0,0,0,0,0,0,0,
"(org.eclipse.collections.impl.jmh.AnagramBagTest.parallel_eager_forkjoin_ec,d613da2f751a0593fc53c8cc66152aeae4dab32e)",0,0,0,0,0,0,0,0,0,0,0,0,0,0,0,0,0,0,0,0,0,0,0,0,0,0,0,
"(org.eclipse.collections.impl.jmh.CountSetTest.serial_lazy_scala,d613da2f751a0593fc53c8cc66152aeae4dab32e)",0,0,0,0,0,0,0,0,0,0,0,0,0,0,0,0,0,0,0,0,0,0,0,0,0,0,0,
"(org.eclipse.collections.impl.jmh.GroupByListTest.groupBy_10000_keys_serial_eager_ec,d613da2f751a0593fc53c8cc66152aeae4dab32e)",0,0,0,0,0,0,0,0,0,0,0,0,0,0,0,0,0,0,0,0,0,0,0,0,0,0,0,
"(org.eclipse.collections.impl.jmh.CollectTest.serial_lazy_jdk,d613da2f751a0593fc53c8cc66152aeae4dab32e)",0,0,0,0,0,0,0,0,0,0,0,0,0,0,0,0,0,0,0,0,0,0,0,0,0,0,0,
"(org.eclipse.collections.impl.jmh.AnySatisfyTest.short_circuit_middle_parallel_lazy_scala,d613da2f751a0593fc53c8cc66152aeae4dab32e)",0,0,0,0,0,0,0,0,0,0,0,0,0,0,0,0,0,0,0,0,0,0,0,0,0,0,0,
"(org.eclipse.collections.impl.jmh.MinByIntTest.minByQuantity_serial_lazy_ec,d613da2f751a0593fc53c8cc66152aeae4dab32e)",0,0,0,0,0,0,0,0,0,0,0,0,0,0,0,0,0,0,0,0,0,0,0,0,0,0,0,
"(org.eclipse.collections.impl.jmh.IntIntMapSmallStressTest.ecPut,d613da2f751a0593fc53c8cc66152aeae4dab32e)",0,0,0,0,0,0,0,0,0,0,0,0,0,0,0,0,0,0,0,0,0,0,0,0,0,0,0,
"(org.eclipse.collections.impl.jmh.SumByDoubleTest.sumByCategory_parallel_lazy_jdk,d613da2f751a0593fc53c8cc66152aeae4dab32e)",0,0,0,0,0,0,0,0,0,0,0,0,0,0,0,0,0,0,0,0,0,0,0,0,0,0,0,
"(org.eclipse.collections.impl.jmh.SelectTest.parallel_eager_ec,d613da2f751a0593fc53c8cc66152aeae4dab32e)",0,0,0,0,0,0,0,0,0,0,0,0,0,0,0,0,0,0,0,0,0,0,0,0,0,0,0,
"(org.eclipse.collections.impl.jmh.set.sorted.SortedSetIterationTest.serial_mutable_ec,d613da2f751a0593fc53c8cc66152aeae4dab32e)",0,0,0,0,0,0,0,0,0,0,0,0,0,0,0,0,0,0,0,0,0,0,0,0,0,0,0,
"(org.eclipse.collections.impl.jmh.CountSetTest.parallel_lazy_streams_ec,d613da2f751a0593fc53c8cc66152aeae4dab32e)",0,0,0,0,0,0,0,0,0,0,0,0,0,0,0,0,0,0,0,0,0,0,0,0,0,0,0,
"(org.eclipse.collections.impl.jmh.set.sorted.SortedSetIterationTest.serial_immutable_ec,d613da2f751a0593fc53c8cc66152aeae4dab32e)",0,0,0,0,0,0,0,0,0,0,0,0,0,0,0,0,0,0,0,0,0,0,0,0,0,0,0,
"(org.eclipse.collections.impl.jmh.AggregateByTest.aggregateInPlaceByAccount_parallel_lazy_ec,d613da2f751a0593fc53c8cc66152aeae4dab32e)",0,0,0,0,0,0,0,0,0,0,0,0,0,0,0,0,0,0,0,0,0,0,0,0,0,0,0,
"(org.eclipse.collections.impl.jmh.MinByIntTest.minByQuantity_serial_lazy_direct_lambda_jdk,d613da2f751a0593fc53c8cc66152aeae4dab32e)",0,0,0,0,0,0,0,0,0,0,0,0,0,0,0,0,0,0,0,0,0,0,0,0,0,0,0,
"(org.eclipse.collections.impl.jmh.GroupByListTest.groupBy_100_keys_serial_lazy_jdk,d613da2f751a0593fc53c8cc66152aeae4dab32e)",0,0,0,0,0,0,0,0,0,0,0,0,0,0,0,0,0,0,0,0,0,0,0,0,0,0,0,
"(org.eclipse.collections.impl.jmh.SumByDoubleTest.sumByAccount_parallel_eager_ec,d613da2f751a0593fc53c8cc66152aeae4dab32e)",0,0,0,0,0,0,0,0,0,0,0,0,0,0,0,0,0,0,0,0,0,0,0,0,0,0,0,
"(org.eclipse.collections.impl.jmh.FunctionalInterfaceTest.serial_lazy_ec,d613da2f751a0593fc53c8cc66152aeae4dab32e)",0,0,0,0,0,0,0,0,0,0,0,0,0,0,0,0,0,0,0,0,0,0,0,0,0,0,0,
"(org.eclipse.collections.impl.jmh.SumByBigDecimalTest.sumByBigDecimalCategory_serial_eager_ec,d613da2f751a0593fc53c8cc66152aeae4dab32e)",0,0,0,0,0,0,0,0,0,0,0,0,0,0,0,0,0,0,0,0,0,0,0,0,0,0,0,
"(org.eclipse.collections.impl.jmh.CollectTest.parallel_lazy_scala,d613da2f751a0593fc53c8cc66152aeae4dab32e)",0,0,0,0,0,0,0,0,0,0,0,0,0,0,0,0,0,0,0,0,0,0,0,0,0,0,0,
"(org.eclipse.collections.impl.jmh.NoneSatisfyTest.short_circuit_middle_serial_lazy_ec,d613da2f751a0593fc53c8cc66152aeae4dab32e)",0,0,0,0,0,0,0,0,0,0,0,0,0,0,0,0,0,0,0,0,0,0,0,0,0,0,0,
"(org.eclipse.collections.impl.jmh.IntIntMapSmallStressTest.kolobokeGet,d613da2f751a0593fc53c8cc66152aeae4dab32e)",0,0,0,0,0,0,0,0,0,0,0,0,0,0,0,0,0,0,0,0,0,0,0,0,0,0,0,
"(org.eclipse.collections.impl.jmh.CollectTest.serial_lazy_ec,d613da2f751a0593fc53c8cc66152aeae4dab32e)",0,0,0,0,0,0,0,0,0,0,0,0,0,0,0,0,0,0,0,0,0,0,0,0,0,0,0,
"(org.eclipse.collections.impl.jmh.LongIntMapTest.remove,d613da2f751a0593fc53c8cc66152aeae4dab32e)",0,0,0,0,0,0,0,0,0,0,0,0,0,0,0,0,0,0,0,0,0,0,0,0,0,0,0,
"(org.eclipse.collections.impl.jmh.AnagramBagTest.serial_lazy_streams_ec,d613da2f751a0593fc53c8cc66152aeae4dab32e)",0,0,0,0,0,0,0,0,0,0,0,0,0,0,0,0,0,0,0,0,0,0,0,0,0,0,0,
"(org.eclipse.collections.impl.jmh.CountSetTest.serial_lazy_ec,d613da2f751a0593fc53c8cc66152aeae4dab32e)",0,0,0,0,0,0,0,0,0,0,0,0,0,0,0,0,0,0,0,0,0,0,0,0,0,0,0,
"(org.eclipse.collections.impl.jmh.CollectIfTest.serial_lazy_streams_ec,d613da2f751a0593fc53c8cc66152aeae4dab32e)",0,0,0,0,0,0,0,0,0,0,0,0,0,0,0,0,0,0,0,0,0,0,0,0,0,0,0,
"(org.eclipse.collections.impl.jmh.CountSetTest.parallel_lazy_ec,d613da2f751a0593fc53c8cc66152aeae4dab32e)",0,0,0,0,0,0,0,0,0,0,0,0,0,0,0,0,0,0,0,0,0,0,0,0,0,0,0,
"(org.eclipse.collections.impl.jmh.map.ScalaImmutableMapGetTest.get,d613da2f751a0593fc53c8cc66152aeae4dab32e)",0,0,0,0,0,0,0,0,0,0,0,0,0,0,0,0,0,0,0,0,0,0,0,0,0,0,0,
"(org.eclipse.collections.impl.jmh.AnySatisfyTest.short_circuit_middle_serial_eager_scala,d613da2f751a0593fc53c8cc66152aeae4dab32e)",0,0,0,0,0,0,0,0,0,0,0,0,0,0,0,0,0,0,0,0,0,0,0,0,0,0,0,
"(org.eclipse.collections.impl.jmh.map.ChainMapPutTest.ec,d613da2f751a0593fc53c8cc66152aeae4dab32e)",0,0,0,0,0,0,0,0,0,0,0,0,0,0,0,0,0,0,0,0,0,0,0,0,0,0,0,
"(org.eclipse.collections.impl.jmh.AggregateByTest.aggregateByAccount_parallel_eager_ec,d613da2f751a0593fc53c8cc66152aeae4dab32e)",0,0,0,0,0,0,0,0,0,0,0,0,0,0,0,0,0,0,0,0,0,0,0,0,0,0,0,
"(org.eclipse.collections.impl.jmh.FunctionalInterfaceTest.parallel_lazy_ec_hand_coded,d613da2f751a0593fc53c8cc66152aeae4dab32e)",0,0,0,0,0,0,0,0,0,0,0,0,0,0,0,0,0,0,0,0,0,0,0,0,0,0,0,
"(org.eclipse.collections.impl.jmh.SumByDoubleTest.sumByProduct_parallel_lazy_streams_ec,d613da2f751a0593fc53c8cc66152aeae4dab32e)",0,0,0,0,0,0,0,0,0,0,0,0,0,0,0,0,0,0,0,0,0,0,0,0,0,0,0,
"(org.eclipse.collections.impl.jmh.AnagramListTest.parallel_lazy_streams_ec,d613da2f751a0593fc53c8cc66152aeae4dab32e)",0,0,0,0,0,0,0,0,0,0,0,0,0,0,0,0,0,0,0,0,0,0,0,0,0,0,0,
"(org.eclipse.collections.impl.jmh.CountSetTest.serial_eager_scala,d613da2f751a0593fc53c8cc66152aeae4dab32e)",0,0,0,0,0,0,0,0,0,0,0,0,0,0,0,0,0,0,0,0,0,0,0,0,0,0,0,
"(org.eclipse.collections.impl.jmh.LongLongMapLargeStressTest.ecPut,d613da2f751a0593fc53c8cc66152aeae4dab32e)",0,0,0,0,0,0,0,0,0,0,0,0,0,0,0,0,0,0,0,0,0,0,0,0,0,0,0,
"(org.eclipse.collections.impl.jmh.GroupBySetTest.groupBy_10000_keys_serial_lazy_jdk,d613da2f751a0593fc53c8cc66152aeae4dab32e)",0,0,0,0,0,0,0,0,0,0,0,0,0,0,0,0,0,0,0,0,0,0,0,0,0,0,0,
"(org.eclipse.collections.impl.jmh.GroupBySetTest.groupBy_100_keys_serial_lazy_jdk,d613da2f751a0593fc53c8cc66152aeae4dab32e)",0,0,0,0,0,0,0,0,0,0,0,0,0,0,0,0,0,0,0,0,0,0,0,0,0,0,0,
"(org.eclipse.collections.impl.jmh.MaxTest.parallel_lazy_ec,d613da2f751a0593fc53c8cc66152aeae4dab32e)",0,0,0,0,0,0,0,0,0,0,0,0,0,0,0,0,0,0,0,0,0,0,0,0,0,0,0,
"(org.eclipse.collections.impl.jmh.AggregateByTest.aggregateByAccount_parallel_lazy_streams_ec,d613da2f751a0593fc53c8cc66152aeae4dab32e)",0,0,0,0,0,0,0,0,0,0,0,0,0,0,0,0,0,0,0,0,0,0,0,0,0,0,0,
"(org.eclipse.collections.impl.jmh.GroupBySetTest.groupBy_100_keys_parallel_lazy_jdk,d613da2f751a0593fc53c8cc66152aeae4dab32e)",0,0,0,0,0,0,0,0,0,0,0,0,0,0,0,0,0,0,0,0,0,0,0,0,0,0,0,
"(org.eclipse.collections.impl.jmh.AnySatisfyTest.short_circuit_middle_serial_eager_ec,d613da2f751a0593fc53c8cc66152aeae4dab32e)",0,0,0,0,0,0,0,0,0,0,0,0,0,0,0,0,0,0,0,0,0,0,0,0,0,0,0,
"(org.eclipse.collections.impl.jmh.AllSatisfyTest.short_circuit_middle_serial_lazy_streams_ec,d613da2f751a0593fc53c8cc66152aeae4dab32e)",0,0,0,0,0,0,0,0,0,0,0,0,0,0,0,0,0,0,0,0,0,0,0,0,0,0,0,
"(org.eclipse.collections.impl.jmh.GroupByListTest.groupBy_10000_keys_serial_lazy_scala,d613da2f751a0593fc53c8cc66152aeae4dab32e)",0,0,0,0,0,0,0,0,0,0,0,0,0,0,0,0,0,0,0,0,0,0,0,0,0,0,0,
"(org.eclipse.collections.impl.jmh.GroupByListTest.groupBy_100_keys_serial_lazy_ec,d613da2f751a0593fc53c8cc66152aeae4dab32e)",0,0,0,0,0,0,0,0,0,0,0,0,0,0,0,0,0,0,0,0,0,0,0,0,0,0,0,
"(org.eclipse.collections.impl.jmh.GroupBySetTest.groupBy_unordered_lists_100_keys_serial_lazy_ec,d613da2f751a0593fc53c8cc66152aeae4dab32e)",0,0,0,0,0,0,0,0,0,0,0,0,0,0,0,0,0,0,0,0,0,0,0,0,0,0,0,
"(org.eclipse.collections.impl.jmh.MinByIntTest.minByQuantity_parallel_lazy_collect_lambda_jdk,d613da2f751a0593fc53c8cc66152aeae4dab32e)",0,0,0,0,0,0,0,0,0,0,0,0,0,0,0,0,0,0,0,0,0,0,0,0,0,0,0,
"(org.eclipse.collections.impl.jmh.NoneSatisfyTest.process_none_serial_eager_ec,d613da2f751a0593fc53c8cc66152aeae4dab32e)",0,0,0,0,0,0,0,0,0,0,0,0,0,0,0,0,0,0,0,0,0,0,0,0,0,0,0,
"(org.eclipse.collections.impl.jmh.CountTest.parallel_lazy_jdk,d613da2f751a0593fc53c8cc66152aeae4dab32e)",0,0,0,0,0,0,0,0,0,0,0,0,0,0,0,0,0,0,0,0,0,0,0,0,0,0,0,
"(org.eclipse.collections.impl.jmh.PartitionTest.serial_lazy_streams_ec,d613da2f751a0593fc53c8cc66152aeae4dab32e)",0,0,0,0,0,0,0,0,0,0,0,0,0,0,0,0,0,0,0,0,0,0,0,0,0,0,0,
"(org.eclipse.collections.impl.jmh.SumByBigDecimalTest.sumByBigDecimalCategory_parallel_eager_ec,d613da2f751a0593fc53c8cc66152aeae4dab32e)",0,0,0,0,0,0,0,0,0,0,0,0,0,0,0,0,0,0,0,0,0,0,0,0,0,0,0,
"(org.eclipse.collections.impl.jmh.IntIntMapLargeStressTest.kolobokePut,d613da2f751a0593fc53c8cc66152aeae4dab32e)",0,0,0,0,0,0,0,0,0,0,0,0,0,0,0,0,0,0,0,0,0,0,0,0,0,0,0,
"(org.eclipse.collections.impl.jmh.MaxByDoubleTest.maxByMarketValue_serial_lazy_ec,d613da2f751a0593fc53c8cc66152aeae4dab32e)",0,0,0,0,0,0,0,0,0,0,0,0,0,0,0,0,0,0,0,0,0,0,0,0,0,0,0,
"(org.eclipse.collections.impl.jmh.MinTest.parallel_lazy_streams_ec,d613da2f751a0593fc53c8cc66152aeae4dab32e)",0,0,0,0,0,0,0,0,0,0,0,0,0,0,0,0,0,0,0,0,0,0,0,0,0,0,0,
"(org.eclipse.collections.impl.jmh.CollectTest.parallel_lazy_streams_ec,d613da2f751a0593fc53c8cc66152aeae4dab32e)",0,0,0,0,0,0,0,0,0,0,0,0,0,0,0,0,0,0,0,0,0,0,0,0,0,0,0,
"(org.eclipse.collections.impl.jmh.CountTest.serial_lazy_scala,d613da2f751a0593fc53c8cc66152aeae4dab32e)",0,0,0,0,0,0,0,0,0,0,0,0,0,0,0,0,0,0,0,0,0,0,0,0,0,0,0,
"(org.eclipse.collections.impl.jmh.MaxTest.parallel_lazy_reverse_ec,d613da2f751a0593fc53c8cc66152aeae4dab32e)",0,0,0,0,0,0,0,0,0,0,0,0,0,0,0,0,0,0,0,0,0,0,0,0,0,0,0,
"(org.eclipse.collections.impl.jmh.MinByDoubleTest.minByMarketValue_parallel_lazy_collect_methodref_jdk,d613da2f751a0593fc53c8cc66152aeae4dab32e)",0,0,0,0,0,0,0,0,0,0,0,0,0,0,0,0,0,0,0,0,0,0,0,0,0,0,0,
"(org.eclipse.collections.impl.jmh.MinTest.serial_lazy_intstream_jdk,d613da2f751a0593fc53c8cc66152aeae4dab32e)",0,0,0,0,0,0,0,0,0,0,0,0,0,0,0,0,0,0,0,0,0,0,0,0,0,0,0,
"(org.eclipse.collections.impl.jmh.PartitionTest.serial_lazy_ec,d613da2f751a0593fc53c8cc66152aeae4dab32e)",0,0,0,0,0,0,0,0,0,0,0,0,0,0,0,0,0,0,0,0,0,0,0,0,0,0,0,
"(org.eclipse.collections.impl.jmh.SelectTest.serial_lazy_ec,d613da2f751a0593fc53c8cc66152aeae4dab32e)",0,0,0,0,0,0,0,0,0,0,0,0,0,0,0,0,0,0,0,0,0,0,0,0,0,0,0,
"(org.eclipse.collections.impl.jmh.SumOfIntTest.serial_lazy_collectIntSum_ec,d613da2f751a0593fc53c8cc66152aeae4dab32e)",0,0,0,0,0,0,0,0,0,0,0,0,0,0,0,0,0,0,0,0,0,0,0,0,0,0,0,
"(org.eclipse.collections.impl.jmh.AnySatisfyTest.short_circuit_middle_parallel_lazy_jdk,d613da2f751a0593fc53c8cc66152aeae4dab32e)",0,0,0,0,0,0,0,0,0,0,0,0,0,0,0,0,0,0,0,0,0,0,0,0,0,0,0,
"(org.eclipse.collections.impl.jmh.MaxByDoubleTest.maxByMarketValue_serial_lazy_direct_lambda_jdk,d613da2f751a0593fc53c8cc66152aeae4dab32e)",0,0,0,0,0,0,0,0,0,0,0,0,0,0,0,0,0,0,0,0,0,0,0,0,0,0,0,
"(org.eclipse.collections.impl.jmh.CountTest.serial_lazy_ec,d613da2f751a0593fc53c8cc66152aeae4dab32e)",0,0,0,0,0,0,0,0,0,0,0,0,0,0,0,0,0,0,0,0,0,0,0,0,0,0,0,
"(org.eclipse.collections.impl.jmh.GroupBySetTest.groupBy_100_keys_serial_lazy_streams_ec,d613da2f751a0593fc53c8cc66152aeae4dab32e)",0,0,0,0,0,0,0,0,0,0,0,0,0,0,0,0,0,0,0,0,0,0,0,0,0,0,0,
"(org.eclipse.collections.impl.jmh.SumByDoubleTest.sumByCategory_serial_lazy_streams_ec,d613da2f751a0593fc53c8cc66152aeae4dab32e)",0,0,0,0,0,0,0,0,0,0,0,0,0,0,0,0,0,0,0,0,0,0,0,0,0,0,0,
"(org.eclipse.collections.impl.jmh.ListEqualTest.ec,d613da2f751a0593fc53c8cc66152aeae4dab32e)",0,0,0,0,0,0,0,0,0,0,0,0,0,0,0,0,0,0,0,0,0,0,0,0,0,0,0,
"(org.eclipse.collections.impl.jmh.AnagramSetTest.parallel_lazy_jdk,d613da2f751a0593fc53c8cc66152aeae4dab32e)",0,0,0,0,0,0,0,0,0,0,0,0,0,0,0,0,0,0,0,0,0,0,0,0,0,0,0,
"(org.eclipse.collections.impl.jmh.SumByBigDecimalTest.sumByBigDecimalAccount_serial_eager_ec,d613da2f751a0593fc53c8cc66152aeae4dab32e)",0,0,0,0,0,0,0,0,0,0,0,0,0,0,0,0,0,0,0,0,0,0,0,0,0,0,0,
"(org.eclipse.collections.impl.jmh.CountSetTest.parallel_eager_ec,d613da2f751a0593fc53c8cc66152aeae4dab32e)",0,0,0,0,0,0,0,0,0,0,0,0,0,0,0,0,0,0,0,0,0,0,0,0,0,0,0,
"(org.eclipse.collections.impl.jmh.MaxByIntTest.maxByQuantity_serial_eager_ec,d613da2f751a0593fc53c8cc66152aeae4dab32e)",0,0,0,0,0,0,0,0,0,0,0,0,0,0,0,0,0,0,0,0,0,0,0,0,0,0,0,
"(org.eclipse.collections.impl.jmh.SumByDoubleTest.sumByAccount_parallel_lazy_streams_ec,d613da2f751a0593fc53c8cc66152aeae4dab32e)",0,0,0,0,0,0,0,0,0,0,0,0,0,0,0,0,0,0,0,0,0,0,0,0,0,0,0,
"(org.eclipse.collections.impl.jmh.set.sorted.SortedSetContainsTest.contains_mutable_scala,d613da2f751a0593fc53c8cc66152aeae4dab32e)",0,0,0,0,0,0,0,0,0,0,0,0,0,0,0,0,0,0,0,0,0,0,0,0,0,0,0,
"(org.eclipse.collections.impl.jmh.map.KolobokeMapPutTest.koloboke,d613da2f751a0593fc53c8cc66152aeae4dab32e)",0,0,0,0,0,0,0,0,0,0,0,0,0,0,0,0,0,0,0,0,0,0,0,0,0,0,0,
"(org.eclipse.collections.impl.jmh.SumOfDoubleTest.serial_lazy_directSumOfDouble_ec,1adf6f485475969aeceb8cc4815f404f7831f646)",0,0,0,0,0,0,0,0,0,0,0,0,0,0,0,0,0,0,0,0,0,0,0,0,0,0,0,
"(org.eclipse.collections.impl.jmh.IntIntMapSmallStressTest.ecGet,1adf6f485475969aeceb8cc4815f404f7831f646)",0,0,0,0,0,0,0,0,0,0,0,0,0,0,0,0,0,0,0,0,0,0,0,0,0,0,0,
"(org.eclipse.collections.impl.jmh.IntListJMHTest.filterMapSumJDKBoxedParallelStream,1adf6f485475969aeceb8cc4815f404f7831f646)",0,0,0,0,0,0,0,0,0,0,0,0,0,0,0,0,0,0,0,0,0,0,0,0,0,0,0,
"(org.eclipse.collections.impl.jmh.FunctionalInterfaceTest.parallel_lazy_ec,1adf6f485475969aeceb8cc4815f404f7831f646)",0,0,0,0,0,0,0,0,0,0,0,0,0,0,0,0,0,0,0,0,0,0,0,0,0,0,0,
"(org.eclipse.collections.impl.jmh.SummarizeIntTest.serial_lazy_mapToIntSum_jdk,1adf6f485475969aeceb8cc4815f404f7831f646)",0,0,0,0,0,0,0,0,0,0,0,0,0,0,0,0,0,0,0,0,0,0,0,0,0,0,0,
"(org.eclipse.collections.impl.jmh.LongLongMapSmallStressTest.kolobokeGet,1adf6f485475969aeceb8cc4815f404f7831f646)",0,0,0,0,0,0,0,0,0,0,0,0,0,0,0,0,0,0,0,0,0,0,0,0,0,0,0,
"(org.eclipse.collections.impl.jmh.IntListJMHTest.mapJDKIntStreamParallel,1adf6f485475969aeceb8cc4815f404f7831f646)",0,0,0,0,0,0,0,0,0,0,0,0,0,0,0,0,0,0,0,0,0,0,0,0,0,0,0,
"(org.eclipse.collections.impl.jmh.SumOfDoubleTest.serial_lazy_collectDoubleSum_jdk,1adf6f485475969aeceb8cc4815f404f7831f646)",0,0,0,0,0,0,0,0,0,0,0,0,0,0,0,0,0,0,0,0,0,0,0,0,0,0,0,
"(org.eclipse.collections.impl.jmh.set.sorted.SortedSetContainsTest.contains_mutable_ec,1adf6f485475969aeceb8cc4815f404f7831f646)",0,0,0,0,0,0,0,0,0,0,0,0,0,0,0,0,0,0,0,0,0,0,0,0,0,0,0,
"(org.eclipse.collections.impl.jmh.MinByDoubleTest.minByMarketValue_serial_lazy_collect_lambda_jdk,1adf6f485475969aeceb8cc4815f404f7831f646)",0,0,0,0,0,0,0,0,0,0,0,0,0,0,0,0,0,0,0,0,0,0,0,0,0,0,0,
"(org.eclipse.collections.impl.jmh.GroupByListTest.groupBy_100_keys_serial_eager_guava,1adf6f485475969aeceb8cc4815f404f7831f646)",0,0,0,0,0,0,0,0,0,0,0,0,0,0,0,0,0,0,0,0,0,0,0,0,0,0,0,
"(org.eclipse.collections.impl.jmh.AnagramSetTest.parallel_lazy_ec,1adf6f485475969aeceb8cc4815f404f7831f646)",0,0,0,0,0,0,0,0,0,0,0,0,0,0,0,0,0,0,0,0,0,0,0,0,0,0,0,
"(org.eclipse.collections.impl.jmh.MaxByIntTest.maxByQuantity_parallel_lazy_direct_lambda_jdk,1adf6f485475969aeceb8cc4815f404f7831f646)",0,0,0,0,0,0,0,0,0,0,0,0,0,0,0,0,0,0,0,0,0,0,0,0,0,0,0,
"(org.eclipse.collections.impl.jmh.MinTest.serial_eager_ec,1adf6f485475969aeceb8cc4815f404f7831f646)",0,0,0,0,0,0,0,0,0,0,0,0,0,0,0,0,0,0,0,0,0,0,0,0,0,0,0,
"(org.eclipse.collections.impl.jmh.GroupBySetTest.groupBy_2_keys_parallel_lazy_ec,1adf6f485475969aeceb8cc4815f404f7831f646)",0,0,0,0,0,0,0,0,0,0,0,0,0,0,0,0,0,0,0,0,0,0,0,0,0,0,0,
"(org.eclipse.collections.impl.jmh.AggregateByTest.aggregateByAccount_parallel_lazy_ec,1adf6f485475969aeceb8cc4815f404f7831f646)",0,0,0,0,0,0,0,0,0,0,0,0,0,0,0,0,0,0,0,0,0,0,0,0,0,0,0,
"(org.eclipse.collections.impl.jmh.IntListJMHTest.filterJDKBoxedParallelStream,1adf6f485475969aeceb8cc4815f404f7831f646)",0,0,0,0,0,0,0,0,0,0,0,0,0,0,0,0,0,0,0,0,0,0,0,0,0,0,0,
"(org.eclipse.collections.impl.jmh.CollectTest.parallel_lazy_jdk,1adf6f485475969aeceb8cc4815f404f7831f646)",0,0,0,0,0,0,0,0,0,0,0,0,0,0,0,0,0,0,0,0,0,0,0,0,0,0,0,
"(org.eclipse.collections.impl.jmh.IntIntMapTest.put,1adf6f485475969aeceb8cc4815f404f7831f646)",0,0,0,0,0,0,0,0,0,0,0,0,0,0,0,0,0,0,0,0,0,0,0,0,0,0,0,
"(org.eclipse.collections.impl.jmh.RejectTest.serial_lazy_streams_ec_lambda_negate,1adf6f485475969aeceb8cc4815f404f7831f646)",0,0,0,0,0,0,0,0,0,0,0,0,0,0,0,0,0,0,0,0,0,0,0,0,0,0,0,
"(org.eclipse.collections.impl.jmh.AggregateByTest.aggregateByProduct_serial_lazy_ec,1adf6f485475969aeceb8cc4815f404f7831f646)",0,0,0,0,0,0,0,0,0,0,0,0,0,0,0,0,0,0,0,0,0,0,0,0,0,0,0,
"(org.eclipse.collections.impl.jmh.IntListJMHTest.sumJDKBoxedStream,1adf6f485475969aeceb8cc4815f404f7831f646)",0,0,0,0,0,0,0,0,0,0,0,0,0,0,0,0,0,0,0,0,0,0,0,0,0,0,0,
"(org.eclipse.collections.impl.jmh.IntIntMapLargeStressTest.jdkGet,1adf6f485475969aeceb8cc4815f404f7831f646)",0,0,0,0,0,0,0,0,0,0,0,0,0,0,0,0,0,0,0,0,0,0,0,0,0,0,0,
"(org.eclipse.collections.impl.jmh.GroupByListTest.groupBy_100_keys_serial_eager_ec,1adf6f485475969aeceb8cc4815f404f7831f646)",0,0,0,0,0,0,0,0,0,0,0,0,0,0,0,0,0,0,0,0,0,0,0,0,0,0,0,
"(org.eclipse.collections.impl.jmh.AggregateByTest.aggregateByProduct_serial_eager_ec,1adf6f485475969aeceb8cc4815f404f7831f646)",0,0,0,0,0,0,0,0,0,0,0,0,0,0,0,0,0,0,0,0,0,0,0,0,0,0,0,
"(org.eclipse.collections.impl.jmh.MaxTest.serial_lazy_intstream_jdk,1adf6f485475969aeceb8cc4815f404f7831f646)",0,0,0,0,0,0,0,0,0,0,0,0,0,0,0,0,0,0,0,0,0,0,0,0,0,0,0,
"(org.eclipse.collections.impl.jmh.FlatCollectTest.serial_lazy_jdk,1adf6f485475969aeceb8cc4815f404f7831f646)",0,0,0,0,0,0,0,0,0,0,0,0,0,0,0,0,0,0,0,0,0,0,0,0,0,0,0,
"(org.eclipse.collections.impl.jmh.CollectorJoiningTest.serial_lazy_mapToStringJoining_ec,1adf6f485475969aeceb8cc4815f404f7831f646)",0,0,0,0,0,0,0,0,0,0,0,0,0,0,0,0,0,0,0,0,0,0,0,0,0,0,0,
"(org.eclipse.collections.impl.jmh.GroupBySetTest.groupBy_unordered_lists_2_keys_serial_eager_guava,1adf6f485475969aeceb8cc4815f404f7831f646)",0,0,0,0,0,0,0,0,0,0,0,0,0,0,0,0,0,0,0,0,0,0,0,0,0,0,0,
"(org.eclipse.collections.impl.jmh.AnagramListTest.parallel_eager_forkjoin_ec,1adf6f485475969aeceb8cc4815f404f7831f646)",0,0,0,0,0,0,0,0,0,0,0,0,0,0,0,0,0,0,0,0,0,0,0,0,0,0,0,
"(org.eclipse.collections.impl.jmh.AnySatisfyTest.process_all_serial_lazy_ec,1adf6f485475969aeceb8cc4815f404f7831f646)",0,0,0,0,0,0,0,0,0,0,0,0,0,0,0,0,0,0,0,0,0,0,0,0,0,0,0,
"(org.eclipse.collections.impl.jmh.FunctionalInterfaceSetTest.serial_lazy_jdk,1adf6f485475969aeceb8cc4815f404f7831f646)",0,0,0,0,0,0,0,0,0,0,0,0,0,0,0,0,0,0,0,0,0,0,0,0,0,0,0,
"(org.eclipse.collections.impl.jmh.MaxByIntTest.maxByQuantity_serial_lazy_direct_lambda_jdk,1adf6f485475969aeceb8cc4815f404f7831f646)",0,0,0,0,0,0,0,0,0,0,0,0,0,0,0,0,0,0,0,0,0,0,0,0,0,0,0,
"(org.eclipse.collections.impl.jmh.MaxTest.parallel_lazy_intstream_jdk,1adf6f485475969aeceb8cc4815f404f7831f646)",0,0,0,0,0,0,0,0,0,0,0,0,0,0,0,0,0,0,0,0,0,0,0,0,0,0,0,
"(org.eclipse.collections.impl.jmh.SumOfDoubleTest.serial_lazy_collectDoubleSum_ec,1adf6f485475969aeceb8cc4815f404f7831f646)",0,0,0,0,0,0,0,0,0,0,0,0,0,0,0,0,0,0,0,0,0,0,0,0,0,0,0,
"(org.eclipse.collections.impl.jmh.AggregateByTest.aggregateByCategory_serial_eager_ec,1adf6f485475969aeceb8cc4815f404f7831f646)",0,0,0,0,0,0,0,0,0,0,0,0,0,0,0,0,0,0,0,0,0,0,0,0,0,0,0,
"(org.eclipse.collections.impl.jmh.CollectorJoiningTest.parallel_lazy_mapToStringJoining_jdk,1adf6f485475969aeceb8cc4815f404f7831f646)",0,0,0,0,0,0,0,0,0,0,0,0,0,0,0,0,0,0,0,0,0,0,0,0,0,0,0,
"(org.eclipse.collections.impl.jmh.IntIntMapTest.get,1adf6f485475969aeceb8cc4815f404f7831f646)",0,0,0,0,0,0,0,0,0,0,0,0,0,0,0,0,0,0,0,0,0,0,0,0,0,0,0,
"(org.eclipse.collections.impl.jmh.AggregateByTest.aggregateInPlaceByProduct_serial_eager_ec,1adf6f485475969aeceb8cc4815f404f7831f646)",0,0,0,0,0,0,0,0,0,0,0,0,0,0,0,0,0,0,0,0,0,0,0,0,0,0,0,
"(org.eclipse.collections.impl.jmh.LongLongMapLargeStressTest.kolobokePut,1adf6f485475969aeceb8cc4815f404f7831f646)",0,0,0,0,0,0,0,0,0,0,0,0,0,0,0,0,0,0,0,0,0,0,0,0,0,0,0,
"(org.eclipse.collections.impl.jmh.MaxTest.serial_lazy_reverse_ec,1adf6f485475969aeceb8cc4815f404f7831f646)",0,0,0,0,0,0,0,0,0,0,0,0,0,0,0,0,0,0,0,0,0,0,0,0,0,0,0,
"(org.eclipse.collections.impl.jmh.GroupBySetTest.groupBy_2_keys_serial_lazy_scala,1adf6f485475969aeceb8cc4815f404f7831f646)",0,0,0,0,0,0,0,0,0,0,0,0,0,0,0,0,0,0,0,0,0,0,0,0,0,0,0,
"(org.eclipse.collections.impl.jmh.GroupByListTest.groupBy_2_keys_serial_eager_guava,1adf6f485475969aeceb8cc4815f404f7831f646)",0,0,0,0,0,0,0,0,0,0,0,0,0,0,0,0,0,0,0,0,0,0,0,0,0,0,0,
"(org.eclipse.collections.impl.jmh.AnySatisfyTest.short_circuit_middle_serial_lazy_scala,1adf6f485475969aeceb8cc4815f404f7831f646)",0,0,0,0,0,0,0,0,0,0,0,0,0,0,0,0,0,0,0,0,0,0,0,0,0,0,0,
"(org.eclipse.collections.impl.jmh.GroupBySetTest.groupBy_2_keys_parallel_lazy_scala,1adf6f485475969aeceb8cc4815f404f7831f646)",0,0,0,0,0,0,0,0,0,0,0,0,0,0,0,0,0,0,0,0,0,0,0,0,0,0,0,
"(org.eclipse.collections.impl.jmh.FunctionalInterfaceTest.parallel_eager_ec,1adf6f485475969aeceb8cc4815f404f7831f646)",0,0,0,0,0,0,0,0,0,0,0,0,0,0,0,0,0,0,0,0,0,0,0,0,0,0,0,
"(org.eclipse.collections.impl.jmh.AggregateByTest.aggregateByProduct_serial_lazy_streams_ec,1adf6f485475969aeceb8cc4815f404f7831f646)",0,0,0,0,0,0,0,0,0,0,0,0,0,0,0,0,0,0,0,0,0,0,0,0,0,0,0,
"(org.eclipse.collections.impl.jmh.FunctionalInterfaceTest.serial_eager_ec_hand_coded,1adf6f485475969aeceb8cc4815f404f7831f646)",0,0,0,0,0,0,0,0,0,0,0,0,0,0,0,0,0,0,0,0,0,0,0,0,0,0,0,
"(org.eclipse.collections.impl.jmh.IntListJMHTest.mapJDKIntStreamToEC,1adf6f485475969aeceb8cc4815f404f7831f646)",0,0,0,0,0,0,0,0,0,0,0,0,0,0,0,0,0,0,0,0,0,0,0,0,0,0,0,
"(org.eclipse.collections.impl.jmh.SumByDoubleTest.sumByAccount_serial_lazy_streams_ec,1adf6f485475969aeceb8cc4815f404f7831f646)",0,0,0,0,0,0,0,0,0,0,0,0,0,0,0,0,0,0,0,0,0,0,0,0,0,0,0,
"(org.eclipse.collections.impl.jmh.AllSatisfyTest.short_circuit_middle_parallel_lazy_jdk,1adf6f485475969aeceb8cc4815f404f7831f646)",0,0,0,0,0,0,0,0,0,0,0,0,0,0,0,0,0,0,0,0,0,0,0,0,0,0,0,
"(org.eclipse.collections.impl.jmh.map.JdkMutableMapGetTest.get,1adf6f485475969aeceb8cc4815f404f7831f646)",0,0,0,0,0,0,0,0,0,0,0,0,0,0,0,0,0,0,0,0,0,0,0,0,0,0,0,
"(org.eclipse.collections.impl.jmh.GroupBySetTest.groupBy_unordered_lists_100_keys_serial_eager_guava,1adf6f485475969aeceb8cc4815f404f7831f646)",0,0,0,0,0,0,0,0,0,0,0,0,0,0,0,0,0,0,0,0,0,0,0,0,0,0,0,
"(org.eclipse.collections.impl.jmh.IntListJMHTest.mapJDKIntStreamParallelToEC,1adf6f485475969aeceb8cc4815f404f7831f646)",0,0,0,0,0,0,0,0,0,0,0,0,0,0,0,0,0,0,0,0,0,0,0,0,0,0,0,
"(org.eclipse.collections.impl.jmh.AggregateByTest.aggregateInPlaceByCategory_serial_eager_ec,1adf6f485475969aeceb8cc4815f404f7831f646)",0,0,0,0,0,0,0,0,0,0,0,0,0,0,0,0,0,0,0,0,0,0,0,0,0,0,0,
"(org.eclipse.collections.impl.jmh.MaxTest.parallel_lazy_streams_ec,1adf6f485475969aeceb8cc4815f404f7831f646)",0,0,0,0,0,0,0,0,0,0,0,0,0,0,0,0,0,0,0,0,0,0,0,0,0,0,0,
"(org.eclipse.collections.impl.jmh.SumOfDoubleTest.parallel_lazy_directSumOfDouble_ec,1adf6f485475969aeceb8cc4815f404f7831f646)",0,0,0,0,0,0,0,0,0,0,0,0,0,0,0,0,0,0,0,0,0,0,0,0,0,0,0,
"(org.eclipse.collections.impl.jmh.GroupBySetTest.groupBy_10000_keys_serial_lazy_scala,1adf6f485475969aeceb8cc4815f404f7831f646)",0,0,0,0,0,0,0,0,0,0,0,0,0,0,0,0,0,0,0,0,0,0,0,0,0,0,0,
"(org.eclipse.collections.impl.jmh.GroupBySetTest.groupBy_100_keys_serial_eager_ec,1adf6f485475969aeceb8cc4815f404f7831f646)",0,0,0,0,0,0,0,0,0,0,0,0,0,0,0,0,0,0,0,0,0,0,0,0,0,0,0,
"(org.eclipse.collections.impl.jmh.SumOfIntTest.serial_lazy_sumOfInt_ec,1adf6f485475969aeceb8cc4815f404f7831f646)",0,0,0,0,0,0,0,0,0,0,0,0,0,0,0,0,0,0,0,0,0,0,0,0,0,0,0,
"(org.eclipse.collections.impl.jmh.MinTest.serial_eager_reverse_ec,1adf6f485475969aeceb8cc4815f404f7831f646)",0,0,0,0,0,0,0,0,0,0,0,0,0,0,0,0,0,0,0,0,0,0,0,0,0,0,0,
"(org.eclipse.collections.impl.jmh.AggregateByTest.aggregateByProduct_parallel_lazy_jdk,1adf6f485475969aeceb8cc4815f404f7831f646)",0,0,0,0,0,0,0,0,0,0,0,0,0,0,0,0,0,0,0,0,0,0,0,0,0,0,0,
"(org.eclipse.collections.impl.jmh.AggregateByTest.aggregateByAccount_serial_eager_ec,1adf6f485475969aeceb8cc4815f404f7831f646)",0,0,0,0,0,0,0,0,0,0,0,0,0,0,0,0,0,0,0,0,0,0,0,0,0,0,0,
"(org.eclipse.collections.impl.jmh.AggregateByTest.aggregateInPlaceByAccount_serial_eager_ec,1adf6f485475969aeceb8cc4815f404f7831f646)",0,0,0,0,0,0,0,0,0,0,0,0,0,0,0,0,0,0,0,0,0,0,0,0,0,0,0,
"(org.eclipse.collections.impl.jmh.GroupBySetTest.groupBy_100_keys_serial_lazy_scala,1adf6f485475969aeceb8cc4815f404f7831f646)",0,0,0,0,0,0,0,0,0,0,0,0,0,0,0,0,0,0,0,0,0,0,0,0,0,0,0,
"(org.eclipse.collections.impl.jmh.map.ChainMapPutTest.hppc,1adf6f485475969aeceb8cc4815f404f7831f646)",0,0,0,0,0,0,0,0,0,0,0,0,0,0,0,0,0,0,0,0,0,0,0,0,0,0,0,
"(org.eclipse.collections.impl.jmh.SelectTest.serial_lazy_jdk,1adf6f485475969aeceb8cc4815f404f7831f646)",0,0,0,0,0,0,0,0,0,0,0,0,0,0,0,0,0,0,0,0,0,0,0,0,0,0,0,
"(org.eclipse.collections.impl.jmh.MaxTest.parallel_lazy_jdk,1adf6f485475969aeceb8cc4815f404f7831f646)",0,0,0,0,0,0,0,0,0,0,0,0,0,0,0,0,0,0,0,0,0,0,0,0,0,0,0,
"(org.eclipse.collections.impl.jmh.AnySatisfyTest.process_all_serial_eager_scala,1adf6f485475969aeceb8cc4815f404f7831f646)",0,0,0,0,0,0,0,0,0,0,0,0,0,0,0,0,0,0,0,0,0,0,0,0,0,0,0,
"(org.eclipse.collections.impl.jmh.SumByBigDecimalTest.sumByBigDecimalProduct_parallel_eager_ec,1adf6f485475969aeceb8cc4815f404f7831f646)",0,0,0,0,0,0,0,0,0,0,0,0,0,0,0,0,0,0,0,0,0,0,0,0,0,0,0,
"(org.eclipse.collections.impl.jmh.CollectTest.parallel_eager_ec,1adf6f485475969aeceb8cc4815f404f7831f646)",0,0,0,0,0,0,0,0,0,0,0,0,0,0,0,0,0,0,0,0,0,0,0,0,0,0,0,
"(org.eclipse.collections.impl.jmh.FunctionalInterfaceSetTest.parallel_lazy_jdk,1adf6f485475969aeceb8cc4815f404f7831f646)",0,0,0,0,0,0,0,0,0,0,0,0,0,0,0,0,0,0,0,0,0,0,0,0,0,0,0,
"(org.eclipse.collections.impl.jmh.GroupByListTest.groupBy_2_keys_serial_lazy_scala,1adf6f485475969aeceb8cc4815f404f7831f646)",0,0,0,0,0,0,0,0,0,0,0,0,0,0,0,0,0,0,0,0,0,0,0,0,0,0,0,
"(org.eclipse.collections.impl.jmh.GroupBySetTest.groupBy_10000_keys_serial_eager_ec,1adf6f485475969aeceb8cc4815f404f7831f646)",0,0,0,0,0,0,0,0,0,0,0,0,0,0,0,0,0,0,0,0,0,0,0,0,0,0,0,
"(org.eclipse.collections.impl.jmh.MinTest.parallel_lazy_reverse_jdk,1adf6f485475969aeceb8cc4815f404f7831f646)",0,0,0,0,0,0,0,0,0,0,0,0,0,0,0,0,0,0,0,0,0,0,0,0,0,0,0,
"(org.eclipse.collections.impl.jmh.MinTest.serial_lazy_reverse_streams_ec,1adf6f485475969aeceb8cc4815f404f7831f646)",0,0,0,0,0,0,0,0,0,0,0,0,0,0,0,0,0,0,0,0,0,0,0,0,0,0,0,
"(org.eclipse.collections.impl.jmh.IntListJMHTest.filterJDKBoxedStream,1adf6f485475969aeceb8cc4815f404f7831f646)",0,0,0,0,0,0,0,0,0,0,0,0,0,0,0,0,0,0,0,0,0,0,0,0,0,0,0,
"(org.eclipse.collections.impl.jmh.FunctionalInterfaceTest.parallel_lazy_scala_hand_coded,1adf6f485475969aeceb8cc4815f404f7831f646)",0,0,0,0,0,0,0,0,0,0,0,0,0,0,0,0,0,0,0,0,0,0,0,0,0,0,0,
"(org.eclipse.collections.impl.jmh.IntListJMHTest.filterJDKIntStreamToEC,1adf6f485475969aeceb8cc4815f404f7831f646)",0,0,0,0,0,0,0,0,0,0,0,0,0,0,0,0,0,0,0,0,0,0,0,0,0,0,0,
"(org.eclipse.collections.impl.jmh.SumByDoubleTest.sumByProduct_parallel_eager_ec,1adf6f485475969aeceb8cc4815f404f7831f646)",0,0,0,0,0,0,0,0,0,0,0,0,0,0,0,0,0,0,0,0,0,0,0,0,0,0,0,
"(org.eclipse.collections.impl.jmh.MaxByDoubleTest.maxByMarketValue_parallel_lazy_collect_lambda_jdk,1adf6f485475969aeceb8cc4815f404f7831f646)",0,0,0,0,0,0,0,0,0,0,0,0,0,0,0,0,0,0,0,0,0,0,0,0,0,0,0,
"(org.eclipse.collections.impl.jmh.LongLongMapSmallStressTest.kolobokePut,1adf6f485475969aeceb8cc4815f404f7831f646)",0,0,0,0,0,0,0,0,0,0,0,0,0,0,0,0,0,0,0,0,0,0,0,0,0,0,0,
"(org.eclipse.collections.impl.jmh.GroupBySetTest.groupBy_2_keys_parallel_lazy_streams_ec,1adf6f485475969aeceb8cc4815f404f7831f646)",0,0,0,0,0,0,0,0,0,0,0,0,0,0,0,0,0,0,0,0,0,0,0,0,0,0,0,
"(org.eclipse.collections.impl.jmh.NoneSatisfyTest.short_circuit_middle_serial_lazy_jdk,1adf6f485475969aeceb8cc4815f404f7831f646)",0,0,0,0,0,0,0,0,0,0,0,0,0,0,0,0,0,0,0,0,0,0,0,0,0,0,0,
"(org.eclipse.collections.impl.jmh.IntListJMHTest.filterECPrimitiveEager,1adf6f485475969aeceb8cc4815f404f7831f646)",0,0,0,0,0,0,0,0,0,0,0,0,0,0,0,0,0,0,0,0,0,0,0,0,0,0,0,
"(org.eclipse.collections.impl.jmh.NoneSatisfyTest.short_circuit_middle_parallel_lazy_jdk,1adf6f485475969aeceb8cc4815f404f7831f646)",0,0,0,0,0,0,0,0,0,0,0,0,0,0,0,0,0,0,0,0,0,0,0,0,0,0,0,
"(org.eclipse.collections.impl.jmh.IntIntMapTest.presizedPut,1adf6f485475969aeceb8cc4815f404f7831f646)",0,0,0,0,0,0,0,0,0,0,0,0,0,0,0,0,0,0,0,0,0,0,0,0,0,0,0,
"(org.eclipse.collections.impl.jmh.AnagramListTest.parallel_lazy_jdk,1adf6f485475969aeceb8cc4815f404f7831f646)",0,0,0,0,0,0,0,0,0,0,0,0,0,0,0,0,0,0,0,0,0,0,0,0,0,0,0,
"(org.eclipse.collections.impl.jmh.CountTest.parallel_lazy_streams_ec,1adf6f485475969aeceb8cc4815f404f7831f646)",0,0,0,0,0,0,0,0,0,0,0,0,0,0,0,0,0,0,0,0,0,0,0,0,0,0,0,
"(org.eclipse.collections.impl.jmh.IntListJMHTest.sumECPrimitiveEager,1adf6f485475969aeceb8cc4815f404f7831f646)",0,0,0,0,0,0,0,0,0,0,0,0,0,0,0,0,0,0,0,0,0,0,0,0,0,0,0,
"(org.eclipse.collections.impl.jmh.IntIntMapSmallStressTest.ecRemove,1adf6f485475969aeceb8cc4815f404f7831f646)",0,0,0,0,0,0,0,0,0,0,0,0,0,0,0,0,0,0,0,0,0,0,0,0,0,0,0,
"(org.eclipse.collections.impl.jmh.SumByDoubleTest.sumByCategory_serial_lazy_jdk,1adf6f485475969aeceb8cc4815f404f7831f646)",0,0,0,0,0,0,0,0,0,0,0,0,0,0,0,0,0,0,0,0,0,0,0,0,0,0,0,
"(org.eclipse.collections.impl.jmh.list.ListIterationTest.parallel_mutable_scala,1adf6f485475969aeceb8cc4815f404f7831f646)",0,0,0,0,0,0,0,0,0,0,0,0,0,0,0,0,0,0,0,0,0,0,0,0,0,0,0,
"(org.eclipse.collections.impl.jmh.SumByDoubleTest.sumByCategory_parallel_lazy_streams_ec,1adf6f485475969aeceb8cc4815f404f7831f646)",0,0,0,0,0,0,0,0,0,0,0,0,0,0,0,0,0,0,0,0,0,0,0,0,0,0,0,
"(org.eclipse.collections.impl.jmh.MinByIntTest.minByQuantity_parallel_lazy_direct_lambda_jdk,1adf6f485475969aeceb8cc4815f404f7831f646)",0,0,0,0,0,0,0,0,0,0,0,0,0,0,0,0,0,0,0,0,0,0,0,0,0,0,0,
"(org.eclipse.collections.impl.jmh.set.sorted.SortedSetContainsTest.contains_immutable_scala,1adf6f485475969aeceb8cc4815f404f7831f646)",0,0,0,0,0,0,0,0,0,0,0,0,0,0,0,0,0,0,0,0,0,0,0,0,0,0,0,
"(org.eclipse.collections.impl.jmh.IntListJMHTest.sumECPrimitiveLazy,1adf6f485475969aeceb8cc4815f404f7831f646)",0,0,0,0,0,0,0,0,0,0,0,0,0,0,0,0,0,0,0,0,0,0,0,0,0,0,0,
"(org.eclipse.collections.impl.jmh.MinTest.serial_lazy_reverse_jdk,1adf6f485475969aeceb8cc4815f404f7831f646)",0,0,0,0,0,0,0,0,0,0,0,0,0,0,0,0,0,0,0,0,0,0,0,0,0,0,0,
"(org.eclipse.collections.impl.jmh.MinTest.parallel_lazy_intstream_streams_ec,1adf6f485475969aeceb8cc4815f404f7831f646)",0,0,0,0,0,0,0,0,0,0,0,0,0,0,0,0,0,0,0,0,0,0,0,0,0,0,0,
"(org.eclipse.collections.impl.jmh.AggregateByTest.aggregateByCategory_parallel_lazy_ec,1adf6f485475969aeceb8cc4815f404f7831f646)",0,0,0,0,0,0,0,0,0,0,0,0,0,0,0,0,0,0,0,0,0,0,0,0,0,0,0,
"(org.eclipse.collections.impl.jmh.CollectorJoiningTest.serial_lazy_collectToStringJoining_ec,1adf6f485475969aeceb8cc4815f404f7831f646)",0,0,0,0,0,0,0,0,0,0,0,0,0,0,0,0,0,0,0,0,0,0,0,0,0,0,0,
"(org.eclipse.collections.impl.jmh.MaxTest.parallel_lazy_intstream_streams_ec,1adf6f485475969aeceb8cc4815f404f7831f646)",0,0,0,0,0,0,0,0,0,0,0,0,0,0,0,0,0,0,0,0,0,0,0,0,0,0,0,
"(org.eclipse.collections.impl.jmh.AggregateByTest.aggregateByAccount_serial_lazy_jdk,1adf6f485475969aeceb8cc4815f404f7831f646)",0,0,0,0,0,0,0,0,0,0,0,0,0,0,0,0,0,0,0,0,0,0,0,0,0,0,0,
"(org.eclipse.collections.impl.jmh.FunctionalInterfaceSetTest.serial_lazy_ec,1adf6f485475969aeceb8cc4815f404f7831f646)",0,0,0,0,0,0,0,0,0,0,0,0,0,0,0,0,0,0,0,0,0,0,0,0,0,0,0,
"(org.eclipse.collections.impl.jmh.set.sorted.SortedSetIterationTest.serial_mutable_scala,1adf6f485475969aeceb8cc4815f404f7831f646)",0,0,0,0,0,0,0,0,0,0,0,0,0,0,0,0,0,0,0,0,0,0,0,0,0,0,0,
"(org.eclipse.collections.impl.jmh.GroupByListTest.groupBy_10000_keys_serial_lazy_ec,1adf6f485475969aeceb8cc4815f404f7831f646)",0,0,0,0,0,0,0,0,0,0,0,0,0,0,0,0,0,0,0,0,0,0,0,0,0,0,0,
"(org.eclipse.collections.impl.jmh.MaxTest.serial_lazy_reverse_streams_ec,1adf6f485475969aeceb8cc4815f404f7831f646)",0,0,0,0,0,0,0,0,0,0,0,0,0,0,0,0,0,0,0,0,0,0,0,0,0,0,0,
"(org.eclipse.collections.impl.jmh.IntListJMHTest.sumECParallelEager,1adf6f485475969aeceb8cc4815f404f7831f646)",0,0,0,0,0,0,0,0,0,0,0,0,0,0,0,0,0,0,0,0,0,0,0,0,0,0,0,
"(org.eclipse.collections.impl.jmh.AnagramSetTest.parallel_lazy_scala,1adf6f485475969aeceb8cc4815f404f7831f646)",0,0,0,0,0,0,0,0,0,0,0,0,0,0,0,0,0,0,0,0,0,0,0,0,0,0,0,
"(org.eclipse.collections.impl.jmh.MaxByDoubleTest.maxByMarketValue_parallel_lazy_direct_methodref_jdk,1adf6f485475969aeceb8cc4815f404f7831f646)",0,0,0,0,0,0,0,0,0,0,0,0,0,0,0,0,0,0,0,0,0,0,0,0,0,0,0,
"(org.eclipse.collections.impl.jmh.map.ScalaAnyRefMapGetTest.get,1adf6f485475969aeceb8cc4815f404f7831f646)",0,0,0,0,0,0,0,0,0,0,0,0,0,0,0,0,0,0,0,0,0,0,0,0,0,0,0,
"(org.eclipse.collections.impl.jmh.map.ScalaAnyRefMapPutTest.scalaAnyRef,1adf6f485475969aeceb8cc4815f404f7831f646)",0,0,0,0,0,0,0,0,0,0,0,0,0,0,0,0,0,0,0,0,0,0,0,0,0,0,0,
"(org.eclipse.collections.impl.jmh.CollectIfTest.serial_eager_ec,1adf6f485475969aeceb8cc4815f404f7831f646)",0,0,0,0,0,0,0,0,0,0,0,0,0,0,0,0,0,0,0,0,0,0,0,0,0,0,0,
"(org.eclipse.collections.impl.jmh.AllSatisfyTest.process_all_parallel_lazy_streams_ec,1adf6f485475969aeceb8cc4815f404f7831f646)",0,0,0,0,0,0,0,0,0,0,0,0,0,0,0,0,0,0,0,0,0,0,0,0,0,0,0,
"(org.eclipse.collections.impl.jmh.ListAddAllTest.ec,1adf6f485475969aeceb8cc4815f404f7831f646)",0,0,0,0,0,0,0,0,0,0,0,0,0,0,0,0,0,0,0,0,0,0,0,0,0,0,0,
"(org.eclipse.collections.impl.jmh.AggregateByTest.aggregateByCategory_parallel_lazy_streams_ec,1adf6f485475969aeceb8cc4815f404f7831f646)",0,0,0,0,0,0,0,0,0,0,0,0,0,0,0,0,0,0,0,0,0,0,0,0,0,0,0,
"(org.eclipse.collections.impl.jmh.CountTest.parallel_eager_ec,1adf6f485475969aeceb8cc4815f404f7831f646)",0,0,0,0,0,0,0,0,0,0,0,0,0,0,0,0,0,0,0,0,0,0,0,0,0,0,0,
"(org.eclipse.collections.impl.jmh.IntIntMapLargeStressTest.jdkRemove,1adf6f485475969aeceb8cc4815f404f7831f646)",0,0,0,0,0,0,0,0,0,0,0,0,0,0,0,0,0,0,0,0,0,0,0,0,0,0,0,
"(org.eclipse.collections.impl.jmh.AggregateByTest.aggregateByCategory_serial_lazy_streams_ec,1adf6f485475969aeceb8cc4815f404f7831f646)",0,0,0,0,0,0,0,0,0,0,0,0,0,0,0,0,0,0,0,0,0,0,0,0,0,0,0,
"(org.eclipse.collections.impl.jmh.AnagramSetTest.parallel_eager_forkjoin_ec,1adf6f485475969aeceb8cc4815f404f7831f646)",0,0,0,0,0,0,0,0,0,0,0,0,0,0,0,0,0,0,0,0,0,0,0,0,0,0,0,
"(org.eclipse.collections.impl.jmh.MinByIntTest.minByQuantity_parallel_lazy_collect_methodref_jdk,1adf6f485475969aeceb8cc4815f404f7831f646)",0,0,0,0,0,0,0,0,0,0,0,0,0,0,0,0,0,0,0,0,0,0,0,0,0,0,0,
"(org.eclipse.collections.impl.jmh.AggregateByTest.aggregateByAccount_serial_lazy_streams_ec,1adf6f485475969aeceb8cc4815f404f7831f646)",0,0,0,0,0,0,0,0,0,0,0,0,0,0,0,0,0,0,0,0,0,0,0,0,0,0,0,
"(org.eclipse.collections.impl.jmh.IntListJMHTest.mapJDKBoxedParallelStream,1adf6f485475969aeceb8cc4815f404f7831f646)",0,0,0,0,0,0,0,0,0,0,0,0,0,0,0,0,0,0,0,0,0,0,0,0,0,0,0,
"(org.eclipse.collections.impl.jmh.GroupBySetTest.groupBy_2_keys_serial_eager_ec,1adf6f485475969aeceb8cc4815f404f7831f646)",0,0,0,0,0,0,0,0,0,0,0,0,0,0,0,0,0,0,0,0,0,0,0,0,0,0,0,
"(org.eclipse.collections.impl.jmh.GroupByListTest.groupBy_10000_keys_serial_lazy_jdk,1adf6f485475969aeceb8cc4815f404f7831f646)",0,0,0,0,0,0,0,0,0,0,0,0,0,0,0,0,0,0,0,0,0,0,0,0,0,0,0,
"(org.eclipse.collections.impl.jmh.GroupByListTest.groupBy_2_keys_serial_eager_ec,1adf6f485475969aeceb8cc4815f404f7831f646)",0,0,0,0,0,0,0,0,0,0,0,0,0,0,0,0,0,0,0,0,0,0,0,0,0,0,0,
"(org.eclipse.collections.impl.jmh.GroupBySetTest.groupBy_unordered_lists_2_keys_serial_lazy_ec,1adf6f485475969aeceb8cc4815f404f7831f646)",0,0,0,0,0,0,0,0,0,0,0,0,0,0,0,0,0,0,0,0,0,0,0,0,0,0,0,
"(org.eclipse.collections.impl.jmh.MaxTest.serial_lazy_intstream_streams_ec,1adf6f485475969aeceb8cc4815f404f7831f646)",0,0,0,0,0,0,0,0,0,0,0,0,0,0,0,0,0,0,0,0,0,0,0,0,0,0,0,
"(org.eclipse.collections.impl.jmh.AllSatisfyTest.process_all_serial_lazy_ec,1adf6f485475969aeceb8cc4815f404f7831f646)",0,0,0,0,0,0,0,0,0,0,0,0,0,0,0,0,0,0,0,0,0,0,0,0,0,0,0,
"(org.eclipse.collections.impl.jmh.IntIntMapLargeStressTest.kolobokeGet,1adf6f485475969aeceb8cc4815f404f7831f646)",0,0,0,0,0,0,0,0,0,0,0,0,0,0,0,0,0,0,0,0,0,0,0,0,0,0,0,
"(org.eclipse.collections.impl.jmh.GroupByListTest.groupBy_10000_keys_serial_eager_guava,1adf6f485475969aeceb8cc4815f404f7831f646)",0,0,0,0,0,0,0,0,0,0,0,0,0,0,0,0,0,0,0,0,0,0,0,0,0,0,0,
"(org.eclipse.collections.impl.jmh.LongLongMapSmallStressTest.ecPut,1adf6f485475969aeceb8cc4815f404f7831f646)",0,0,0,0,0,0,0,0,0,0,0,0,0,0,0,0,0,0,0,0,0,0,0,0,0,0,0,
"(org.eclipse.collections.impl.jmh.GroupByListTest.groupBy_100_keys_serial_lazy_streams_ec,1adf6f485475969aeceb8cc4815f404f7831f646)",0,0,0,0,0,0,0,0,0,0,0,0,0,0,0,0,0,0,0,0,0,0,0,0,0,0,0,
"(org.eclipse.collections.impl.jmh.AllSatisfyTest.short_circuit_middle_serial_lazy_jdk,1adf6f485475969aeceb8cc4815f404f7831f646)",0,0,0,0,0,0,0,0,0,0,0,0,0,0,0,0,0,0,0,0,0,0,0,0,0,0,0,
"(org.eclipse.collections.impl.jmh.MaxByIntTest.maxByQuantity_serial_lazy_ec,1adf6f485475969aeceb8cc4815f404f7831f646)",0,0,0,0,0,0,0,0,0,0,0,0,0,0,0,0,0,0,0,0,0,0,0,0,0,0,0,
"(org.eclipse.collections.impl.jmh.IntListJMHTest.mapJDKIntStream,1adf6f485475969aeceb8cc4815f404f7831f646)",0,0,0,0,0,0,0,0,0,0,0,0,0,0,0,0,0,0,0,0,0,0,0,0,0,0,0,
"(org.eclipse.collections.impl.jmh.MinByIntTest.minByQuantity_parallel_lazy_direct_methodref_jdk,1adf6f485475969aeceb8cc4815f404f7831f646)",0,0,0,0,0,0,0,0,0,0,0,0,0,0,0,0,0,0,0,0,0,0,0,0,0,0,0,
"(org.eclipse.collections.impl.jmh.GroupByListTest.groupBy_2_keys_serial_lazy_streams_ec,1adf6f485475969aeceb8cc4815f404f7831f646)",0,0,0,0,0,0,0,0,0,0,0,0,0,0,0,0,0,0,0,0,0,0,0,0,0,0,0,
"(org.eclipse.collections.impl.jmh.AggregateByTest.aggregateInPlaceByProduct_parallel_lazy_ec,1adf6f485475969aeceb8cc4815f404f7831f646)",0,0,0,0,0,0,0,0,0,0,0,0,0,0,0,0,0,0,0,0,0,0,0,0,0,0,0,
"(org.eclipse.collections.impl.jmh.CollectIfTest.serial_lazy_jdk,1adf6f485475969aeceb8cc4815f404f7831f646)",0,0,0,0,0,0,0,0,0,0,0,0,0,0,0,0,0,0,0,0,0,0,0,0,0,0,0,
"(org.eclipse.collections.impl.jmh.AnagramListTest.serial_eager_ec,1adf6f485475969aeceb8cc4815f404f7831f646)",0,0,0,0,0,0,0,0,0,0,0,0,0,0,0,0,0,0,0,0,0,0,0,0,0,0,0,
"(org.eclipse.collections.impl.jmh.SumOfIntTest.parallel_lazy_mapToLongSum_streams_ec,1adf6f485475969aeceb8cc4815f404f7831f646)",0,0,0,0,0,0,0,0,0,0,0,0,0,0,0,0,0,0,0,0,0,0,0,0,0,0,0,
"(org.eclipse.collections.impl.jmh.CollectIfTest.parallel_eager_ec,1adf6f485475969aeceb8cc4815f404f7831f646)",0,0,0,0,0,0,0,0,0,0,0,0,0,0,0,0,0,0,0,0,0,0,0,0,0,0,0,
"(org.eclipse.collections.impl.jmh.IntIntMapSmallStressTest.jdkGet,1adf6f485475969aeceb8cc4815f404f7831f646)",0,0,0,0,0,0,0,0,0,0,0,0,0,0,0,0,0,0,0,0,0,0,0,0,0,0,0,
"(org.eclipse.collections.impl.jmh.IntListJMHTest.filterMapSumECOptimizedParallelLazy,1adf6f485475969aeceb8cc4815f404f7831f646)",0,0,0,0,0,0,0,0,0,0,0,0,0,0,0,0,0,0,0,0,0,0,0,0,0,0,0,
"(org.eclipse.collections.impl.jmh.IntListJMHTest.filterMapSumECOptimizedParallelEager,1adf6f485475969aeceb8cc4815f404f7831f646)",0,0,0,0,0,0,0,0,0,0,0,0,0,0,0,0,0,0,0,0,0,0,0,0,0,0,0,
"(org.eclipse.collections.impl.jmh.IntIntMapTest.remove,1adf6f485475969aeceb8cc4815f404f7831f646)",0,0,0,0,0,0,0,0,0,0,0,0,0,0,0,0,0,0,0,0,0,0,0,0,0,0,0,
"(org.eclipse.collections.impl.jmh.AnagramSetTest.serial_eager_scala,1adf6f485475969aeceb8cc4815f404f7831f646)",0,0,0,0,0,0,0,0,0,0,0,0,0,0,0,0,0,0,0,0,0,0,0,0,0,0,0,
"(org.eclipse.collections.impl.jmh.IntListJMHTest.sumECParallelLazy,1adf6f485475969aeceb8cc4815f404f7831f646)",0,0,0,0,0,0,0,0,0,0,0,0,0,0,0,0,0,0,0,0,0,0,0,0,0,0,0,
"(org.eclipse.collections.impl.jmh.CountTest.serial_eager_scala,1adf6f485475969aeceb8cc4815f404f7831f646)",0,0,0,0,0,0,0,0,0,0,0,0,0,0,0,0,0,0,0,0,0,0,0,0,0,0,0,
"(org.eclipse.collections.impl.jmh.AnagramListTest.parallel_eager_ec,1adf6f485475969aeceb8cc4815f404f7831f646)",0,0,0,0,0,0,0,0,0,0,0,0,0,0,0,0,0,0,0,0,0,0,0,0,0,0,0,
"(org.eclipse.collections.impl.jmh.LongLongMapLargeStressTest.kolobokeRemove,1adf6f485475969aeceb8cc4815f404f7831f646)",0,0,0,0,0,0,0,0,0,0,0,0,0,0,0,0,0,0,0,0,0,0,0,0,0,0,0,
"(org.eclipse.collections.impl.jmh.map.ScalaMutableMapGetTest.get,1adf6f485475969aeceb8cc4815f404f7831f646)",0,0,0,0,0,0,0,0,0,0,0,0,0,0,0,0,0,0,0,0,0,0,0,0,0,0,0,
"(org.eclipse.collections.impl.jmh.list.ListIterationTest.parallel_mutable_ec,1adf6f485475969aeceb8cc4815f404f7831f646)",0,0,0,0,0,0,0,0,0,0,0,0,0,0,0,0,0,0,0,0,0,0,0,0,0,0,0,
"(org.eclipse.collections.impl.jmh.SumOfIntTest.parallel_lazy_sumOfInt_ec,1adf6f485475969aeceb8cc4815f404f7831f646)",0,0,0,0,0,0,0,0,0,0,0,0,0,0,0,0,0,0,0,0,0,0,0,0,0,0,0,
"(org.eclipse.collections.impl.jmh.AggregateByTest.aggregateByCategory_parallel_eager_ec,1adf6f485475969aeceb8cc4815f404f7831f646)",0,0,0,0,0,0,0,0,0,0,0,0,0,0,0,0,0,0,0,0,0,0,0,0,0,0,0,
"(org.eclipse.collections.impl.jmh.AggregateByTest.aggregateInPlaceByCategory_parallel_lazy_ec,1adf6f485475969aeceb8cc4815f404f7831f646)",0,0,0,0,0,0,0,0,0,0,0,0,0,0,0,0,0,0,0,0,0,0,0,0,0,0,0,
"(org.eclipse.collections.impl.jmh.IntListJMHTest.mapECParallelLazy,1adf6f485475969aeceb8cc4815f404f7831f646)",0,0,0,0,0,0,0,0,0,0,0,0,0,0,0,0,0,0,0,0,0,0,0,0,0,0,0,
"(org.eclipse.collections.impl.jmh.AllSatisfyTest.process_all_parallel_lazy_jdk,1adf6f485475969aeceb8cc4815f404f7831f646)",0,0,0,0,0,0,0,0,0,0,0,0,0,0,0,0,0,0,0,0,0,0,0,0,0,0,0,
"(org.eclipse.collections.impl.jmh.LongLongMapSmallStressTest.ecGet,1adf6f485475969aeceb8cc4815f404f7831f646)",0,0,0,0,0,0,0,0,0,0,0,0,0,0,0,0,0,0,0,0,0,0,0,0,0,0,0,
"(org.eclipse.collections.impl.jmh.SumOfIntTest.serial_lazy_mapToIntSum_jdk,1adf6f485475969aeceb8cc4815f404f7831f646)",0,0,0,0,0,0,0,0,0,0,0,0,0,0,0,0,0,0,0,0,0,0,0,0,0,0,0,
"(org.eclipse.collections.impl.jmh.FlatCollectTest.serial_eager_ec,1adf6f485475969aeceb8cc4815f404f7831f646)",0,0,0,0,0,0,0,0,0,0,0,0,0,0,0,0,0,0,0,0,0,0,0,0,0,0,0,
"(org.eclipse.collections.impl.jmh.GroupBySetTest.groupBy_100_keys_parallel_lazy_streams_ec,1adf6f485475969aeceb8cc4815f404f7831f646)",0,0,0,0,0,0,0,0,0,0,0,0,0,0,0,0,0,0,0,0,0,0,0,0,0,0,0,
"(org.eclipse.collections.impl.jmh.CountSetTest.serial_eager_ec,1adf6f485475969aeceb8cc4815f404f7831f646)",0,0,0,0,0,0,0,0,0,0,0,0,0,0,0,0,0,0,0,0,0,0,0,0,0,0,0,
"(org.eclipse.collections.impl.jmh.CountSetTest.serial_lazy_streams_ec,1adf6f485475969aeceb8cc4815f404f7831f646)",0,0,0,0,0,0,0,0,0,0,0,0,0,0,0,0,0,0,0,0,0,0,0,0,0,0,0,
"(org.eclipse.collections.impl.jmh.MinByDoubleTest.minByMarketValue_parallel_lazy_ec,1adf6f485475969aeceb8cc4815f404f7831f646)",0,0,0,0,0,0,0,0,0,0,0,0,0,0,0,0,0,0,0,0,0,0,0,0,0,0,0,
"(org.eclipse.collections.impl.jmh.AnagramBagTest.parallel_lazy_streams_ec,1adf6f485475969aeceb8cc4815f404f7831f646)",0,0,0,0,0,0,0,0,0,0,0,0,0,0,0,0,0,0,0,0,0,0,0,0,0,0,0,
"(org.eclipse.collections.impl.jmh.MaxByIntTest.maxByQuantity_serial_lazy_direct_methodref_jdk,1adf6f485475969aeceb8cc4815f404f7831f646)",0,0,0,0,0,0,0,0,0,0,0,0,0,0,0,0,0,0,0,0,0,0,0,0,0,0,0,
"(org.eclipse.collections.impl.jmh.LongLongMapLargeStressTest.ecGet,1adf6f485475969aeceb8cc4815f404f7831f646)",0,0,0,0,0,0,0,0,0,0,0,0,0,0,0,0,0,0,0,0,0,0,0,0,0,0,0,
"(org.eclipse.collections.impl.jmh.MaxByIntTest.maxByQuantity_serial_lazy_collect_methodref_jdk,1adf6f485475969aeceb8cc4815f404f7831f646)",0,0,0,0,0,0,0,0,0,0,0,0,0,0,0,0,0,0,0,0,0,0,0,0,0,0,0,
"(org.eclipse.collections.impl.jmh.SetAddAllTest.ec,1adf6f485475969aeceb8cc4815f404f7831f646)",0,0,0,0,0,0,0,0,0,0,0,0,0,0,0,0,0,0,0,0,0,0,0,0,0,0,0,
"(org.eclipse.collections.impl.jmh.CollectTest.serial_lazy_streams_ec,1adf6f485475969aeceb8cc4815f404f7831f646)",0,0,0,0,0,0,0,0,0,0,0,0,0,0,0,0,0,0,0,0,0,0,0,0,0,0,0,
"(org.eclipse.collections.impl.jmh.IntListJMHTest.sumJDKBoxedParallelStream,1adf6f485475969aeceb8cc4815f404f7831f646)",0,0,0,0,0,0,0,0,0,0,0,0,0,0,0,0,0,0,0,0,0,0,0,0,0,0,0,
"(org.eclipse.collections.impl.jmh.LongLongMapLargeStressTest.kolobokeGet,1adf6f485475969aeceb8cc4815f404f7831f646)",0,0,0,0,0,0,0,0,0,0,0,0,0,0,0,0,0,0,0,0,0,0,0,0,0,0,0,
"(org.eclipse.collections.impl.jmh.SumByDoubleTest.sumByProduct_serial_lazy_streams_ec,1adf6f485475969aeceb8cc4815f404f7831f646)",0,0,0,0,0,0,0,0,0,0,0,0,0,0,0,0,0,0,0,0,0,0,0,0,0,0,0,
"(org.eclipse.collections.impl.jmh.MinTest.serial_lazy_ec,1adf6f485475969aeceb8cc4815f404f7831f646)",0,0,0,0,0,0,0,0,0,0,0,0,0,0,0,0,0,0,0,0,0,0,0,0,0,0,0,
"(org.eclipse.collections.impl.jmh.set.sorted.SortedSetIterationTest.parallel_mutable_scala,1adf6f485475969aeceb8cc4815f404f7831f646)",0,0,0,0,0,0,0,0,0,0,0,0,0,0,0,0,0,0,0,0,0,0,0,0,0,0,0,
"(org.eclipse.collections.impl.jmh.CountTest.serial_lazy_jdk,1adf6f485475969aeceb8cc4815f404f7831f646)",0,0,0,0,0,0,0,0,0,0,0,0,0,0,0,0,0,0,0,0,0,0,0,0,0,0,0,
"(org.eclipse.collections.impl.jmh.CountTest.serial_lazy_streams_ec,1adf6f485475969aeceb8cc4815f404f7831f646)",0,0,0,0,0,0,0,0,0,0,0,0,0,0,0,0,0,0,0,0,0,0,0,0,0,0,0,
"(org.eclipse.collections.impl.jmh.AggregateByTest.aggregateByProduct_serial_lazy_jdk,1adf6f485475969aeceb8cc4815f404f7831f646)",0,0,0,0,0,0,0,0,0,0,0,0,0,0,0,0,0,0,0,0,0,0,0,0,0,0,0,
"(org.eclipse.collections.impl.jmh.AnagramSetTest.parallel_lazy_streams_ec,1adf6f485475969aeceb8cc4815f404f7831f646)",0,0,0,0,0,0,0,0,0,0,0,0,0,0,0,0,0,0,0,0,0,0,0,0,0,0,0,
"(org.eclipse.collections.impl.jmh.RejectTest.serial_eager_ec,1adf6f485475969aeceb8cc4815f404f7831f646)",0,0,0,0,0,0,0,0,0,0,0,0,0,0,0,0,0,0,0,0,0,0,0,0,0,0,0,
"(org.eclipse.collections.impl.jmh.AnagramSetTest.serial_lazy_jdk,1adf6f485475969aeceb8cc4815f404f7831f646)",0,0,0,0,0,0,0,0,0,0,0,0,0,0,0,0,0,0,0,0,0,0,0,0,0,0,0,
"(org.eclipse.collections.impl.jmh.SumByDoubleTest.sumByProduct_serial_eager_ec,1adf6f485475969aeceb8cc4815f404f7831f646)",0,0,0,0,0,0,0,0,0,0,0,0,0,0,0,0,0,0,0,0,0,0,0,0,0,0,0,
"(org.eclipse.collections.impl.jmh.MaxTest.parallel_lazy_reverse_jdk,1adf6f485475969aeceb8cc4815f404f7831f646)",0,0,0,0,0,0,0,0,0,0,0,0,0,0,0,0,0,0,0,0,0,0,0,0,0,0,0,
"(org.eclipse.collections.impl.jmh.CollectIfTest.parallel_lazy_ec,1adf6f485475969aeceb8cc4815f404f7831f646)",0,0,0,0,0,0,0,0,0,0,0,0,0,0,0,0,0,0,0,0,0,0,0,0,0,0,0,
"(org.eclipse.collections.impl.jmh.SumOfIntTest.serial_eager_directSumOfInt_ec,1adf6f485475969aeceb8cc4815f404f7831f646)",0,0,0,0,0,0,0,0,0,0,0,0,0,0,0,0,0,0,0,0,0,0,0,0,0,0,0,
"(org.eclipse.collections.impl.jmh.map.EcImmutableMapGetTest.get,1adf6f485475969aeceb8cc4815f404f7831f646)",0,0,0,0,0,0,0,0,0,0,0,0,0,0,0,0,0,0,0,0,0,0,0,0,0,0,0,
"(org.eclipse.collections.impl.jmh.MaxTest.parallel_lazy_reverse_streams_ec,1adf6f485475969aeceb8cc4815f404f7831f646)",0,0,0,0,0,0,0,0,0,0,0,0,0,0,0,0,0,0,0,0,0,0,0,0,0,0,0,
"(org.eclipse.collections.impl.jmh.IntListJMHTest.filterJDKIntStream,1adf6f485475969aeceb8cc4815f404f7831f646)",0,0,0,0,0,0,0,0,0,0,0,0,0,0,0,0,0,0,0,0,0,0,0,0,0,0,0,
"(org.eclipse.collections.impl.jmh.map.MapGrowthTest.mutableScalaPut,1adf6f485475969aeceb8cc4815f404f7831f646)",0,0,0,0,0,0,0,0,0,0,0,0,0,0,0,0,0,0,0,0,0,0,0,0,0,0,0,
"(org.eclipse.collections.impl.jmh.AllSatisfyTest.short_circuit_middle_parallel_lazy_streams_ec,1adf6f485475969aeceb8cc4815f404f7831f646)",0,0,0,0,0,0,0,0,0,0,0,0,0,0,0,0,0,0,0,0,0,0,0,0,0,0,0,
"(org.eclipse.collections.impl.jmh.AllSatisfyTest.short_circuit_middle_serial_lazy_ec,1adf6f485475969aeceb8cc4815f404f7831f646)",0,0,0,0,0,0,0,0,0,0,0,0,0,0,0,0,0,0,0,0,0,0,0,0,0,0,0,
"(org.eclipse.collections.impl.jmh.SumByBigDecimalTest.sumByBigDecimalAccount_parallel_eager_ec,1adf6f485475969aeceb8cc4815f404f7831f646)",0,0,0,0,0,0,0,0,0,0,0,0,0,0,0,0,0,0,0,0,0,0,0,0,0,0,0,
"(org.eclipse.collections.impl.jmh.FunctionalInterfaceTest.serial_lazy_scala,1adf6f485475969aeceb8cc4815f404f7831f646)",0,0,0,0,0,0,0,0,0,0,0,0,0,0,0,0,0,0,0,0,0,0,0,0,0,0,0,
"(org.eclipse.collections.impl.jmh.SumOfIntTest.parallel_lazy_mapToLongSum_jdk,1adf6f485475969aeceb8cc4815f404f7831f646)",0,0,0,0,0,0,0,0,0,0,0,0,0,0,0,0,0,0,0,0,0,0,0,0,0,0,0,
"(org.eclipse.collections.impl.jmh.CountSetTest.serial_lazy_jdk,1adf6f485475969aeceb8cc4815f404f7831f646)",0,0,0,0,0,0,0,0,0,0,0,0,0,0,0,0,0,0,0,0,0,0,0,0,0,0,0,
"(org.eclipse.collections.impl.jmh.FunctionalInterfaceTest.parallel_eager_ec_hand_coded,1adf6f485475969aeceb8cc4815f404f7831f646)",0,0,0,0,0,0,0,0,0,0,0,0,0,0,0,0,0,0,0,0,0,0,0,0,0,0,0,
"(org.eclipse.collections.impl.jmh.AggregateByTest.aggregateByAccount_parallel_lazy_jdk,1adf6f485475969aeceb8cc4815f404f7831f646)",0,0,0,0,0,0,0,0,0,0,0,0,0,0,0,0,0,0,0,0,0,0,0,0,0,0,0,
"(org.eclipse.collections.impl.jmh.CollectorJoiningTest.parallel_lazy_mapToStringJoining_ec,1adf6f485475969aeceb8cc4815f404f7831f646)",0,0,0,0,0,0,0,0,0,0,0,0,0,0,0,0,0,0,0,0,0,0,0,0,0,0,0,
"(org.eclipse.collections.impl.jmh.AnySatisfyTest.short_circuit_middle_parallel_lazy_streams_ec,1adf6f485475969aeceb8cc4815f404f7831f646)",0,0,0,0,0,0,0,0,0,0,0,0,0,0,0,0,0,0,0,0,0,0,0,0,0,0,0,
"(org.eclipse.collections.impl.jmh.CountTest.serial_eager_ec,1adf6f485475969aeceb8cc4815f404f7831f646)",0,0,0,0,0,0,0,0,0,0,0,0,0,0,0,0,0,0,0,0,0,0,0,0,0,0,0,
"(org.eclipse.collections.impl.jmh.MaxByIntTest.maxByQuantity_parallel_lazy_direct_methodref_jdk,1adf6f485475969aeceb8cc4815f404f7831f646)",0,0,0,0,0,0,0,0,0,0,0,0,0,0,0,0,0,0,0,0,0,0,0,0,0,0,0,
"(org.eclipse.collections.impl.jmh.AnySatisfyTest.process_all_parallel_lazy_scala,1adf6f485475969aeceb8cc4815f404f7831f646)",0,0,0,0,0,0,0,0,0,0,0,0,0,0,0,0,0,0,0,0,0,0,0,0,0,0,0,
"(org.eclipse.collections.impl.jmh.MinTest.serial_lazy_reverse_ec,1adf6f485475969aeceb8cc4815f404f7831f646)",0,0,0,0,0,0,0,0,0,0,0,0,0,0,0,0,0,0,0,0,0,0,0,0,0,0,0,
"(org.eclipse.collections.impl.jmh.NoneSatisfyTest.process_none_serial_lazy_ec,1adf6f485475969aeceb8cc4815f404f7831f646)",0,0,0,0,0,0,0,0,0,0,0,0,0,0,0,0,0,0,0,0,0,0,0,0,0,0,0,
"(org.eclipse.collections.impl.jmh.SummarizeIntTest.serial_eager_collectIntSummaryStatistics_ec,1adf6f485475969aeceb8cc4815f404f7831f646)",0,0,0,0,0,0,0,0,0,0,0,0,0,0,0,0,0,0,0,0,0,0,0,0,0,0,0,
"(org.eclipse.collections.impl.jmh.MaxByIntTest.maxByQuantity_parallel_lazy_ec,1adf6f485475969aeceb8cc4815f404f7831f646)",0,0,0,0,0,0,0,0,0,0,0,0,0,0,0,0,0,0,0,0,0,0,0,0,0,0,0,
"(org.eclipse.collections.impl.jmh.MinByDoubleTest.minByMarketValue_parallel_lazy_collect_lambda_jdk,1adf6f485475969aeceb8cc4815f404f7831f646)",0,0,0,0,0,0,0,0,0,0,0,0,0,0,0,0,0,0,0,0,0,0,0,0,0,0,0,
"(org.eclipse.collections.impl.jmh.MinByDoubleTest.minByMarketValue_serial_lazy_direct_lambda_jdk,1adf6f485475969aeceb8cc4815f404f7831f646)",0,0,0,0,0,0,0,0,0,0,0,0,0,0,0,0,0,0,0,0,0,0,0,0,0,0,0,
"(org.eclipse.collections.impl.jmh.MinTest.parallel_lazy_reverse_streams_ec,1adf6f485475969aeceb8cc4815f404f7831f646)",0,0,0,0,0,0,0,0,0,0,0,0,0,0,0,0,0,0,0,0,0,0,0,0,0,0,0,
"(org.eclipse.collections.impl.jmh.RejectTest.serial_lazy_jdk_lambda_negate,1adf6f485475969aeceb8cc4815f404f7831f646)",0,0,0,0,0,0,0,0,0,0,0,0,0,0,0,0,0,0,0,0,0,0,0,0,0,0,0,
"(org.eclipse.collections.impl.jmh.RejectTest.serial_eager_ec_select_predicates_not,1adf6f485475969aeceb8cc4815f404f7831f646)",0,0,0,0,0,0,0,0,0,0,0,0,0,0,0,0,0,0,0,0,0,0,0,0,0,0,0,
"(org.eclipse.collections.impl.jmh.SumByBigDecimalTest.sumByBigDecimalProduct_serial_eager_ec,1adf6f485475969aeceb8cc4815f404f7831f646)",0,0,0,0,0,0,0,0,0,0,0,0,0,0,0,0,0,0,0,0,0,0,0,0,0,0,0,
"(org.eclipse.collections.impl.jmh.MinByIntTest.minByQuantity_serial_eager_ec,1adf6f485475969aeceb8cc4815f404f7831f646)",0,0,0,0,0,0,0,0,0,0,0,0,0,0,0,0,0,0,0,0,0,0,0,0,0,0,0,
"(org.eclipse.collections.impl.jmh.LongIntMapTest.presizedPut,1adf6f485475969aeceb8cc4815f404f7831f646)",0,0,0,0,0,0,0,0,0,0,0,0,0,0,0,0,0,0,0,0,0,0,0,0,0,0,0,
"(org.eclipse.collections.impl.jmh.IntListJMHTest.filterMapSumECParallelLazy,1adf6f485475969aeceb8cc4815f404f7831f646)",0,0,0,0,0,0,0,0,0,0,0,0,0,0,0,0,0,0,0,0,0,0,0,0,0,0,0,
"(org.eclipse.collections.impl.jmh.MinTest.parallel_lazy_jdk,1adf6f485475969aeceb8cc4815f404f7831f646)",0,0,0,0,0,0,0,0,0,0,0,0,0,0,0,0,0,0,0,0,0,0,0,0,0,0,0,
"(org.eclipse.collections.impl.jmh.AnagramBagTest.serial_lazy_jdk,1adf6f485475969aeceb8cc4815f404f7831f646)",0,0,0,0,0,0,0,0,0,0,0,0,0,0,0,0,0,0,0,0,0,0,0,0,0,0,0,
"(org.eclipse.collections.impl.jmh.GroupByListTest.groupBy_10000_keys_serial_eager_scala,1adf6f485475969aeceb8cc4815f404f7831f646)",0,0,0,0,0,0,0,0,0,0,0,0,0,0,0,0,0,0,0,0,0,0,0,0,0,0,0,
"(org.eclipse.collections.impl.jmh.GroupBySetTest.groupBy_2_keys_serial_lazy_streams_ec,1adf6f485475969aeceb8cc4815f404f7831f646)",0,0,0,0,0,0,0,0,0,0,0,0,0,0,0,0,0,0,0,0,0,0,0,0,0,0,0,
"(org.eclipse.collections.impl.jmh.IntIntMapLargeStressTest.jdkPut,1adf6f485475969aeceb8cc4815f404f7831f646)",0,0,0,0,0,0,0,0,0,0,0,0,0,0,0,0,0,0,0,0,0,0,0,0,0,0,0,
"(org.eclipse.collections.impl.jmh.MaxTest.serial_eager_reverse_ec,1adf6f485475969aeceb8cc4815f404f7831f646)",0,0,0,0,0,0,0,0,0,0,0,0,0,0,0,0,0,0,0,0,0,0,0,0,0,0,0,
"(org.eclipse.collections.impl.jmh.FunctionalInterfaceTest.serial_lazy_jdk,1adf6f485475969aeceb8cc4815f404f7831f646)",0,0,0,0,0,0,0,0,0,0,0,0,0,0,0,0,0,0,0,0,0,0,0,0,0,0,0,
"(org.eclipse.collections.impl.jmh.IntIntMapLargeStressTest.ecPut,1adf6f485475969aeceb8cc4815f404f7831f646)",0,0,0,0,0,0,0,0,0,0,0,0,0,0,0,0,0,0,0,0,0,0,0,0,0,0,0,
"(org.eclipse.collections.impl.jmh.SumOfDoubleTest.serial_eager_collectDoubleSum_ec,1adf6f485475969aeceb8cc4815f404f7831f646)",0,0,0,0,0,0,0,0,0,0,0,0,0,0,0,0,0,0,0,0,0,0,0,0,0,0,0,
"(org.eclipse.collections.impl.jmh.SelectTest.serial_lazy_streams_ec,1adf6f485475969aeceb8cc4815f404f7831f646)",0,0,0,0,0,0,0,0,0,0,0,0,0,0,0,0,0,0,0,0,0,0,0,0,0,0,0,
"(org.eclipse.collections.impl.jmh.MaxTest.serial_lazy_reverse_jdk,1adf6f485475969aeceb8cc4815f404f7831f646)",0,0,0,0,0,0,0,0,0,0,0,0,0,0,0,0,0,0,0,0,0,0,0,0,0,0,0,
"(org.eclipse.collections.impl.jmh.CollectTest.parallel_eager_fixed_pool_ec,1adf6f485475969aeceb8cc4815f404f7831f646)",0,0,0,0,0,0,0,0,0,0,0,0,0,0,0,0,0,0,0,0,0,0,0,0,0,0,0,
"(org.eclipse.collections.impl.jmh.AnySatisfyTest.short_circuit_middle_serial_lazy_jdk,1adf6f485475969aeceb8cc4815f404f7831f646)",0,0,0,0,0,0,0,0,0,0,0,0,0,0,0,0,0,0,0,0,0,0,0,0,0,0,0,
"(org.eclipse.collections.impl.jmh.IntListJMHTest.filterMapSumECBoxedLazy,1adf6f485475969aeceb8cc4815f404f7831f646)",0,0,0,0,0,0,0,0,0,0,0,0,0,0,0,0,0,0,0,0,0,0,0,0,0,0,0,
"(org.eclipse.collections.impl.jmh.BagAddAllTest.guava,1adf6f485475969aeceb8cc4815f404f7831f646)",0,0,0,0,0,0,0,0,0,0,0,0,0,0,0,0,0,0,0,0,0,0,0,0,0,0,0,
"(org.eclipse.collections.impl.jmh.SelectTest.serial_eager_ec,1adf6f485475969aeceb8cc4815f404f7831f646)",0,0,0,0,0,0,0,0,0,0,0,0,0,0,0,0,0,0,0,0,0,0,0,0,0,0,0,
"(org.eclipse.collections.impl.jmh.list.ListIterationTest.serial_mutable_ec,1adf6f485475969aeceb8cc4815f404f7831f646)",0,0,0,0,0,0,0,0,0,0,0,0,0,0,0,0,0,0,0,0,0,0,0,0,0,0,0,
"(org.eclipse.collections.impl.jmh.AnySatisfyTest.process_all_parallel_lazy_jdk,1adf6f485475969aeceb8cc4815f404f7831f646)",0,0,0,0,0,0,0,0,0,0,0,0,0,0,0,0,0,0,0,0,0,0,0,0,0,0,0,
"(org.eclipse.collections.impl.jmh.set.sorted.SortedSetIterationTest.parallel_immutable_scala,1adf6f485475969aeceb8cc4815f404f7831f646)",0,0,0,0,0,0,0,0,0,0,0,0,0,0,0,0,0,0,0,0,0,0,0,0,0,0,0,
"(org.eclipse.collections.impl.jmh.NoneSatisfyTest.process_all_parallel_lazy_ec,1adf6f485475969aeceb8cc4815f404f7831f646)",0,0,0,0,0,0,0,0,0,0,0,0,0,0,0,0,0,0,0,0,0,0,0,0,0,0,0,
"(org.eclipse.collections.impl.jmh.CollectTest.serial_lazy_scala,1adf6f485475969aeceb8cc4815f404f7831f646)",0,0,0,0,0,0,0,0,0,0,0,0,0,0,0,0,0,0,0,0,0,0,0,0,0,0,0,
"(org.eclipse.collections.impl.jmh.IntListJMHTest.filterECPrimitiveLazy,1adf6f485475969aeceb8cc4815f404f7831f646)",0,0,0,0,0,0,0,0,0,0,0,0,0,0,0,0,0,0,0,0,0,0,0,0,0,0,0,
"(org.eclipse.collections.impl.jmh.IntListJMHTest.sumECBoxedLazy,1adf6f485475969aeceb8cc4815f404f7831f646)",0,0,0,0,0,0,0,0,0,0,0,0,0,0,0,0,0,0,0,0,0,0,0,0,0,0,0,
"(org.eclipse.collections.impl.jmh.AllSatisfyTest.short_circuit_middle_serial_eager_ec,1adf6f485475969aeceb8cc4815f404f7831f646)",0,0,0,0,0,0,0,0,0,0,0,0,0,0,0,0,0,0,0,0,0,0,0,0,0,0,0,
"(org.eclipse.collections.impl.jmh.MaxByDoubleTest.maxByMarketValue_serial_lazy_direct_methodref_jdk,1adf6f485475969aeceb8cc4815f404f7831f646)",0,0,0,0,0,0,0,0,0,0,0,0,0,0,0,0,0,0,0,0,0,0,0,0,0,0,0,
"(org.eclipse.collections.impl.jmh.AggregateByTest.aggregateByProduct_parallel_lazy_streams_ec,1adf6f485475969aeceb8cc4815f404f7831f646)",0,0,0,0,0,0,0,0,0,0,0,0,0,0,0,0,0,0,0,0,0,0,0,0,0,0,0,
"(org.eclipse.collections.impl.jmh.SelectTest.parallel_lazy_ec,1adf6f485475969aeceb8cc4815f404f7831f646)",0,0,0,0,0,0,0,0,0,0,0,0,0,0,0,0,0,0,0,0,0,0,0,0,0,0,0,
"(org.eclipse.collections.impl.jmh.AnagramBagTest.serial_eager_ec,1adf6f485475969aeceb8cc4815f404f7831f646)",0,0,0,0,0,0,0,0,0,0,0,0,0,0,0,0,0,0,0,0,0,0,0,0,0,0,0,
"(org.eclipse.collections.impl.jmh.AnagramSetTest.parallel_eager_ec,1adf6f485475969aeceb8cc4815f404f7831f646)",0,0,0,0,0,0,0,0,0,0,0,0,0,0,0,0,0,0,0,0,0,0,0,0,0,0,0,
"(org.eclipse.collections.impl.jmh.CollectorJoiningTest.serial_eager_makeString_ec,1adf6f485475969aeceb8cc4815f404f7831f646)",0,0,0,0,0,0,0,0,0,0,0,0,0,0,0,0,0,0,0,0,0,0,0,0,0,0,0,
"(org.eclipse.collections.impl.jmh.AnySatisfyTest.short_circuit_middle_serial_lazy_streams_ec,1adf6f485475969aeceb8cc4815f404f7831f646)",0,0,0,0,0,0,0,0,0,0,0,0,0,0,0,0,0,0,0,0,0,0,0,0,0,0,0,
"(org.eclipse.collections.impl.jmh.SumByDoubleTest.sumByCategory_serial_eager_ec,1adf6f485475969aeceb8cc4815f404f7831f646)",0,0,0,0,0,0,0,0,0,0,0,0,0,0,0,0,0,0,0,0,0,0,0,0,0,0,0,
"(org.eclipse.collections.impl.jmh.GroupBySetTest.groupBy_100_keys_parallel_lazy_ec,1adf6f485475969aeceb8cc4815f404f7831f646)",0,0,0,0,0,0,0,0,0,0,0,0,0,0,0,0,0,0,0,0,0,0,0,0,0,0,0,
"(org.eclipse.collections.impl.jmh.SumOfDoubleTest.serial_lazy_collectDoubleSum_streams_ec,1adf6f485475969aeceb8cc4815f404f7831f646)",0,0,0,0,0,0,0,0,0,0,0,0,0,0,0,0,0,0,0,0,0,0,0,0,0,0,0,
"(org.eclipse.collections.impl.jmh.AnagramBagTest.parallel_eager_ec,1adf6f485475969aeceb8cc4815f404f7831f646)",0,0,0,0,0,0,0,0,0,0,0,0,0,0,0,0,0,0,0,0,0,0,0,0,0,0,0,
"(org.eclipse.collections.impl.jmh.GroupBySetTest.groupBy_10000_keys_serial_eager_scala,1adf6f485475969aeceb8cc4815f404f7831f646)",0,0,0,0,0,0,0,0,0,0,0,0,0,0,0,0,0,0,0,0,0,0,0,0,0,0,0,
"(org.eclipse.collections.impl.jmh.IntListJMHTest.sumJDKIntStream,1adf6f485475969aeceb8cc4815f404f7831f646)",0,0,0,0,0,0,0,0,0,0,0,0,0,0,0,0,0,0,0,0,0,0,0,0,0,0,0,
"(org.eclipse.collections.impl.jmh.MinByIntTest.minByQuantity_serial_lazy_collect_methodref_jdk,1adf6f485475969aeceb8cc4815f404f7831f646)",0,0,0,0,0,0,0,0,0,0,0,0,0,0,0,0,0,0,0,0,0,0,0,0,0,0,0,
"(org.eclipse.collections.impl.jmh.BagAddAllTest.ec,1adf6f485475969aeceb8cc4815f404f7831f646)",0,0,0,0,0,0,0,0,0,0,0,0,0,0,0,0,0,0,0,0,0,0,0,0,0,0,0,
"(org.eclipse.collections.impl.jmh.SummarizeIntTest.parallel_lazy_mapToIntSum_streams_ec,1adf6f485475969aeceb8cc4815f404f7831f646)",0,0,0,0,0,0,0,0,0,0,0,0,0,0,0,0,0,0,0,0,0,0,0,0,0,0,0,
"(org.eclipse.collections.impl.jmh.list.ListIterationTest.serial_immutable_ec,1adf6f485475969aeceb8cc4815f404f7831f646)",0,0,0,0,0,0,0,0,0,0,0,0,0,0,0,0,0,0,0,0,0,0,0,0,0,0,0,
"(org.eclipse.collections.impl.jmh.RejectTest.serial_lazy_streams_ec_lambda_not,1adf6f485475969aeceb8cc4815f404f7831f646)",0,0,0,0,0,0,0,0,0,0,0,0,0,0,0,0,0,0,0,0,0,0,0,0,0,0,0,
"(org.eclipse.collections.impl.jmh.AnySatisfyTest.process_all_parallel_lazy_ec,1adf6f485475969aeceb8cc4815f404f7831f646)",0,0,0,0,0,0,0,0,0,0,0,0,0,0,0,0,0,0,0,0,0,0,0,0,0,0,0,
"(org.eclipse.collections.impl.jmh.MaxTest.serial_eager_ec,1adf6f485475969aeceb8cc4815f404f7831f646)",0,0,0,0,0,0,0,0,0,0,0,0,0,0,0,0,0,0,0,0,0,0,0,0,0,0,0,
"(org.eclipse.collections.impl.jmh.GroupBySetTest.groupBy_10000_keys_parallel_lazy_streams_ec,1adf6f485475969aeceb8cc4815f404f7831f646)",0,0,0,0,0,0,0,0,0,0,0,0,0,0,0,0,0,0,0,0,0,0,0,0,0,0,0,
"(org.eclipse.collections.impl.jmh.MinByDoubleTest.minByMarketValue_serial_lazy_direct_methodref_jdk,1adf6f485475969aeceb8cc4815f404f7831f646)",0,0,0,0,0,0,0,0,0,0,0,0,0,0,0,0,0,0,0,0,0,0,0,0,0,0,0,
"(org.eclipse.collections.impl.jmh.MinByDoubleTest.minByMarketValue_serial_eager_ec,1adf6f485475969aeceb8cc4815f404f7831f646)",0,0,0,0,0,0,0,0,0,0,0,0,0,0,0,0,0,0,0,0,0,0,0,0,0,0,0,
"(org.eclipse.collections.impl.jmh.NoneSatisfyTest.process_all_parallel_lazy_jdk,1adf6f485475969aeceb8cc4815f404f7831f646)",0,0,0,0,0,0,0,0,0,0,0,0,0,0,0,0,0,0,0,0,0,0,0,0,0,0,0,
"(org.eclipse.collections.impl.jmh.NoneSatisfyTest.process_none_serial_lazy_streams_ec,1adf6f485475969aeceb8cc4815f404f7831f646)",0,0,0,0,0,0,0,0,0,0,0,0,0,0,0,0,0,0,0,0,0,0,0,0,0,0,0,
"(org.eclipse.collections.impl.jmh.MinByIntTest.minByQuantity_serial_lazy_direct_methodref_jdk,1adf6f485475969aeceb8cc4815f404f7831f646)",0,0,0,0,0,0,0,0,0,0,0,0,0,0,0,0,0,0,0,0,0,0,0,0,0,0,0,
"(org.eclipse.collections.impl.jmh.AnySatisfyTest.process_all_serial_lazy_scala,1adf6f485475969aeceb8cc4815f404f7831f646)",0,0,0,0,0,0,0,0,0,0,0,0,0,0,0,0,0,0,0,0,0,0,0,0,0,0,0,
"(org.eclipse.collections.impl.jmh.LongLongMapSmallStressTest.kolobokeRemove,1adf6f485475969aeceb8cc4815f404f7831f646)",0,0,0,0,0,0,0,0,0,0,0,0,0,0,0,0,0,0,0,0,0,0,0,0,0,0,0,
"(org.eclipse.collections.impl.jmh.RejectTest.serial_lazy_ec,1adf6f485475969aeceb8cc4815f404f7831f646)",0,0,0,0,0,0,0,0,0,0,0,0,0,0,0,0,0,0,0,0,0,0,0,0,0,0,0,
"(org.eclipse.collections.impl.jmh.MinByDoubleTest.minByMarketValue_parallel_lazy_direct_lambda_jdk,1adf6f485475969aeceb8cc4815f404f7831f646)",0,0,0,0,0,0,0,0,0,0,0,0,0,0,0,0,0,0,0,0,0,0,0,0,0,0,0,
"(org.eclipse.collections.impl.jmh.GroupBySetTest.groupBy_100_keys_serial_eager_scala,1adf6f485475969aeceb8cc4815f404f7831f646)",0,0,0,0,0,0,0,0,0,0,0,0,0,0,0,0,0,0,0,0,0,0,0,0,0,0,0,
"(org.eclipse.collections.impl.jmh.AnagramListTest.serial_lazy_jdk,1adf6f485475969aeceb8cc4815f404f7831f646)",0,0,0,0,0,0,0,0,0,0,0,0,0,0,0,0,0,0,0,0,0,0,0,0,0,0,0,
"(org.eclipse.collections.impl.jmh.FlatCollectTest.serial_lazy_streams_ec,1adf6f485475969aeceb8cc4815f404f7831f646)",0,0,0,0,0,0,0,0,0,0,0,0,0,0,0,0,0,0,0,0,0,0,0,0,0,0,0,
"(org.eclipse.collections.impl.jmh.SetAddAllTest.jdk,1adf6f485475969aeceb8cc4815f404f7831f646)",0,0,0,0,0,0,0,0,0,0,0,0,0,0,0,0,0,0,0,0,0,0,0,0,0,0,0,
"(org.eclipse.collections.impl.jmh.AnySatisfyTest.process_all_serial_eager_ec,1adf6f485475969aeceb8cc4815f404f7831f646)",0,0,0,0,0,0,0,0,0,0,0,0,0,0,0,0,0,0,0,0,0,0,0,0,0,0,0,
"(org.eclipse.collections.impl.jmh.IntIntMapSmallStressTest.kolobokePut,1adf6f485475969aeceb8cc4815f404f7831f646)",0,0,0,0,0,0,0,0,0,0,0,0,0,0,0,0,0,0,0,0,0,0,0,0,0,0,0,
"(org.eclipse.collections.impl.jmh.SummarizeIntTest.parallel_lazy_mapToIntSum_jdk,1adf6f485475969aeceb8cc4815f404f7831f646)",0,0,0,0,0,0,0,0,0,0,0,0,0,0,0,0,0,0,0,0,0,0,0,0,0,0,0,
"(org.eclipse.collections.impl.jmh.IntListJMHTest.filterMapSumJDKIntStream,1adf6f485475969aeceb8cc4815f404f7831f646)",0,0,0,0,0,0,0,0,0,0,0,0,0,0,0,0,0,0,0,0,0,0,0,0,0,0,0,
"(org.eclipse.collections.impl.jmh.IntListJMHTest.mapECPrimitiveEager,1adf6f485475969aeceb8cc4815f404f7831f646)",0,0,0,0,0,0,0,0,0,0,0,0,0,0,0,0,0,0,0,0,0,0,0,0,0,0,0,
"(org.eclipse.collections.impl.jmh.SummarizeIntTest.serial_eager_summarizeInt_ec,1adf6f485475969aeceb8cc4815f404f7831f646)",0,0,0,0,0,0,0,0,0,0,0,0,0,0,0,0,0,0,0,0,0,0,0,0,0,0,0,
"(org.eclipse.collections.impl.jmh.GroupBySetTest.groupBy_2_keys_parallel_lazy_jdk,1adf6f485475969aeceb8cc4815f404f7831f646)",0,0,0,0,0,0,0,0,0,0,0,0,0,0,0,0,0,0,0,0,0,0,0,0,0,0,0,
"(org.eclipse.collections.impl.jmh.SumOfIntTest.serial_lazy_mapToLongSum_streams_ec,1adf6f485475969aeceb8cc4815f404f7831f646)",0,0,0,0,0,0,0,0,0,0,0,0,0,0,0,0,0,0,0,0,0,0,0,0,0,0,0,
"(org.eclipse.collections.impl.jmh.MinByDoubleTest.minByMarketValue_parallel_lazy_direct_methodref_jdk,1adf6f485475969aeceb8cc4815f404f7831f646)",0,0,0,0,0,0,0,0,0,0,0,0,0,0,0,0,0,0,0,0,0,0,0,0,0,0,0,
"(org.eclipse.collections.impl.jmh.AllSatisfyTest.process_all_serial_lazy_jdk,1adf6f485475969aeceb8cc4815f404f7831f646)",0,0,0,0,0,0,0,0,0,0,0,0,0,0,0,0,0,0,0,0,0,0,0,0,0,0,0,
"(org.eclipse.collections.impl.jmh.CountTest.parallel_lazy_scala,1adf6f485475969aeceb8cc4815f404f7831f646)",0,0,0,0,0,0,0,0,0,0,0,0,0,0,0,0,0,0,0,0,0,0,0,0,0,0,0,
"(org.eclipse.collections.impl.jmh.MinByDoubleTest.minByMarketValue_serial_lazy_ec,1adf6f485475969aeceb8cc4815f404f7831f646)",0,0,0,0,0,0,0,0,0,0,0,0,0,0,0,0,0,0,0,0,0,0,0,0,0,0,0,
"(org.eclipse.collections.impl.jmh.MinByIntTest.minByQuantity_parallel_lazy_ec,1adf6f485475969aeceb8cc4815f404f7831f646)",0,0,0,0,0,0,0,0,0,0,0,0,0,0,0,0,0,0,0,0,0,0,0,0,0,0,0,
"(org.eclipse.collections.impl.jmh.ListEqualTest.jdk,1adf6f485475969aeceb8cc4815f404f7831f646)",0,0,0,0,0,0,0,0,0,0,0,0,0,0,0,0,0,0,0,0,0,0,0,0,0,0,0,
"(org.eclipse.collections.impl.jmh.AnagramSetTest.serial_lazy_scala,1adf6f485475969aeceb8cc4815f404f7831f646)",0,0,0,0,0,0,0,0,0,0,0,0,0,0,0,0,0,0,0,0,0,0,0,0,0,0,0,
"(org.eclipse.collections.impl.jmh.AllSatisfyTest.process_all_parallel_lazy_ec,1adf6f485475969aeceb8cc4815f404f7831f646)",0,0,0,0,0,0,0,0,0,0,0,0,0,0,0,0,0,0,0,0,0,0,0,0,0,0,0,
"(org.eclipse.collections.impl.jmh.FunctionalInterfaceTest.parallel_lazy_jdk,1adf6f485475969aeceb8cc4815f404f7831f646)",0,0,0,0,0,0,0,0,0,0,0,0,0,0,0,0,0,0,0,0,0,0,0,0,0,0,0,
"(org.eclipse.collections.impl.jmh.SelectTest.parallel_lazy_streams_ec,1adf6f485475969aeceb8cc4815f404f7831f646)",0,0,0,0,0,0,0,0,0,0,0,0,0,0,0,0,0,0,0,0,0,0,0,0,0,0,0,
"(org.eclipse.collections.impl.jmh.IntListJMHTest.filterMapSumECPrimitiveLazy,1adf6f485475969aeceb8cc4815f404f7831f646)",0,0,0,0,0,0,0,0,0,0,0,0,0,0,0,0,0,0,0,0,0,0,0,0,0,0,0,
"(org.eclipse.collections.impl.jmh.IntListJMHTest.filterMapSumJDKBoxedStream,1adf6f485475969aeceb8cc4815f404f7831f646)",0,0,0,0,0,0,0,0,0,0,0,0,0,0,0,0,0,0,0,0,0,0,0,0,0,0,0,
"(org.eclipse.collections.impl.jmh.MinTest.serial_lazy_intstream_streams_ec,1adf6f485475969aeceb8cc4815f404f7831f646)",0,0,0,0,0,0,0,0,0,0,0,0,0,0,0,0,0,0,0,0,0,0,0,0,0,0,0,
"(org.eclipse.collections.impl.jmh.MinTest.serial_lazy_streams_ec,1adf6f485475969aeceb8cc4815f404f7831f646)",0,0,0,0,0,0,0,0,0,0,0,0,0,0,0,0,0,0,0,0,0,0,0,0,0,0,0,
"(org.eclipse.collections.impl.jmh.AllSatisfyTest.process_all_serial_lazy_streams_ec,1adf6f485475969aeceb8cc4815f404f7831f646)",0,0,0,0,0,0,0,0,0,0,0,0,0,0,0,0,0,0,0,0,0,0,0,0,0,0,0,
"(org.eclipse.collections.impl.jmh.map.HppcMutableMapGetTest.get,1adf6f485475969aeceb8cc4815f404f7831f646)",0,0,0,0,0,0,0,0,0,0,0,0,0,0,0,0,0,0,0,0,0,0,0,0,0,0,0,
"(org.eclipse.collections.impl.jmh.LongLongMapLargeStressTest.ecRemove,1adf6f485475969aeceb8cc4815f404f7831f646)",0,0,0,0,0,0,0,0,0,0,0,0,0,0,0,0,0,0,0,0,0,0,0,0,0,0,0,
"(org.eclipse.collections.impl.jmh.CountTest.parallel_lazy_ec,1adf6f485475969aeceb8cc4815f404f7831f646)",0,0,0,0,0,0,0,0,0,0,0,0,0,0,0,0,0,0,0,0,0,0,0,0,0,0,0,
"(org.eclipse.collections.impl.jmh.SumOfDoubleTest.parallel_lazy_collectDoubleSum_streams_ec,1adf6f485475969aeceb8cc4815f404f7831f646)",0,0,0,0,0,0,0,0,0,0,0,0,0,0,0,0,0,0,0,0,0,0,0,0,0,0,0,
"(org.eclipse.collections.impl.jmh.set.sorted.SortedSetIterationTest.serial_immutable_scala,1adf6f485475969aeceb8cc4815f404f7831f646)",0,0,0,0,0,0,0,0,0,0,0,0,0,0,0,0,0,0,0,0,0,0,0,0,0,0,0,
"(org.eclipse.collections.impl.jmh.IntListJMHTest.filterMapSumJDKIntStreamParallel,1adf6f485475969aeceb8cc4815f404f7831f646)",0,0,0,0,0,0,0,0,0,0,0,0,0,0,0,0,0,0,0,0,0,0,0,0,0,0,0,
"(org.eclipse.collections.impl.jmh.IntIntMapLargeStressTest.ecRemove,1adf6f485475969aeceb8cc4815f404f7831f646)",0,0,0,0,0,0,0,0,0,0,0,0,0,0,0,0,0,0,0,0,0,0,0,0,0,0,0,
"(org.eclipse.collections.impl.jmh.CollectIfTest.parallel_lazy_jdk,1adf6f485475969aeceb8cc4815f404f7831f646)",0,0,0,0,0,0,0,0,0,0,0,0,0,0,0,0,0,0,0,0,0,0,0,0,0,0,0,
"(org.eclipse.collections.impl.jmh.SumByDoubleTest.sumByCategory_parallel_eager_ec,1adf6f485475969aeceb8cc4815f404f7831f646)",0,0,0,0,0,0,0,0,0,0,0,0,0,0,0,0,0,0,0,0,0,0,0,0,0,0,0,
"(org.eclipse.collections.impl.jmh.IntListJMHTest.filterECBoxedEager,1adf6f485475969aeceb8cc4815f404f7831f646)",0,0,0,0,0,0,0,0,0,0,0,0,0,0,0,0,0,0,0,0,0,0,0,0,0,0,0,
"(org.eclipse.collections.impl.jmh.SumOfIntTest.serial_lazy_mapToIntSum_streams_ec,1adf6f485475969aeceb8cc4815f404f7831f646)",0,0,0,0,0,0,0,0,0,0,0,0,0,0,0,0,0,0,0,0,0,0,0,0,0,0,0,
"(org.eclipse.collections.impl.jmh.SumOfIntTest.serial_lazy_mapToLongSum_jdk,1adf6f485475969aeceb8cc4815f404f7831f646)",0,0,0,0,0,0,0,0,0,0,0,0,0,0,0,0,0,0,0,0,0,0,0,0,0,0,0,
"(org.eclipse.collections.impl.jmh.GroupByListTest.groupBy_2_keys_serial_eager_scala,1adf6f485475969aeceb8cc4815f404f7831f646)",0,0,0,0,0,0,0,0,0,0,0,0,0,0,0,0,0,0,0,0,0,0,0,0,0,0,0,
"(org.eclipse.collections.impl.jmh.MaxByDoubleTest.maxByMarketValue_parallel_lazy_collect_methodref_jdk,1adf6f485475969aeceb8cc4815f404f7831f646)",0,0,0,0,0,0,0,0,0,0,0,0,0,0,0,0,0,0,0,0,0,0,0,0,0,0,0,
"(org.eclipse.collections.impl.jmh.NoneSatisfyTest.short_circuit_middle_serial_lazy_streams_ec,1adf6f485475969aeceb8cc4815f404f7831f646)",0,0,0,0,0,0,0,0,0,0,0,0,0,0,0,0,0,0,0,0,0,0,0,0,0,0,0,
"(org.eclipse.collections.impl.jmh.IntListJMHTest.filterECBoxedLazy,1adf6f485475969aeceb8cc4815f404f7831f646)",0,0,0,0,0,0,0,0,0,0,0,0,0,0,0,0,0,0,0,0,0,0,0,0,0,0,0,
"(org.eclipse.collections.impl.jmh.MinTest.parallel_lazy_ec,1adf6f485475969aeceb8cc4815f404f7831f646)",0,0,0,0,0,0,0,0,0,0,0,0,0,0,0,0,0,0,0,0,0,0,0,0,0,0,0,
"(org.eclipse.collections.impl.jmh.GroupBySetTest.groupBy_2_keys_serial_lazy_jdk,1adf6f485475969aeceb8cc4815f404f7831f646)",0,0,0,0,0,0,0,0,0,0,0,0,0,0,0,0,0,0,0,0,0,0,0,0,0,0,0,
"(org.eclipse.collections.impl.jmh.map.ChainMapPutTest.jdk,1adf6f485475969aeceb8cc4815f404f7831f646)",0,0,0,0,0,0,0,0,0,0,0,0,0,0,0,0,0,0,0,0,0,0,0,0,0,0,0,
"(org.eclipse.collections.impl.jmh.SummarizeIntTest.serial_lazy_collectIntSummaryStatistics_ec,1adf6f485475969aeceb8cc4815f404f7831f646)",0,0,0,0,0,0,0,0,0,0,0,0,0,0,0,0,0,0,0,0,0,0,0,0,0,0,0,
"(org.eclipse.collections.impl.jmh.LongIntMapTest.get,1adf6f485475969aeceb8cc4815f404f7831f646)",0,0,0,0,0,0,0,0,0,0,0,0,0,0,0,0,0,0,0,0,0,0,0,0,0,0,0,
"(org.eclipse.collections.impl.jmh.map.EcMutableMapGetTest.get,1adf6f485475969aeceb8cc4815f404f7831f646)",0,0,0,0,0,0,0,0,0,0,0,0,0,0,0,0,0,0,0,0,0,0,0,0,0,0,0,
"(org.eclipse.collections.impl.jmh.AnySatisfyTest.process_all_parallel_lazy_streams_ec,1adf6f485475969aeceb8cc4815f404f7831f646)",0,0,0,0,0,0,0,0,0,0,0,0,0,0,0,0,0,0,0,0,0,0,0,0,0,0,0,
"(org.eclipse.collections.impl.jmh.AggregateByTest.aggregateInPlaceByProduct_parallel_eager_ec,1adf6f485475969aeceb8cc4815f404f7831f646)",0,0,0,0,0,0,0,0,0,0,0,0,0,0,0,0,0,0,0,0,0,0,0,0,0,0,0,
"(org.eclipse.collections.impl.jmh.AnySatisfyTest.short_circuit_middle_parallel_lazy_ec,1adf6f485475969aeceb8cc4815f404f7831f646)",0,0,0,0,0,0,0,0,0,0,0,0,0,0,0,0,0,0,0,0,0,0,0,0,0,0,0,
"(org.eclipse.collections.impl.jmh.CollectTest.parallel_lazy_ec,1adf6f485475969aeceb8cc4815f404f7831f646)",0,0,0,0,0,0,0,0,0,0,0,0,0,0,0,0,0,0,0,0,0,0,0,0,0,0,0,
"(org.eclipse.collections.impl.jmh.LongIntMapTest.copyTest,1adf6f485475969aeceb8cc4815f404f7831f646)",0,0,0,0,0,0,0,0,0,0,0,0,0,0,0,0,0,0,0,0,0,0,0,0,0,0,0,
"(org.eclipse.collections.impl.jmh.MaxByIntTest.maxByQuantity_parallel_lazy_collect_lambda_jdk,1adf6f485475969aeceb8cc4815f404f7831f646)",0,0,0,0,0,0,0,0,0,0,0,0,0,0,0,0,0,0,0,0,0,0,0,0,0,0,0,
"(org.eclipse.collections.impl.jmh.AggregateByTest.aggregateInPlaceByAccount_parallel_eager_ec,1adf6f485475969aeceb8cc4815f404f7831f646)",0,0,0,0,0,0,0,0,0,0,0,0,0,0,0,0,0,0,0,0,0,0,0,0,0,0,0,
"(org.eclipse.collections.impl.jmh.AggregateByTest.aggregateByCategory_parallel_lazy_jdk,1adf6f485475969aeceb8cc4815f404f7831f646)",0,0,0,0,0,0,0,0,0,0,0,0,0,0,0,0,0,0,0,0,0,0,0,0,0,0,0,
"(org.eclipse.collections.impl.jmh.IntListJMHTest.mapECParallelEager,1adf6f485475969aeceb8cc4815f404f7831f646)",0,0,0,0,0,0,0,0,0,0,0,0,0,0,0,0,0,0,0,0,0,0,0,0,0,0,0,
"(org.eclipse.collections.impl.jmh.AnySatisfyTest.short_circuit_middle_serial_lazy_ec,1adf6f485475969aeceb8cc4815f404f7831f646)",0,0,0,0,0,0,0,0,0,0,0,0,0,0,0,0,0,0,0,0,0,0,0,0,0,0,0,
"(org.eclipse.collections.impl.jmh.CountSetTest.parallel_lazy_scala,1adf6f485475969aeceb8cc4815f404f7831f646)",0,0,0,0,0,0,0,0,0,0,0,0,0,0,0,0,0,0,0,0,0,0,0,0,0,0,0,
"(org.eclipse.collections.impl.jmh.IntListJMHTest.mapECBoxedLazy,1adf6f485475969aeceb8cc4815f404f7831f646)",0,0,0,0,0,0,0,0,0,0,0,0,0,0,0,0,0,0,0,0,0,0,0,0,0,0,0,
"(org.eclipse.collections.impl.jmh.SummarizeIntTest.serial_lazy_mapToIntSum_streams_ec,1adf6f485475969aeceb8cc4815f404f7831f646)",0,0,0,0,0,0,0,0,0,0,0,0,0,0,0,0,0,0,0,0,0,0,0,0,0,0,0,
"(org.eclipse.collections.impl.jmh.AllSatisfyTest.process_all_serial_eager_ec,1adf6f485475969aeceb8cc4815f404f7831f646)",0,0,0,0,0,0,0,0,0,0,0,0,0,0,0,0,0,0,0,0,0,0,0,0,0,0,0,
"(org.eclipse.collections.impl.jmh.AnagramSetTest.serial_eager_ec,1adf6f485475969aeceb8cc4815f404f7831f646)",0,0,0,0,0,0,0,0,0,0,0,0,0,0,0,0,0,0,0,0,0,0,0,0,0,0,0,
"(org.eclipse.collections.impl.jmh.SumOfIntTest.serial_eager_collectIntSum_ec,1adf6f485475969aeceb8cc4815f404f7831f646)",0,0,0,0,0,0,0,0,0,0,0,0,0,0,0,0,0,0,0,0,0,0,0,0,0,0,0,
"(org.eclipse.collections.impl.jmh.CollectTest.serial_eager_scala,1adf6f485475969aeceb8cc4815f404f7831f646)",0,0,0,0,0,0,0,0,0,0,0,0,0,0,0,0,0,0,0,0,0,0,0,0,0,0,0,
"(org.eclipse.collections.impl.jmh.IntListJMHTest.mapECBoxedEager,1adf6f485475969aeceb8cc4815f404f7831f646)",0,0,0,0,0,0,0,0,0,0,0,0,0,0,0,0,0,0,0,0,0,0,0,0,0,0,0,
"(org.eclipse.collections.impl.jmh.PartitionTest.serial_lazy_jdk,1adf6f485475969aeceb8cc4815f404f7831f646)",0,0,0,0,0,0,0,0,0,0,0,0,0,0,0,0,0,0,0,0,0,0,0,0,0,0,0,
"(org.eclipse.collections.impl.jmh.IntIntMapSmallStressTest.jdkPut,1adf6f485475969aeceb8cc4815f404f7831f646)",0,0,0,0,0,0,0,0,0,0,0,0,0,0,0,0,0,0,0,0,0,0,0,0,0,0,0,
"(org.eclipse.collections.impl.jmh.MaxByDoubleTest.maxByMarketValue_parallel_lazy_ec,1adf6f485475969aeceb8cc4815f404f7831f646)",0,0,0,0,0,0,0,0,0,0,0,0,0,0,0,0,0,0,0,0,0,0,0,0,0,0,0,
"(org.eclipse.collections.impl.jmh.IntIntMapLargeStressTest.ecGet,1adf6f485475969aeceb8cc4815f404f7831f646)",0,0,0,0,0,0,0,0,0,0,0,0,0,0,0,0,0,0,0,0,0,0,0,0,0,0,0,
"(org.eclipse.collections.impl.jmh.SummarizeIntTest.serial_eager_summaryStatistics_intList,1adf6f485475969aeceb8cc4815f404f7831f646)",0,0,0,0,0,0,0,0,0,0,0,0,0,0,0,0,0,0,0,0,0,0,0,0,0,0,0,
"(org.eclipse.collections.impl.jmh.IntListJMHTest.mapJDKBoxedStream,1adf6f485475969aeceb8cc4815f404f7831f646)",0,0,0,0,0,0,0,0,0,0,0,0,0,0,0,0,0,0,0,0,0,0,0,0,0,0,0,
"(org.eclipse.collections.impl.jmh.MinByDoubleTest.minByMarketValue_serial_lazy_collect_methodref_jdk,1adf6f485475969aeceb8cc4815f404f7831f646)",0,0,0,0,0,0,0,0,0,0,0,0,0,0,0,0,0,0,0,0,0,0,0,0,0,0,0,
"(org.eclipse.collections.impl.jmh.MaxByDoubleTest.maxByMarketValue_parallel_lazy_direct_lambda_jdk,1adf6f485475969aeceb8cc4815f404f7831f646)",0,0,0,0,0,0,0,0,0,0,0,0,0,0,0,0,0,0,0,0,0,0,0,0,0,0,0,
"(org.eclipse.collections.impl.jmh.AggregateByTest.aggregateByCategory_serial_lazy_ec,1adf6f485475969aeceb8cc4815f404f7831f646)",0,0,0,0,0,0,0,0,0,0,0,0,0,0,0,0,0,0,0,0,0,0,0,0,0,0,0,
"(org.eclipse.collections.impl.jmh.IntIntMapSmallStressTest.jdkRemove,1adf6f485475969aeceb8cc4815f404f7831f646)",0,0,0,0,0,0,0,0,0,0,0,0,0,0,0,0,0,0,0,0,0,0,0,0,0,0,0,
"(org.eclipse.collections.impl.jmh.GroupByListTest.groupBy_10000_keys_serial_lazy_streams_ec,1adf6f485475969aeceb8cc4815f404f7831f646)",0,0,0,0,0,0,0,0,0,0,0,0,0,0,0,0,0,0,0,0,0,0,0,0,0,0,0,
"(org.eclipse.collections.impl.jmh.MinTest.parallel_lazy_reverse_ec,1adf6f485475969aeceb8cc4815f404f7831f646)",0,0,0,0,0,0,0,0,0,0,0,0,0,0,0,0,0,0,0,0,0,0,0,0,0,0,0,
"(org.eclipse.collections.impl.jmh.AnagramBagTest.parallel_lazy_jdk,1adf6f485475969aeceb8cc4815f404f7831f646)",0,0,0,0,0,0,0,0,0,0,0,0,0,0,0,0,0,0,0,0,0,0,0,0,0,0,0,
"(org.eclipse.collections.impl.jmh.RejectTest.serial_lazy_jdk_lambda_not,1adf6f485475969aeceb8cc4815f404f7831f646)",0,0,0,0,0,0,0,0,0,0,0,0,0,0,0,0,0,0,0,0,0,0,0,0,0,0,0,
"(org.eclipse.collections.impl.jmh.SumByDoubleTest.sumByAccount_parallel_lazy_jdk,1adf6f485475969aeceb8cc4815f404f7831f646)",0,0,0,0,0,0,0,0,0,0,0,0,0,0,0,0,0,0,0,0,0,0,0,0,0,0,0,
"(org.eclipse.collections.impl.jmh.CollectorJoiningTest.serial_eager_primitiveMakeString_ec,1adf6f485475969aeceb8cc4815f404f7831f646)",0,0,0,0,0,0,0,0,0,0,0,0,0,0,0,0,0,0,0,0,0,0,0,0,0,0,0,
"(org.eclipse.collections.impl.jmh.set.sorted.SortedSetContainsTest.contains_immutable_ec,1adf6f485475969aeceb8cc4815f404f7831f646)",0,0,0,0,0,0,0,0,0,0,0,0,0,0,0,0,0,0,0,0,0,0,0,0,0,0,0,
"(org.eclipse.collections.impl.jmh.IntListJMHTest.filterMapSumECPrimitiveEager,1adf6f485475969aeceb8cc4815f404f7831f646)",0,0,0,0,0,0,0,0,0,0,0,0,0,0,0,0,0,0,0,0,0,0,0,0,0,0,0,
"(org.eclipse.collections.impl.jmh.NoneSatisfyTest.short_circuit_middle_parallel_lazy_ec,1adf6f485475969aeceb8cc4815f404f7831f646)",0,0,0,0,0,0,0,0,0,0,0,0,0,0,0,0,0,0,0,0,0,0,0,0,0,0,0,
"(org.eclipse.collections.impl.jmh.NoneSatisfyTest.short_circuit_middle_serial_eager_ec,1adf6f485475969aeceb8cc4815f404f7831f646)",0,0,0,0,0,0,0,0,0,0,0,0,0,0,0,0,0,0,0,0,0,0,0,0,0,0,0,
"(org.eclipse.collections.impl.jmh.MaxTest.serial_lazy_ec,1adf6f485475969aeceb8cc4815f404f7831f646)",0,0,0,0,0,0,0,0,0,0,0,0,0,0,0,0,0,0,0,0,0,0,0,0,0,0,0,
"(org.eclipse.collections.impl.jmh.SumOfIntTest.parallel_lazy_mapToIntSum_streams_ec,1adf6f485475969aeceb8cc4815f404f7831f646)",0,0,0,0,0,0,0,0,0,0,0,0,0,0,0,0,0,0,0,0,0,0,0,0,0,0,0,
"(org.eclipse.collections.impl.jmh.MinByIntTest.minByQuantity_serial_lazy_collect_lambda_jdk,1adf6f485475969aeceb8cc4815f404f7831f646)",0,0,0,0,0,0,0,0,0,0,0,0,0,0,0,0,0,0,0,0,0,0,0,0,0,0,0,
"(org.eclipse.collections.impl.jmh.GroupBySetTest.groupBy_10000_keys_parallel_lazy_jdk,1adf6f485475969aeceb8cc4815f404f7831f646)",0,0,0,0,0,0,0,0,0,0,0,0,0,0,0,0,0,0,0,0,0,0,0,0,0,0,0,
"(org.eclipse.collections.impl.jmh.CollectTest.serial_eager_ec,1adf6f485475969aeceb8cc4815f404f7831f646)",0,0,0,0,0,0,0,0,0,0,0,0,0,0,0,0,0,0,0,0,0,0,0,0,0,0,0,
"(org.eclipse.collections.impl.jmh.CountSetTest.parallel_lazy_jdk,1adf6f485475969aeceb8cc4815f404f7831f646)",0,0,0,0,0,0,0,0,0,0,0,0,0,0,0,0,0,0,0,0,0,0,0,0,0,0,0,
"(org.eclipse.collections.impl.jmh.IntListJMHTest.filterJDKIntStreamParallelToEC,1adf6f485475969aeceb8cc4815f404f7831f646)",0,0,0,0,0,0,0,0,0,0,0,0,0,0,0,0,0,0,0,0,0,0,0,0,0,0,0,
"(org.eclipse.collections.impl.jmh.list.ListIterationTest.parallel_immutable_ec,1adf6f485475969aeceb8cc4815f404f7831f646)",0,0,0,0,0,0,0,0,0,0,0,0,0,0,0,0,0,0,0,0,0,0,0,0,0,0,0,
"(org.eclipse.collections.impl.jmh.LongIntMapTest.put,1adf6f485475969aeceb8cc4815f404f7831f646)",0,0,0,0,0,0,0,0,0,0,0,0,0,0,0,0,0,0,0,0,0,0,0,0,0,0,0,
"(org.eclipse.collections.impl.jmh.AnySatisfyTest.process_all_serial_lazy_jdk,1adf6f485475969aeceb8cc4815f404f7831f646)",0,0,0,0,0,0,0,0,0,0,0,0,0,0,0,0,0,0,0,0,0,0,0,0,0,0,0,
"(org.eclipse.collections.impl.jmh.FunctionalInterfaceSetTest.parallel_lazy_ec,1adf6f485475969aeceb8cc4815f404f7831f646)",0,0,0,0,0,0,0,0,0,0,0,0,0,0,0,0,0,0,0,0,0,0,0,0,0,0,0,
"(org.eclipse.collections.impl.jmh.IntListJMHTest.mapECPrimitiveLazy,1adf6f485475969aeceb8cc4815f404f7831f646)",0,0,0,0,0,0,0,0,0,0,0,0,0,0,0,0,0,0,0,0,0,0,0,0,0,0,0,
"(org.eclipse.collections.impl.jmh.AllSatisfyTest.short_circuit_middle_parallel_lazy_ec,1adf6f485475969aeceb8cc4815f404f7831f646)",0,0,0,0,0,0,0,0,0,0,0,0,0,0,0,0,0,0,0,0,0,0,0,0,0,0,0,
"(org.eclipse.collections.impl.jmh.list.ListIterationTest.serial_mutable_scala,1adf6f485475969aeceb8cc4815f404f7831f646)",0,0,0,0,0,0,0,0,0,0,0,0,0,0,0,0,0,0,0,0,0,0,0,0,0,0,0,
"(org.eclipse.collections.impl.jmh.PartitionTest.serial_eager_ec,1adf6f485475969aeceb8cc4815f404f7831f646)",0,0,0,0,0,0,0,0,0,0,0,0,0,0,0,0,0,0,0,0,0,0,0,0,0,0,0,
"(org.eclipse.collections.impl.jmh.IntListJMHTest.filterECParallelLazy,1adf6f485475969aeceb8cc4815f404f7831f646)",0,0,0,0,0,0,0,0,0,0,0,0,0,0,0,0,0,0,0,0,0,0,0,0,0,0,0,
"(org.eclipse.collections.impl.jmh.AggregateByTest.aggregateByCategory_serial_lazy_jdk,1adf6f485475969aeceb8cc4815f404f7831f646)",0,0,0,0,0,0,0,0,0,0,0,0,0,0,0,0,0,0,0,0,0,0,0,0,0,0,0,
"(org.eclipse.collections.impl.jmh.AnagramListTest.serial_lazy_streams_ec,1adf6f485475969aeceb8cc4815f404f7831f646)",0,0,0,0,0,0,0,0,0,0,0,0,0,0,0,0,0,0,0,0,0,0,0,0,0,0,0,
"(org.eclipse.collections.impl.jmh.GroupBySetTest.groupBy_2_keys_serial_eager_scala,1adf6f485475969aeceb8cc4815f404f7831f646)",0,0,0,0,0,0,0,0,0,0,0,0,0,0,0,0,0,0,0,0,0,0,0,0,0,0,0,
"(org.eclipse.collections.impl.jmh.map.TroveMapPutTest.trove,1adf6f485475969aeceb8cc4815f404f7831f646)",0,0,0,0,0,0,0,0,0,0,0,0,0,0,0,0,0,0,0,0,0,0,0,0,0,0,0,
"(org.eclipse.collections.impl.jmh.FlatCollectTest.serial_lazy_ec,1adf6f485475969aeceb8cc4815f404f7831f646)",0,0,0,0,0,0,0,0,0,0,0,0,0,0,0,0,0,0,0,0,0,0,0,0,0,0,0,
"(org.eclipse.collections.impl.jmh.GroupBySetTest.groupBy_10000_keys_serial_lazy_streams_ec,1adf6f485475969aeceb8cc4815f404f7831f646)",0,0,0,0,0,0,0,0,0,0,0,0,0,0,0,0,0,0,0,0,0,0,0,0,0,0,0,
"(org.eclipse.collections.impl.jmh.map.KolobokeMutableMapGetTest.get,1adf6f485475969aeceb8cc4815f404f7831f646)",0,0,0,0,0,0,0,0,0,0,0,0,0,0,0,0,0,0,0,0,0,0,0,0,0,0,0,
"(org.eclipse.collections.impl.jmh.GroupBySetTest.groupBy_10000_keys_parallel_lazy_scala,1adf6f485475969aeceb8cc4815f404f7831f646)",0,0,0,0,0,0,0,0,0,0,0,0,0,0,0,0,0,0,0,0,0,0,0,0,0,0,0,
"(org.eclipse.collections.impl.jmh.map.ChainMapPutTest.scala,1adf6f485475969aeceb8cc4815f404f7831f646)",0,0,0,0,0,0,0,0,0,0,0,0,0,0,0,0,0,0,0,0,0,0,0,0,0,0,0,
"(org.eclipse.collections.impl.jmh.FunctionalInterfaceTest.parallel_lazy_scala,1adf6f485475969aeceb8cc4815f404f7831f646)",0,0,0,0,0,0,0,0,0,0,0,0,0,0,0,0,0,0,0,0,0,0,0,0,0,0,0,
"(org.eclipse.collections.impl.jmh.FunctionalInterfaceTest.serial_eager_ec,1adf6f485475969aeceb8cc4815f404f7831f646)",0,0,0,0,0,0,0,0,0,0,0,0,0,0,0,0,0,0,0,0,0,0,0,0,0,0,0,
"(org.eclipse.collections.impl.jmh.SumByDoubleTest.sumByAccount_serial_eager_ec,1adf6f485475969aeceb8cc4815f404f7831f646)",0,0,0,0,0,0,0,0,0,0,0,0,0,0,0,0,0,0,0,0,0,0,0,0,0,0,0,
"(org.eclipse.collections.impl.jmh.SumByDoubleTest.sumByProduct_parallel_lazy_jdk,1adf6f485475969aeceb8cc4815f404f7831f646)",0,0,0,0,0,0,0,0,0,0,0,0,0,0,0,0,0,0,0,0,0,0,0,0,0,0,0,
"(org.eclipse.collections.impl.jmh.SumOfDoubleTest.parallel_lazy_collectDoubleSum_jdk,1adf6f485475969aeceb8cc4815f404f7831f646)",0,0,0,0,0,0,0,0,0,0,0,0,0,0,0,0,0,0,0,0,0,0,0,0,0,0,0,
"(org.eclipse.collections.impl.jmh.map.TroveMutableMapGetTest.get,1adf6f485475969aeceb8cc4815f404f7831f646)",0,0,0,0,0,0,0,0,0,0,0,0,0,0,0,0,0,0,0,0,0,0,0,0,0,0,0,
"(org.eclipse.collections.impl.jmh.MinTest.parallel_lazy_intstream_jdk,1adf6f485475969aeceb8cc4815f404f7831f646)",0,0,0,0,0,0,0,0,0,0,0,0,0,0,0,0,0,0,0,0,0,0,0,0,0,0,0,
"(org.eclipse.collections.impl.jmh.SumOfIntTest.serial_eager_sum_intList,1adf6f485475969aeceb8cc4815f404f7831f646)",0,0,0,0,0,0,0,0,0,0,0,0,0,0,0,0,0,0,0,0,0,0,0,0,0,0,0,
"(org.eclipse.collections.impl.jmh.IntListJMHTest.sumJDKIntStreamParallel,1adf6f485475969aeceb8cc4815f404f7831f646)",0,0,0,0,0,0,0,0,0,0,0,0,0,0,0,0,0,0,0,0,0,0,0,0,0,0,0,
"(org.eclipse.collections.impl.jmh.set.sorted.SortedSetIterationTest.parallel_mutable_ec,1adf6f485475969aeceb8cc4815f404f7831f646)",0,0,0,0,0,0,0,0,0,0,0,0,0,0,0,0,0,0,0,0,0,0,0,0,0,0,0,
"(org.eclipse.collections.impl.jmh.MaxByDoubleTest.maxByMarketValue_serial_lazy_collect_lambda_jdk,1adf6f485475969aeceb8cc4815f404f7831f646)",0,0,0,0,0,0,0,0,0,0,0,0,0,0,0,0,0,0,0,0,0,0,0,0,0,0,0,
"(org.eclipse.collections.impl.jmh.NoneSatisfyTest.process_none_serial_lazy_jdk,1adf6f485475969aeceb8cc4815f404f7831f646)",0,0,0,0,0,0,0,0,0,0,0,0,0,0,0,0,0,0,0,0,0,0,0,0,0,0,0,
"(org.eclipse.collections.impl.jmh.GroupByListTest.groupBy_100_keys_serial_lazy_scala,1adf6f485475969aeceb8cc4815f404f7831f646)",0,0,0,0,0,0,0,0,0,0,0,0,0,0,0,0,0,0,0,0,0,0,0,0,0,0,0,
"(org.eclipse.collections.impl.jmh.LongLongMapSmallStressTest.ecRemove,1adf6f485475969aeceb8cc4815f404f7831f646)",0,0,0,0,0,0,0,0,0,0,0,0,0,0,0,0,0,0,0,0,0,0,0,0,0,0,0,
"(org.eclipse.collections.impl.jmh.map.MapGrowthTest.mutableEcPut,1adf6f485475969aeceb8cc4815f404f7831f646)",0,0,0,0,0,0,0,0,0,0,0,0,0,0,0,0,0,0,0,0,0,0,0,0,0,0,0,
"(org.eclipse.collections.impl.jmh.FunctionalInterfaceSetTest.serial_eager_ec,1adf6f485475969aeceb8cc4815f404f7831f646)",0,0,0,0,0,0,0,0,0,0,0,0,0,0,0,0,0,0,0,0,0,0,0,0,0,0,0,
"(org.eclipse.collections.impl.jmh.MaxByDoubleTest.maxByMarketValue_serial_eager_ec,1adf6f485475969aeceb8cc4815f404f7831f646)",0,0,0,0,0,0,0,0,0,0,0,0,0,0,0,0,0,0,0,0,0,0,0,0,0,0,0,
"(org.eclipse.collections.impl.jmh.MaxByIntTest.maxByQuantity_parallel_lazy_collect_methodref_jdk,1adf6f485475969aeceb8cc4815f404f7831f646)",0,0,0,0,0,0,0,0,0,0,0,0,0,0,0,0,0,0,0,0,0,0,0,0,0,0,0,
"(org.eclipse.collections.impl.jmh.CollectorJoiningTest.serial_eager_collectToStringJoining_ec,1adf6f485475969aeceb8cc4815f404f7831f646)",0,0,0,0,0,0,0,0,0,0,0,0,0,0,0,0,0,0,0,0,0,0,0,0,0,0,0,
"(org.eclipse.collections.impl.jmh.GroupByListTest.groupBy_100_keys_serial_eager_scala,1adf6f485475969aeceb8cc4815f404f7831f646)",0,0,0,0,0,0,0,0,0,0,0,0,0,0,0,0,0,0,0,0,0,0,0,0,0,0,0,
"(org.eclipse.collections.impl.jmh.SummarizeIntTest.serial_lazy_summarizeInt_ec,1adf6f485475969aeceb8cc4815f404f7831f646)",0,0,0,0,0,0,0,0,0,0,0,0,0,0,0,0,0,0,0,0,0,0,0,0,0,0,0,
"(org.eclipse.collections.impl.jmh.map.MapGrowthTest.immutableScalaPut,1adf6f485475969aeceb8cc4815f404f7831f646)",0,0,0,0,0,0,0,0,0,0,0,0,0,0,0,0,0,0,0,0,0,0,0,0,0,0,0,
"(org.eclipse.collections.impl.jmh.GroupByListTest.groupBy_2_keys_serial_lazy_jdk,1adf6f485475969aeceb8cc4815f404f7831f646)",0,0,0,0,0,0,0,0,0,0,0,0,0,0,0,0,0,0,0,0,0,0,0,0,0,0,0,
"(org.eclipse.collections.impl.jmh.MaxByDoubleTest.maxByMarketValue_serial_lazy_collect_methodref_jdk,1adf6f485475969aeceb8cc4815f404f7831f646)",0,0,0,0,0,0,0,0,0,0,0,0,0,0,0,0,0,0,0,0,0,0,0,0,0,0,0,
"(org.eclipse.collections.impl.jmh.SumByDoubleTest.sumByProduct_serial_lazy_jdk,1adf6f485475969aeceb8cc4815f404f7831f646)",0,0,0,0,0,0,0,0,0,0,0,0,0,0,0,0,0,0,0,0,0,0,0,0,0,0,0,
"(org.eclipse.collections.impl.jmh.IntListJMHTest.filterJDKIntStreamParallel,1adf6f485475969aeceb8cc4815f404f7831f646)",0,0,0,0,0,0,0,0,0,0,0,0,0,0,0,0,0,0,0,0,0,0,0,0,0,0,0,
"(org.eclipse.collections.impl.jmh.AggregateByTest.aggregateByProduct_parallel_eager_ec,1adf6f485475969aeceb8cc4815f404f7831f646)",0,0,0,0,0,0,0,0,0,0,0,0,0,0,0,0,0,0,0,0,0,0,0,0,0,0,0,
"(org.eclipse.collections.impl.jmh.AnagramSetTest.serial_lazy_streams_ec,1adf6f485475969aeceb8cc4815f404f7831f646)",0,0,0,0,0,0,0,0,0,0,0,0,0,0,0,0,0,0,0,0,0,0,0,0,0,0,0,
"(org.eclipse.collections.impl.jmh.MaxTest.serial_lazy_jdk,1adf6f485475969aeceb8cc4815f404f7831f646)",0,0,0,0,0,0,0,0,0,0,0,0,0,0,0,0,0,0,0,0,0,0,0,0,0,0,0,
"(org.eclipse.collections.impl.jmh.AnagramBagTest.parallel_lazy_ec,1adf6f485475969aeceb8cc4815f404f7831f646)",0,0,0,0,0,0,0,0,0,0,0,0,0,0,0,0,0,0,0,0,0,0,0,0,0,0,0,
"(org.eclipse.collections.impl.jmh.GroupByListTest.groupBy_2_keys_serial_lazy_ec,1adf6f485475969aeceb8cc4815f404f7831f646)",0,0,0,0,0,0,0,0,0,0,0,0,0,0,0,0,0,0,0,0,0,0,0,0,0,0,0,
"(org.eclipse.collections.impl.jmh.CollectIfTest.serial_lazy_ec,1adf6f485475969aeceb8cc4815f404f7831f646)",0,0,0,0,0,0,0,0,0,0,0,0,0,0,0,0,0,0,0,0,0,0,0,0,0,0,0,
"(org.eclipse.collections.impl.jmh.AggregateByTest.aggregateByProduct_parallel_lazy_ec,1adf6f485475969aeceb8cc4815f404f7831f646)",0,0,0,0,0,0,0,0,0,0,0,0,0,0,0,0,0,0,0,0,0,0,0,0,0,0,0,
"(org.eclipse.collections.impl.jmh.SumByDoubleTest.sumByAccount_serial_lazy_jdk,1adf6f485475969aeceb8cc4815f404f7831f646)",0,0,0,0,0,0,0,0,0,0,0,0,0,0,0,0,0,0,0,0,0,0,0,0,0,0,0,
"(org.eclipse.collections.impl.jmh.AnySatisfyTest.process_all_serial_lazy_streams_ec,1adf6f485475969aeceb8cc4815f404f7831f646)",0,0,0,0,0,0,0,0,0,0,0,0,0,0,0,0,0,0,0,0,0,0,0,0,0,0,0,
"(org.eclipse.collections.impl.jmh.GroupBySetTest.groupBy_unordered_lists_10000_keys_serial_eager_guava,1adf6f485475969aeceb8cc4815f404f7831f646)",0,0,0,0,0,0,0,0,0,0,0,0,0,0,0,0,0,0,0,0,0,0,0,0,0,0,0,
"(org.eclipse.collections.impl.jmh.MaxByIntTest.maxByQuantity_serial_lazy_collect_lambda_jdk,1adf6f485475969aeceb8cc4815f404f7831f646)",0,0,0,0,0,0,0,0,0,0,0,0,0,0,0,0,0,0,0,0,0,0,0,0,0,0,0,
"(org.eclipse.collections.impl.jmh.FunctionalInterfaceTest.serial_eager_scala,1adf6f485475969aeceb8cc4815f404f7831f646)",0,0,0,0,0,0,0,0,0,0,0,0,0,0,0,0,0,0,0,0,0,0,0,0,0,0,0,
"(org.eclipse.collections.impl.jmh.MinTest.serial_lazy_jdk,1adf6f485475969aeceb8cc4815f404f7831f646)",0,0,0,0,0,0,0,0,0,0,0,0,0,0,0,0,0,0,0,0,0,0,0,0,0,0,0,
"(org.eclipse.collections.impl.jmh.IntIntMapLargeStressTest.kolobokeRemove,1adf6f485475969aeceb8cc4815f404f7831f646)",0,0,0,0,0,0,0,0,0,0,0,0,0,0,0,0,0,0,0,0,0,0,0,0,0,0,0,
"(org.eclipse.collections.impl.jmh.SelectTest.parallel_lazy_jdk,1adf6f485475969aeceb8cc4815f404f7831f646)",0,0,0,0,0,0,0,0,0,0,0,0,0,0,0,0,0,0,0,0,0,0,0,0,0,0,0,
"(org.eclipse.collections.impl.jmh.IntListJMHTest.sumECBoxedEager,1adf6f485475969aeceb8cc4815f404f7831f646)",0,0,0,0,0,0,0,0,0,0,0,0,0,0,0,0,0,0,0,0,0,0,0,0,0,0,0,
"(org.eclipse.collections.impl.jmh.IntIntMapSmallStressTest.kolobokeRemove,1adf6f485475969aeceb8cc4815f404f7831f646)",0,0,0,0,0,0,0,0,0,0,0,0,0,0,0,0,0,0,0,0,0,0,0,0,0,0,0,
"(org.eclipse.collections.impl.jmh.GroupBySetTest.groupBy_unordered_lists_10000_keys_serial_lazy_ec,1adf6f485475969aeceb8cc4815f404f7831f646)",0,0,0,0,0,0,0,0,0,0,0,0,0,0,0,0,0,0,0,0,0,0,0,0,0,0,0,
"(org.eclipse.collections.impl.jmh.SumOfIntTest.parallel_lazy_mapToIntSum_jdk,1adf6f485475969aeceb8cc4815f404f7831f646)",0,0,0,0,0,0,0,0,0,0,0,0,0,0,0,0,0,0,0,0,0,0,0,0,0,0,0,
"(org.eclipse.collections.impl.jmh.GroupBySetTest.groupBy_100_keys_parallel_lazy_scala,1adf6f485475969aeceb8cc4815f404f7831f646)",0,0,0,0,0,0,0,0,0,0,0,0,0,0,0,0,0,0,0,0,0,0,0,0,0,0,0,
"(org.eclipse.collections.impl.jmh.AggregateByTest.aggregateInPlaceByCategory_parallel_eager_ec,1adf6f485475969aeceb8cc4815f404f7831f646)",0,0,0,0,0,0,0,0,0,0,0,0,0,0,0,0,0,0,0,0,0,0,0,0,0,0,0,
"(org.eclipse.collections.impl.jmh.AggregateByTest.aggregateByAccount_serial_lazy_ec,1adf6f485475969aeceb8cc4815f404f7831f646)",0,0,0,0,0,0,0,0,0,0,0,0,0,0,0,0,0,0,0,0,0,0,0,0,0,0,0,
"(org.eclipse.collections.impl.jmh.CollectIfTest.parallel_lazy_streams_ec,1adf6f485475969aeceb8cc4815f404f7831f646)",0,0,0,0,0,0,0,0,0,0,0,0,0,0,0,0,0,0,0,0,0,0,0,0,0,0,0,
"(org.eclipse.collections.impl.jmh.GroupBySetTest.groupBy_10000_keys_parallel_lazy_ec,1adf6f485475969aeceb8cc4815f404f7831f646)",0,0,0,0,0,0,0,0,0,0,0,0,0,0,0,0,0,0,0,0,0,0,0,0,0,0,0,
"(org.eclipse.collections.impl.jmh.set.sorted.SortedSetIterationTest.parallel_immutable_ec,1adf6f485475969aeceb8cc4815f404f7831f646)",0,0,0,0,0,0,0,0,0,0,0,0,0,0,0,0,0,0,0,0,0,0,0,0,0,0,0,
"(org.eclipse.collections.impl.jmh.ListAddAllTest.jdk,1adf6f485475969aeceb8cc4815f404f7831f646)",0,0,0,0,0,0,0,0,0,0,0,0,0,0,0,0,0,0,0,0,0,0,0,0,0,0,0,
"(org.eclipse.collections.impl.jmh.SumOfDoubleTest.serial_eager_directSumOfDouble_ec,1adf6f485475969aeceb8cc4815f404f7831f646)",0,0,0,0,0,0,0,0,0,0,0,0,0,0,0,0,0,0,0,0,0,0,0,0,0,0,0,
"(org.eclipse.collections.impl.jmh.AnagramBagTest.parallel_eager_forkjoin_ec,1adf6f485475969aeceb8cc4815f404f7831f646)",0,0,0,0,0,0,0,0,0,0,0,0,0,0,0,0,0,0,0,0,0,0,0,0,0,0,0,
"(org.eclipse.collections.impl.jmh.CountSetTest.serial_lazy_scala,1adf6f485475969aeceb8cc4815f404f7831f646)",0,0,0,0,0,0,0,0,0,0,0,0,0,0,0,0,0,0,0,0,0,0,0,0,0,0,0,
"(org.eclipse.collections.impl.jmh.GroupByListTest.groupBy_10000_keys_serial_eager_ec,1adf6f485475969aeceb8cc4815f404f7831f646)",0,0,0,0,0,0,0,0,0,0,0,0,0,0,0,0,0,0,0,0,0,0,0,0,0,0,0,
"(org.eclipse.collections.impl.jmh.CollectTest.serial_lazy_jdk,1adf6f485475969aeceb8cc4815f404f7831f646)",0,0,0,0,0,0,0,0,0,0,0,0,0,0,0,0,0,0,0,0,0,0,0,0,0,0,0,
"(org.eclipse.collections.impl.jmh.AnySatisfyTest.short_circuit_middle_parallel_lazy_scala,1adf6f485475969aeceb8cc4815f404f7831f646)",0,0,0,0,0,0,0,0,0,0,0,0,0,0,0,0,0,0,0,0,0,0,0,0,0,0,0,
"(org.eclipse.collections.impl.jmh.MinByIntTest.minByQuantity_serial_lazy_ec,1adf6f485475969aeceb8cc4815f404f7831f646)",0,0,0,0,0,0,0,0,0,0,0,0,0,0,0,0,0,0,0,0,0,0,0,0,0,0,0,
"(org.eclipse.collections.impl.jmh.IntIntMapSmallStressTest.ecPut,1adf6f485475969aeceb8cc4815f404f7831f646)",0,0,0,0,0,0,0,0,0,0,0,0,0,0,0,0,0,0,0,0,0,0,0,0,0,0,0,
"(org.eclipse.collections.impl.jmh.IntListJMHTest.filterMapSumECBoxedEager,1adf6f485475969aeceb8cc4815f404f7831f646)",0,0,0,0,0,0,0,0,0,0,0,0,0,0,0,0,0,0,0,0,0,0,0,0,0,0,0,
"(org.eclipse.collections.impl.jmh.SumByDoubleTest.sumByCategory_parallel_lazy_jdk,1adf6f485475969aeceb8cc4815f404f7831f646)",0,0,0,0,0,0,0,0,0,0,0,0,0,0,0,0,0,0,0,0,0,0,0,0,0,0,0,
"(org.eclipse.collections.impl.jmh.SelectTest.parallel_eager_ec,1adf6f485475969aeceb8cc4815f404f7831f646)",0,0,0,0,0,0,0,0,0,0,0,0,0,0,0,0,0,0,0,0,0,0,0,0,0,0,0,
"(org.eclipse.collections.impl.jmh.set.sorted.SortedSetIterationTest.serial_mutable_ec,1adf6f485475969aeceb8cc4815f404f7831f646)",0,0,0,0,0,0,0,0,0,0,0,0,0,0,0,0,0,0,0,0,0,0,0,0,0,0,0,
"(org.eclipse.collections.impl.jmh.CountSetTest.parallel_lazy_streams_ec,1adf6f485475969aeceb8cc4815f404f7831f646)",0,0,0,0,0,0,0,0,0,0,0,0,0,0,0,0,0,0,0,0,0,0,0,0,0,0,0,
"(org.eclipse.collections.impl.jmh.set.sorted.SortedSetIterationTest.serial_immutable_ec,1adf6f485475969aeceb8cc4815f404f7831f646)",0,0,0,0,0,0,0,0,0,0,0,0,0,0,0,0,0,0,0,0,0,0,0,0,0,0,0,
"(org.eclipse.collections.impl.jmh.CollectorJoiningTest.parallel_lazy_makeString_ec,1adf6f485475969aeceb8cc4815f404f7831f646)",0,0,0,0,0,0,0,0,0,0,0,0,0,0,0,0,0,0,0,0,0,0,0,0,0,0,0,
"(org.eclipse.collections.impl.jmh.AggregateByTest.aggregateInPlaceByAccount_parallel_lazy_ec,1adf6f485475969aeceb8cc4815f404f7831f646)",0,0,0,0,0,0,0,0,0,0,0,0,0,0,0,0,0,0,0,0,0,0,0,0,0,0,0,
"(org.eclipse.collections.impl.jmh.MinByIntTest.minByQuantity_serial_lazy_direct_lambda_jdk,1adf6f485475969aeceb8cc4815f404f7831f646)",0,0,0,0,0,0,0,0,0,0,0,0,0,0,0,0,0,0,0,0,0,0,0,0,0,0,0,
"(org.eclipse.collections.impl.jmh.CollectorJoiningTest.serial_lazy_mapToStringJoining_jdk,1adf6f485475969aeceb8cc4815f404f7831f646)",0,0,0,0,0,0,0,0,0,0,0,0,0,0,0,0,0,0,0,0,0,0,0,0,0,0,0,
"(org.eclipse.collections.impl.jmh.GroupByListTest.groupBy_100_keys_serial_lazy_jdk,1adf6f485475969aeceb8cc4815f404f7831f646)",0,0,0,0,0,0,0,0,0,0,0,0,0,0,0,0,0,0,0,0,0,0,0,0,0,0,0,
"(org.eclipse.collections.impl.jmh.SumByDoubleTest.sumByAccount_parallel_eager_ec,1adf6f485475969aeceb8cc4815f404f7831f646)",0,0,0,0,0,0,0,0,0,0,0,0,0,0,0,0,0,0,0,0,0,0,0,0,0,0,0,
"(org.eclipse.collections.impl.jmh.FunctionalInterfaceTest.serial_lazy_ec,1adf6f485475969aeceb8cc4815f404f7831f646)",0,0,0,0,0,0,0,0,0,0,0,0,0,0,0,0,0,0,0,0,0,0,0,0,0,0,0,
"(org.eclipse.collections.impl.jmh.SumByBigDecimalTest.sumByBigDecimalCategory_serial_eager_ec,1adf6f485475969aeceb8cc4815f404f7831f646)",0,0,0,0,0,0,0,0,0,0,0,0,0,0,0,0,0,0,0,0,0,0,0,0,0,0,0,
"(org.eclipse.collections.impl.jmh.CollectTest.parallel_lazy_scala,1adf6f485475969aeceb8cc4815f404f7831f646)",0,0,0,0,0,0,0,0,0,0,0,0,0,0,0,0,0,0,0,0,0,0,0,0,0,0,0,
"(org.eclipse.collections.impl.jmh.NoneSatisfyTest.short_circuit_middle_serial_lazy_ec,1adf6f485475969aeceb8cc4815f404f7831f646)",0,0,0,0,0,0,0,0,0,0,0,0,0,0,0,0,0,0,0,0,0,0,0,0,0,0,0,
"(org.eclipse.collections.impl.jmh.IntIntMapSmallStressTest.kolobokeGet,1adf6f485475969aeceb8cc4815f404f7831f646)",0,0,0,0,0,0,0,0,0,0,0,0,0,0,0,0,0,0,0,0,0,0,0,0,0,0,0,
"(org.eclipse.collections.impl.jmh.IntListJMHTest.filterECParallelEager,1adf6f485475969aeceb8cc4815f404f7831f646)",0,0,0,0,0,0,0,0,0,0,0,0,0,0,0,0,0,0,0,0,0,0,0,0,0,0,0,
"(org.eclipse.collections.impl.jmh.CollectTest.serial_lazy_ec,1adf6f485475969aeceb8cc4815f404f7831f646)",0,0,0,0,0,0,0,0,0,0,0,0,0,0,0,0,0,0,0,0,0,0,0,0,0,0,0,
"(org.eclipse.collections.impl.jmh.LongIntMapTest.remove,1adf6f485475969aeceb8cc4815f404f7831f646)",0,0,0,0,0,0,0,0,0,0,0,0,0,0,0,0,0,0,0,0,0,0,0,0,0,0,0,
"(org.eclipse.collections.impl.jmh.AnagramBagTest.serial_lazy_streams_ec,1adf6f485475969aeceb8cc4815f404f7831f646)",0,0,0,0,0,0,0,0,0,0,0,0,0,0,0,0,0,0,0,0,0,0,0,0,0,0,0,
"(org.eclipse.collections.impl.jmh.CountSetTest.serial_lazy_ec,1adf6f485475969aeceb8cc4815f404f7831f646)",0,0,0,0,0,0,0,0,0,0,0,0,0,0,0,0,0,0,0,0,0,0,0,0,0,0,0,
"(org.eclipse.collections.impl.jmh.CollectIfTest.serial_lazy_streams_ec,1adf6f485475969aeceb8cc4815f404f7831f646)",0,0,0,0,0,0,0,0,0,0,0,0,0,0,0,0,0,0,0,0,0,0,0,0,0,0,0,
"(org.eclipse.collections.impl.jmh.CountSetTest.parallel_lazy_ec,1adf6f485475969aeceb8cc4815f404f7831f646)",0,0,0,0,0,0,0,0,0,0,0,0,0,0,0,0,0,0,0,0,0,0,0,0,0,0,0,
"(org.eclipse.collections.impl.jmh.map.ScalaImmutableMapGetTest.get,1adf6f485475969aeceb8cc4815f404f7831f646)",0,0,0,0,0,0,0,0,0,0,0,0,0,0,0,0,0,0,0,0,0,0,0,0,0,0,0,
"(org.eclipse.collections.impl.jmh.AnySatisfyTest.short_circuit_middle_serial_eager_scala,1adf6f485475969aeceb8cc4815f404f7831f646)",0,0,0,0,0,0,0,0,0,0,0,0,0,0,0,0,0,0,0,0,0,0,0,0,0,0,0,
"(org.eclipse.collections.impl.jmh.map.ChainMapPutTest.ec,1adf6f485475969aeceb8cc4815f404f7831f646)",0,0,0,0,0,0,0,0,0,0,0,0,0,0,0,0,0,0,0,0,0,0,0,0,0,0,0,
"(org.eclipse.collections.impl.jmh.AggregateByTest.aggregateByAccount_parallel_eager_ec,1adf6f485475969aeceb8cc4815f404f7831f646)",0,0,0,0,0,0,0,0,0,0,0,0,0,0,0,0,0,0,0,0,0,0,0,0,0,0,0,
"(org.eclipse.collections.impl.jmh.FunctionalInterfaceTest.parallel_lazy_ec_hand_coded,1adf6f485475969aeceb8cc4815f404f7831f646)",0,0,0,0,0,0,0,0,0,0,0,0,0,0,0,0,0,0,0,0,0,0,0,0,0,0,0,
"(org.eclipse.collections.impl.jmh.SumByDoubleTest.sumByProduct_parallel_lazy_streams_ec,1adf6f485475969aeceb8cc4815f404f7831f646)",0,0,0,0,0,0,0,0,0,0,0,0,0,0,0,0,0,0,0,0,0,0,0,0,0,0,0,
"(org.eclipse.collections.impl.jmh.AnagramListTest.parallel_lazy_streams_ec,1adf6f485475969aeceb8cc4815f404f7831f646)",0,0,0,0,0,0,0,0,0,0,0,0,0,0,0,0,0,0,0,0,0,0,0,0,0,0,0,
"(org.eclipse.collections.impl.jmh.CountSetTest.serial_eager_scala,1adf6f485475969aeceb8cc4815f404f7831f646)",0,0,0,0,0,0,0,0,0,0,0,0,0,0,0,0,0,0,0,0,0,0,0,0,0,0,0,
"(org.eclipse.collections.impl.jmh.LongLongMapLargeStressTest.ecPut,1adf6f485475969aeceb8cc4815f404f7831f646)",0,0,0,0,0,0,0,0,0,0,0,0,0,0,0,0,0,0,0,0,0,0,0,0,0,0,0,
"(org.eclipse.collections.impl.jmh.GroupBySetTest.groupBy_10000_keys_serial_lazy_jdk,1adf6f485475969aeceb8cc4815f404f7831f646)",0,0,0,0,0,0,0,0,0,0,0,0,0,0,0,0,0,0,0,0,0,0,0,0,0,0,0,
"(org.eclipse.collections.impl.jmh.GroupBySetTest.groupBy_100_keys_serial_lazy_jdk,1adf6f485475969aeceb8cc4815f404f7831f646)",0,0,0,0,0,0,0,0,0,0,0,0,0,0,0,0,0,0,0,0,0,0,0,0,0,0,0,
"(org.eclipse.collections.impl.jmh.MaxTest.parallel_lazy_ec,1adf6f485475969aeceb8cc4815f404f7831f646)",0,0,0,0,0,0,0,0,0,0,0,0,0,0,0,0,0,0,0,0,0,0,0,0,0,0,0,
"(org.eclipse.collections.impl.jmh.AggregateByTest.aggregateByAccount_parallel_lazy_streams_ec,1adf6f485475969aeceb8cc4815f404f7831f646)",0,0,0,0,0,0,0,0,0,0,0,0,0,0,0,0,0,0,0,0,0,0,0,0,0,0,0,
"(org.eclipse.collections.impl.jmh.GroupBySetTest.groupBy_100_keys_parallel_lazy_jdk,1adf6f485475969aeceb8cc4815f404f7831f646)",0,0,0,0,0,0,0,0,0,0,0,0,0,0,0,0,0,0,0,0,0,0,0,0,0,0,0,
"(org.eclipse.collections.impl.jmh.AnySatisfyTest.short_circuit_middle_serial_eager_ec,1adf6f485475969aeceb8cc4815f404f7831f646)",0,0,0,0,0,0,0,0,0,0,0,0,0,0,0,0,0,0,0,0,0,0,0,0,0,0,0,
"(org.eclipse.collections.impl.jmh.AllSatisfyTest.short_circuit_middle_serial_lazy_streams_ec,1adf6f485475969aeceb8cc4815f404f7831f646)",0,0,0,0,0,0,0,0,0,0,0,0,0,0,0,0,0,0,0,0,0,0,0,0,0,0,0,
"(org.eclipse.collections.impl.jmh.GroupByListTest.groupBy_10000_keys_serial_lazy_scala,1adf6f485475969aeceb8cc4815f404f7831f646)",0,0,0,0,0,0,0,0,0,0,0,0,0,0,0,0,0,0,0,0,0,0,0,0,0,0,0,
"(org.eclipse.collections.impl.jmh.GroupByListTest.groupBy_100_keys_serial_lazy_ec,1adf6f485475969aeceb8cc4815f404f7831f646)",0,0,0,0,0,0,0,0,0,0,0,0,0,0,0,0,0,0,0,0,0,0,0,0,0,0,0,
"(org.eclipse.collections.impl.jmh.GroupBySetTest.groupBy_unordered_lists_100_keys_serial_lazy_ec,1adf6f485475969aeceb8cc4815f404f7831f646)",0,0,0,0,0,0,0,0,0,0,0,0,0,0,0,0,0,0,0,0,0,0,0,0,0,0,0,
"(org.eclipse.collections.impl.jmh.MinByIntTest.minByQuantity_parallel_lazy_collect_lambda_jdk,1adf6f485475969aeceb8cc4815f404f7831f646)",0,0,0,0,0,0,0,0,0,0,0,0,0,0,0,0,0,0,0,0,0,0,0,0,0,0,0,
"(org.eclipse.collections.impl.jmh.NoneSatisfyTest.process_none_serial_eager_ec,1adf6f485475969aeceb8cc4815f404f7831f646)",0,0,0,0,0,0,0,0,0,0,0,0,0,0,0,0,0,0,0,0,0,0,0,0,0,0,0,
"(org.eclipse.collections.impl.jmh.CountTest.parallel_lazy_jdk,1adf6f485475969aeceb8cc4815f404f7831f646)",0,0,0,0,0,0,0,0,0,0,0,0,0,0,0,0,0,0,0,0,0,0,0,0,0,0,0,
"(org.eclipse.collections.impl.jmh.PartitionTest.serial_lazy_streams_ec,1adf6f485475969aeceb8cc4815f404f7831f646)",0,0,0,0,0,0,0,0,0,0,0,0,0,0,0,0,0,0,0,0,0,0,0,0,0,0,0,
"(org.eclipse.collections.impl.jmh.SumByBigDecimalTest.sumByBigDecimalCategory_parallel_eager_ec,1adf6f485475969aeceb8cc4815f404f7831f646)",0,0,0,0,0,0,0,0,0,0,0,0,0,0,0,0,0,0,0,0,0,0,0,0,0,0,0,
"(org.eclipse.collections.impl.jmh.IntIntMapLargeStressTest.kolobokePut,1adf6f485475969aeceb8cc4815f404f7831f646)",0,0,0,0,0,0,0,0,0,0,0,0,0,0,0,0,0,0,0,0,0,0,0,0,0,0,0,
"(org.eclipse.collections.impl.jmh.MaxByDoubleTest.maxByMarketValue_serial_lazy_ec,1adf6f485475969aeceb8cc4815f404f7831f646)",0,0,0,0,0,0,0,0,0,0,0,0,0,0,0,0,0,0,0,0,0,0,0,0,0,0,0,
"(org.eclipse.collections.impl.jmh.MinTest.parallel_lazy_streams_ec,1adf6f485475969aeceb8cc4815f404f7831f646)",0,0,0,0,0,0,0,0,0,0,0,0,0,0,0,0,0,0,0,0,0,0,0,0,0,0,0,
"(org.eclipse.collections.impl.jmh.CollectTest.parallel_lazy_streams_ec,1adf6f485475969aeceb8cc4815f404f7831f646)",0,0,0,0,0,0,0,0,0,0,0,0,0,0,0,0,0,0,0,0,0,0,0,0,0,0,0,
"(org.eclipse.collections.impl.jmh.CountTest.serial_lazy_scala,1adf6f485475969aeceb8cc4815f404f7831f646)",0,0,0,0,0,0,0,0,0,0,0,0,0,0,0,0,0,0,0,0,0,0,0,0,0,0,0,
"(org.eclipse.collections.impl.jmh.MaxTest.parallel_lazy_reverse_ec,1adf6f485475969aeceb8cc4815f404f7831f646)",0,0,0,0,0,0,0,0,0,0,0,0,0,0,0,0,0,0,0,0,0,0,0,0,0,0,0,
"(org.eclipse.collections.impl.jmh.MinByDoubleTest.minByMarketValue_parallel_lazy_collect_methodref_jdk,1adf6f485475969aeceb8cc4815f404f7831f646)",0,0,0,0,0,0,0,0,0,0,0,0,0,0,0,0,0,0,0,0,0,0,0,0,0,0,0,
"(org.eclipse.collections.impl.jmh.MinTest.serial_lazy_intstream_jdk,1adf6f485475969aeceb8cc4815f404f7831f646)",0,0,0,0,0,0,0,0,0,0,0,0,0,0,0,0,0,0,0,0,0,0,0,0,0,0,0,
"(org.eclipse.collections.impl.jmh.PartitionTest.serial_lazy_ec,1adf6f485475969aeceb8cc4815f404f7831f646)",0,0,0,0,0,0,0,0,0,0,0,0,0,0,0,0,0,0,0,0,0,0,0,0,0,0,0,
"(org.eclipse.collections.impl.jmh.SelectTest.serial_lazy_ec,1adf6f485475969aeceb8cc4815f404f7831f646)",0,0,0,0,0,0,0,0,0,0,0,0,0,0,0,0,0,0,0,0,0,0,0,0,0,0,0,
"(org.eclipse.collections.impl.jmh.SumOfIntTest.serial_lazy_collectIntSum_ec,1adf6f485475969aeceb8cc4815f404f7831f646)",0,0,0,0,0,0,0,0,0,0,0,0,0,0,0,0,0,0,0,0,0,0,0,0,0,0,0,
"(org.eclipse.collections.impl.jmh.AnySatisfyTest.short_circuit_middle_parallel_lazy_jdk,1adf6f485475969aeceb8cc4815f404f7831f646)",0,0,0,0,0,0,0,0,0,0,0,0,0,0,0,0,0,0,0,0,0,0,0,0,0,0,0,
"(org.eclipse.collections.impl.jmh.MaxByDoubleTest.maxByMarketValue_serial_lazy_direct_lambda_jdk,1adf6f485475969aeceb8cc4815f404f7831f646)",0,0,0,0,0,0,0,0,0,0,0,0,0,0,0,0,0,0,0,0,0,0,0,0,0,0,0,
"(org.eclipse.collections.impl.jmh.CountTest.serial_lazy_ec,1adf6f485475969aeceb8cc4815f404f7831f646)",0,0,0,0,0,0,0,0,0,0,0,0,0,0,0,0,0,0,0,0,0,0,0,0,0,0,0,
"(org.eclipse.collections.impl.jmh.GroupBySetTest.groupBy_100_keys_serial_lazy_streams_ec,1adf6f485475969aeceb8cc4815f404f7831f646)",0,0,0,0,0,0,0,0,0,0,0,0,0,0,0,0,0,0,0,0,0,0,0,0,0,0,0,
"(org.eclipse.collections.impl.jmh.SumByDoubleTest.sumByCategory_serial_lazy_streams_ec,1adf6f485475969aeceb8cc4815f404f7831f646)",0,0,0,0,0,0,0,0,0,0,0,0,0,0,0,0,0,0,0,0,0,0,0,0,0,0,0,
"(org.eclipse.collections.impl.jmh.ListEqualTest.ec,1adf6f485475969aeceb8cc4815f404f7831f646)",0,0,0,0,0,0,0,0,0,0,0,0,0,0,0,0,0,0,0,0,0,0,0,0,0,0,0,
"(org.eclipse.collections.impl.jmh.AnagramSetTest.parallel_lazy_jdk,1adf6f485475969aeceb8cc4815f404f7831f646)",0,0,0,0,0,0,0,0,0,0,0,0,0,0,0,0,0,0,0,0,0,0,0,0,0,0,0,
"(org.eclipse.collections.impl.jmh.SumByBigDecimalTest.sumByBigDecimalAccount_serial_eager_ec,1adf6f485475969aeceb8cc4815f404f7831f646)",0,0,0,0,0,0,0,0,0,0,0,0,0,0,0,0,0,0,0,0,0,0,0,0,0,0,0,
"(org.eclipse.collections.impl.jmh.CountSetTest.parallel_eager_ec,1adf6f485475969aeceb8cc4815f404f7831f646)",0,0,0,0,0,0,0,0,0,0,0,0,0,0,0,0,0,0,0,0,0,0,0,0,0,0,0,
"(org.eclipse.collections.impl.jmh.MaxByIntTest.maxByQuantity_serial_eager_ec,1adf6f485475969aeceb8cc4815f404f7831f646)",0,0,0,0,0,0,0,0,0,0,0,0,0,0,0,0,0,0,0,0,0,0,0,0,0,0,0,
"(org.eclipse.collections.impl.jmh.SumByDoubleTest.sumByAccount_parallel_lazy_streams_ec,1adf6f485475969aeceb8cc4815f404f7831f646)",0,0,0,0,0,0,0,0,0,0,0,0,0,0,0,0,0,0,0,0,0,0,0,0,0,0,0,
"(org.eclipse.collections.impl.jmh.set.sorted.SortedSetContainsTest.contains_mutable_scala,1adf6f485475969aeceb8cc4815f404f7831f646)",0,0,0,0,0,0,0,0,0,0,0,0,0,0,0,0,0,0,0,0,0,0,0,0,0,0,0,
"(org.eclipse.collections.impl.jmh.map.KolobokeMapPutTest.koloboke,1adf6f485475969aeceb8cc4815f404f7831f646)",0,0,0,0,0,0,0,0,0,0,0,0,0,0,0,0,0,0,0,0,0,0,0,0,0,0,0,
"(org.eclipse.collections.impl.jmh.SumOfDoubleTest.serial_lazy_directSumOfDouble_ec,6f621e86fd4f388382cb0de86293b8397ef9cda9)",0,0,0,0,0,0,0,0,0,0,0,0,0,0,0,0,0,0,0,0,0,0,0,0,0,0,0,
"(org.eclipse.collections.impl.jmh.IntIntMapSmallStressTest.ecGet,6f621e86fd4f388382cb0de86293b8397ef9cda9)",0,0,0,0,0,0,0,0,0,0,0,0,0,0,0,0,0,0,0,0,0,0,0,0,0,0,0,
"(org.eclipse.collections.impl.jmh.IntListJMHTest.filterMapSumJDKBoxedParallelStream,6f621e86fd4f388382cb0de86293b8397ef9cda9)",0,0,0,0,0,0,0,0,0,0,0,0,0,0,0,0,0,0,0,0,0,0,0,0,0,0,0,
"(org.eclipse.collections.impl.jmh.FunctionalInterfaceTest.parallel_lazy_ec,6f621e86fd4f388382cb0de86293b8397ef9cda9)",0,0,0,0,0,0,0,0,0,0,0,0,0,0,0,0,0,0,0,0,0,0,0,0,0,0,0,
"(org.eclipse.collections.impl.jmh.SummarizeIntTest.serial_lazy_mapToIntSum_jdk,6f621e86fd4f388382cb0de86293b8397ef9cda9)",0,0,0,0,0,0,0,0,0,0,0,0,0,0,0,0,0,0,0,0,0,0,0,0,0,0,0,
"(org.eclipse.collections.impl.jmh.LongLongMapSmallStressTest.kolobokeGet,6f621e86fd4f388382cb0de86293b8397ef9cda9)",0,0,0,0,0,0,0,0,0,0,0,0,0,0,0,0,0,0,0,0,0,0,0,0,0,0,0,
"(org.eclipse.collections.impl.jmh.IntListJMHTest.mapJDKIntStreamParallel,6f621e86fd4f388382cb0de86293b8397ef9cda9)",0,0,0,0,0,0,0,0,0,0,0,0,0,0,0,0,0,0,0,0,0,0,0,0,0,0,0,
"(org.eclipse.collections.impl.jmh.SumOfDoubleTest.serial_lazy_collectDoubleSum_jdk,6f621e86fd4f388382cb0de86293b8397ef9cda9)",0,0,0,0,0,0,0,0,0,0,0,0,0,0,0,0,0,0,0,0,0,0,0,0,0,0,0,
"(org.eclipse.collections.impl.jmh.set.sorted.SortedSetContainsTest.contains_mutable_ec,6f621e86fd4f388382cb0de86293b8397ef9cda9)",0,0,0,0,0,0,0,0,0,0,0,0,0,0,0,0,0,0,0,0,0,0,0,0,0,0,0,
"(org.eclipse.collections.impl.jmh.MinByDoubleTest.minByMarketValue_serial_lazy_collect_lambda_jdk,6f621e86fd4f388382cb0de86293b8397ef9cda9)",0,0,0,0,0,0,0,0,0,0,0,0,0,0,0,0,0,0,0,0,0,0,0,0,0,0,0,
"(org.eclipse.collections.impl.jmh.GroupByListTest.groupBy_100_keys_serial_eager_guava,6f621e86fd4f388382cb0de86293b8397ef9cda9)",0,0,0,0,0,0,0,0,0,0,0,0,0,0,0,0,0,0,0,0,0,0,0,0,0,0,0,
"(org.eclipse.collections.impl.jmh.AnagramSetTest.parallel_lazy_ec,6f621e86fd4f388382cb0de86293b8397ef9cda9)",0,0,0,0,0,0,0,0,0,0,0,0,0,0,0,0,0,0,0,0,0,0,0,0,0,0,0,
"(org.eclipse.collections.impl.jmh.MaxByIntTest.maxByQuantity_parallel_lazy_direct_lambda_jdk,6f621e86fd4f388382cb0de86293b8397ef9cda9)",0,0,0,0,0,0,0,0,0,0,0,0,0,0,0,0,0,0,0,0,0,0,0,0,0,0,0,
"(org.eclipse.collections.impl.jmh.MinTest.serial_eager_ec,6f621e86fd4f388382cb0de86293b8397ef9cda9)",0,0,0,0,0,0,0,0,0,0,0,0,0,0,0,0,0,0,0,0,0,0,0,0,0,0,0,
"(org.eclipse.collections.impl.jmh.GroupBySetTest.groupBy_2_keys_parallel_lazy_ec,6f621e86fd4f388382cb0de86293b8397ef9cda9)",0,0,0,0,0,0,0,0,0,0,0,0,0,0,0,0,0,0,0,0,0,0,0,0,0,0,0,
"(org.eclipse.collections.impl.jmh.AggregateByTest.aggregateByAccount_parallel_lazy_ec,6f621e86fd4f388382cb0de86293b8397ef9cda9)",0,0,0,0,0,0,0,0,0,0,0,0,0,0,0,0,0,0,0,0,0,0,0,0,0,0,0,
"(org.eclipse.collections.impl.jmh.IntListJMHTest.filterJDKBoxedParallelStream,6f621e86fd4f388382cb0de86293b8397ef9cda9)",0,0,0,0,0,0,0,0,0,0,0,0,0,0,0,0,0,0,0,0,0,0,0,0,0,0,0,
"(org.eclipse.collections.impl.jmh.CollectTest.parallel_lazy_jdk,6f621e86fd4f388382cb0de86293b8397ef9cda9)",0,0,0,0,0,0,0,0,0,0,0,0,0,0,0,0,0,0,0,0,0,0,0,0,0,0,0,
"(org.eclipse.collections.impl.jmh.IntIntMapTest.put,6f621e86fd4f388382cb0de86293b8397ef9cda9)",0,0,0,0,0,0,0,0,0,0,0,0,0,0,0,0,0,0,0,0,0,0,0,0,0,0,0,
"(org.eclipse.collections.impl.jmh.RejectTest.serial_lazy_streams_ec_lambda_negate,6f621e86fd4f388382cb0de86293b8397ef9cda9)",0,0,0,0,0,0,0,0,0,0,0,0,0,0,0,0,0,0,0,0,0,0,0,0,0,0,0,
"(org.eclipse.collections.impl.jmh.AggregateByTest.aggregateByProduct_serial_lazy_ec,6f621e86fd4f388382cb0de86293b8397ef9cda9)",0,0,0,0,0,0,0,0,0,0,0,0,0,0,0,0,0,0,0,0,0,0,0,0,0,0,0,
"(org.eclipse.collections.impl.jmh.IntListJMHTest.sumJDKBoxedStream,6f621e86fd4f388382cb0de86293b8397ef9cda9)",0,0,0,0,0,0,0,0,0,0,0,0,0,0,0,0,0,0,0,0,0,0,0,0,0,0,0,
"(org.eclipse.collections.impl.jmh.IntIntMapLargeStressTest.jdkGet,6f621e86fd4f388382cb0de86293b8397ef9cda9)",0,0,0,0,0,0,0,0,0,0,0,0,0,0,0,0,0,0,0,0,0,0,0,0,0,0,0,
"(org.eclipse.collections.impl.jmh.GroupByListTest.groupBy_100_keys_serial_eager_ec,6f621e86fd4f388382cb0de86293b8397ef9cda9)",0,0,0,0,0,0,0,0,0,0,0,0,0,0,0,0,0,0,0,0,0,0,0,0,0,0,0,
"(org.eclipse.collections.impl.jmh.AggregateByTest.aggregateByProduct_serial_eager_ec,6f621e86fd4f388382cb0de86293b8397ef9cda9)",0,0,0,0,0,0,0,0,0,0,0,0,0,0,0,0,0,0,0,0,0,0,0,0,0,0,0,
"(org.eclipse.collections.impl.jmh.MaxTest.serial_lazy_intstream_jdk,6f621e86fd4f388382cb0de86293b8397ef9cda9)",0,0,0,0,0,0,0,0,0,0,0,0,0,0,0,0,0,0,0,0,0,0,0,0,0,0,0,
"(org.eclipse.collections.impl.jmh.FlatCollectTest.serial_lazy_jdk,6f621e86fd4f388382cb0de86293b8397ef9cda9)",0,0,0,0,0,0,0,0,0,0,0,0,0,0,0,0,0,0,0,0,0,0,0,0,0,0,0,
"(org.eclipse.collections.impl.jmh.CollectorJoiningTest.serial_lazy_mapToStringJoining_ec,6f621e86fd4f388382cb0de86293b8397ef9cda9)",0,0,0,0,0,0,0,0,0,0,0,0,0,0,0,0,0,0,0,0,0,0,0,0,0,0,0,
"(org.eclipse.collections.impl.jmh.GroupBySetTest.groupBy_unordered_lists_2_keys_serial_eager_guava,6f621e86fd4f388382cb0de86293b8397ef9cda9)",0,0,0,0,0,0,0,0,0,0,0,0,0,0,0,0,0,0,0,0,0,0,0,0,0,0,0,
"(org.eclipse.collections.impl.jmh.AnagramListTest.parallel_eager_forkjoin_ec,6f621e86fd4f388382cb0de86293b8397ef9cda9)",0,0,0,0,0,0,0,0,0,0,0,0,0,0,0,0,0,0,0,0,0,0,0,0,0,0,0,
"(org.eclipse.collections.impl.jmh.AnySatisfyTest.process_all_serial_lazy_ec,6f621e86fd4f388382cb0de86293b8397ef9cda9)",0,0,0,0,0,0,0,0,0,0,0,0,0,0,0,0,0,0,0,0,0,0,0,0,0,0,0,
"(org.eclipse.collections.impl.jmh.FunctionalInterfaceSetTest.serial_lazy_jdk,6f621e86fd4f388382cb0de86293b8397ef9cda9)",0,0,0,0,0,0,0,0,0,0,0,0,0,0,0,0,0,0,0,0,0,0,0,0,0,0,0,
"(org.eclipse.collections.impl.jmh.MaxByIntTest.maxByQuantity_serial_lazy_direct_lambda_jdk,6f621e86fd4f388382cb0de86293b8397ef9cda9)",0,0,0,0,0,0,0,0,0,0,0,0,0,0,0,0,0,0,0,0,0,0,0,0,0,0,0,
"(org.eclipse.collections.impl.jmh.MaxTest.parallel_lazy_intstream_jdk,6f621e86fd4f388382cb0de86293b8397ef9cda9)",0,0,0,0,0,0,0,0,0,0,0,0,0,0,0,0,0,0,0,0,0,0,0,0,0,0,0,
"(org.eclipse.collections.impl.jmh.SumOfDoubleTest.serial_lazy_collectDoubleSum_ec,6f621e86fd4f388382cb0de86293b8397ef9cda9)",0,0,0,0,0,0,0,0,0,0,0,0,0,0,0,0,0,0,0,0,0,0,0,0,0,0,0,
"(org.eclipse.collections.impl.jmh.AggregateByTest.aggregateByCategory_serial_eager_ec,6f621e86fd4f388382cb0de86293b8397ef9cda9)",0,0,0,0,0,0,0,0,0,0,0,0,0,0,0,0,0,0,0,0,0,0,0,0,0,0,0,
"(org.eclipse.collections.impl.jmh.CollectorJoiningTest.parallel_lazy_mapToStringJoining_jdk,6f621e86fd4f388382cb0de86293b8397ef9cda9)",0,0,0,0,0,0,0,0,0,0,0,0,0,0,0,0,0,0,0,0,0,0,0,0,0,0,0,
"(org.eclipse.collections.impl.jmh.IntIntMapTest.get,6f621e86fd4f388382cb0de86293b8397ef9cda9)",0,0,0,0,0,0,0,0,0,0,0,0,0,0,0,0,0,0,0,0,0,0,0,0,0,0,0,
"(org.eclipse.collections.impl.jmh.AggregateByTest.aggregateInPlaceByProduct_serial_eager_ec,6f621e86fd4f388382cb0de86293b8397ef9cda9)",0,0,0,0,0,0,0,0,0,0,0,0,0,0,0,0,0,0,0,0,0,0,0,0,0,0,0,
"(org.eclipse.collections.impl.jmh.LongLongMapLargeStressTest.kolobokePut,6f621e86fd4f388382cb0de86293b8397ef9cda9)",0,0,0,0,0,0,0,0,0,0,0,0,0,0,0,0,0,0,0,0,0,0,0,0,0,0,0,
"(org.eclipse.collections.impl.jmh.MaxTest.serial_lazy_reverse_ec,6f621e86fd4f388382cb0de86293b8397ef9cda9)",0,0,0,0,0,0,0,0,0,0,0,0,0,0,0,0,0,0,0,0,0,0,0,0,0,0,0,
"(org.eclipse.collections.impl.jmh.GroupBySetTest.groupBy_2_keys_serial_lazy_scala,6f621e86fd4f388382cb0de86293b8397ef9cda9)",0,0,0,0,0,0,0,0,0,0,0,0,0,0,0,0,0,0,0,0,0,0,0,0,0,0,0,
"(org.eclipse.collections.impl.jmh.GroupByListTest.groupBy_2_keys_serial_eager_guava,6f621e86fd4f388382cb0de86293b8397ef9cda9)",0,0,0,0,0,0,0,0,0,0,0,0,0,0,0,0,0,0,0,0,0,0,0,0,0,0,0,
"(org.eclipse.collections.impl.jmh.AnySatisfyTest.short_circuit_middle_serial_lazy_scala,6f621e86fd4f388382cb0de86293b8397ef9cda9)",0,0,0,0,0,0,0,0,0,0,0,0,0,0,0,0,0,0,0,0,0,0,0,0,0,0,0,
"(org.eclipse.collections.impl.jmh.GroupBySetTest.groupBy_2_keys_parallel_lazy_scala,6f621e86fd4f388382cb0de86293b8397ef9cda9)",0,0,0,0,0,0,0,0,0,0,0,0,0,0,0,0,0,0,0,0,0,0,0,0,0,0,0,
"(org.eclipse.collections.impl.jmh.FunctionalInterfaceTest.parallel_eager_ec,6f621e86fd4f388382cb0de86293b8397ef9cda9)",0,0,0,0,0,0,0,0,0,0,0,0,0,0,0,0,0,0,0,0,0,0,0,0,0,0,0,
"(org.eclipse.collections.impl.jmh.AggregateByTest.aggregateByProduct_serial_lazy_streams_ec,6f621e86fd4f388382cb0de86293b8397ef9cda9)",0,0,0,0,0,0,0,0,0,0,0,0,0,0,0,0,0,0,0,0,0,0,0,0,0,0,0,
"(org.eclipse.collections.impl.jmh.FunctionalInterfaceTest.serial_eager_ec_hand_coded,6f621e86fd4f388382cb0de86293b8397ef9cda9)",0,0,0,0,0,0,0,0,0,0,0,0,0,0,0,0,0,0,0,0,0,0,0,0,0,0,0,
"(org.eclipse.collections.impl.jmh.IntListJMHTest.mapJDKIntStreamToEC,6f621e86fd4f388382cb0de86293b8397ef9cda9)",0,0,0,0,0,0,0,0,0,0,0,0,0,0,0,0,0,0,0,0,0,0,0,0,0,0,0,
"(org.eclipse.collections.impl.jmh.SumByDoubleTest.sumByAccount_serial_lazy_streams_ec,6f621e86fd4f388382cb0de86293b8397ef9cda9)",0,0,0,0,0,0,0,0,0,0,0,0,0,0,0,0,0,0,0,0,0,0,0,0,0,0,0,
"(org.eclipse.collections.impl.jmh.AllSatisfyTest.short_circuit_middle_parallel_lazy_jdk,6f621e86fd4f388382cb0de86293b8397ef9cda9)",0,0,0,0,0,0,0,0,0,0,0,0,0,0,0,0,0,0,0,0,0,0,0,0,0,0,0,
"(org.eclipse.collections.impl.jmh.map.JdkMutableMapGetTest.get,6f621e86fd4f388382cb0de86293b8397ef9cda9)",0,0,0,0,0,0,0,0,0,0,0,0,0,0,0,0,0,0,0,0,0,0,0,0,0,0,0,
"(org.eclipse.collections.impl.jmh.GroupBySetTest.groupBy_unordered_lists_100_keys_serial_eager_guava,6f621e86fd4f388382cb0de86293b8397ef9cda9)",0,0,0,0,0,0,0,0,0,0,0,0,0,0,0,0,0,0,0,0,0,0,0,0,0,0,0,
"(org.eclipse.collections.impl.jmh.IntListJMHTest.mapJDKIntStreamParallelToEC,6f621e86fd4f388382cb0de86293b8397ef9cda9)",0,0,0,0,0,0,0,0,0,0,0,0,0,0,0,0,0,0,0,0,0,0,0,0,0,0,0,
"(org.eclipse.collections.impl.jmh.AggregateByTest.aggregateInPlaceByCategory_serial_eager_ec,6f621e86fd4f388382cb0de86293b8397ef9cda9)",0,0,0,0,0,0,0,0,0,0,0,0,0,0,0,0,0,0,0,0,0,0,0,0,0,0,0,
"(org.eclipse.collections.impl.jmh.MaxTest.parallel_lazy_streams_ec,6f621e86fd4f388382cb0de86293b8397ef9cda9)",0,0,0,0,0,0,0,0,0,0,0,0,0,0,0,0,0,0,0,0,0,0,0,0,0,0,0,
"(org.eclipse.collections.impl.jmh.SumOfDoubleTest.parallel_lazy_directSumOfDouble_ec,6f621e86fd4f388382cb0de86293b8397ef9cda9)",0,0,0,0,0,0,0,0,0,0,0,0,0,0,0,0,0,0,0,0,0,0,0,0,0,0,0,
"(org.eclipse.collections.impl.jmh.GroupBySetTest.groupBy_10000_keys_serial_lazy_scala,6f621e86fd4f388382cb0de86293b8397ef9cda9)",0,0,0,0,0,0,0,0,0,0,0,0,0,0,0,0,0,0,0,0,0,0,0,0,0,0,0,
"(org.eclipse.collections.impl.jmh.GroupBySetTest.groupBy_100_keys_serial_eager_ec,6f621e86fd4f388382cb0de86293b8397ef9cda9)",0,0,0,0,0,0,0,0,0,0,0,0,0,0,0,0,0,0,0,0,0,0,0,0,0,0,0,
"(org.eclipse.collections.impl.jmh.SumOfIntTest.serial_lazy_sumOfInt_ec,6f621e86fd4f388382cb0de86293b8397ef9cda9)",0,0,0,0,0,0,0,0,0,0,0,0,0,0,0,0,0,0,0,0,0,0,0,0,0,0,0,
"(org.eclipse.collections.impl.jmh.MinTest.serial_eager_reverse_ec,6f621e86fd4f388382cb0de86293b8397ef9cda9)",0,0,0,0,0,0,0,0,0,0,0,0,0,0,0,0,0,0,0,0,0,0,0,0,0,0,0,
"(org.eclipse.collections.impl.jmh.AggregateByTest.aggregateByProduct_parallel_lazy_jdk,6f621e86fd4f388382cb0de86293b8397ef9cda9)",0,0,0,0,0,0,0,0,0,0,0,0,0,0,0,0,0,0,0,0,0,0,0,0,0,0,0,
"(org.eclipse.collections.impl.jmh.AggregateByTest.aggregateByAccount_serial_eager_ec,6f621e86fd4f388382cb0de86293b8397ef9cda9)",0,0,0,0,0,0,0,0,0,0,0,0,0,0,0,0,0,0,0,0,0,0,0,0,0,0,0,
"(org.eclipse.collections.impl.jmh.AggregateByTest.aggregateInPlaceByAccount_serial_eager_ec,6f621e86fd4f388382cb0de86293b8397ef9cda9)",0,0,0,0,0,0,0,0,0,0,0,0,0,0,0,0,0,0,0,0,0,0,0,0,0,0,0,
"(org.eclipse.collections.impl.jmh.GroupBySetTest.groupBy_100_keys_serial_lazy_scala,6f621e86fd4f388382cb0de86293b8397ef9cda9)",0,0,0,0,0,0,0,0,0,0,0,0,0,0,0,0,0,0,0,0,0,0,0,0,0,0,0,
"(org.eclipse.collections.impl.jmh.map.ChainMapPutTest.hppc,6f621e86fd4f388382cb0de86293b8397ef9cda9)",0,0,0,0,0,0,0,0,0,0,0,0,0,0,0,0,0,0,0,0,0,0,0,0,0,0,0,
"(org.eclipse.collections.impl.jmh.SelectTest.serial_lazy_jdk,6f621e86fd4f388382cb0de86293b8397ef9cda9)",0,0,0,0,0,0,0,0,0,0,0,0,0,0,0,0,0,0,0,0,0,0,0,0,0,0,0,
"(org.eclipse.collections.impl.jmh.MaxTest.parallel_lazy_jdk,6f621e86fd4f388382cb0de86293b8397ef9cda9)",0,0,0,0,0,0,0,0,0,0,0,0,0,0,0,0,0,0,0,0,0,0,0,0,0,0,0,
"(org.eclipse.collections.impl.jmh.AnySatisfyTest.process_all_serial_eager_scala,6f621e86fd4f388382cb0de86293b8397ef9cda9)",0,0,0,0,0,0,0,0,0,0,0,0,0,0,0,0,0,0,0,0,0,0,0,0,0,0,0,
"(org.eclipse.collections.impl.jmh.SumByBigDecimalTest.sumByBigDecimalProduct_parallel_eager_ec,6f621e86fd4f388382cb0de86293b8397ef9cda9)",0,0,0,0,0,0,0,0,0,0,0,0,0,0,0,0,0,0,0,0,0,0,0,0,0,0,0,
"(org.eclipse.collections.impl.jmh.CollectTest.parallel_eager_ec,6f621e86fd4f388382cb0de86293b8397ef9cda9)",0,0,0,0,0,0,0,0,0,0,0,0,0,0,0,0,0,0,0,0,0,0,0,0,0,0,0,
"(org.eclipse.collections.impl.jmh.FunctionalInterfaceSetTest.parallel_lazy_jdk,6f621e86fd4f388382cb0de86293b8397ef9cda9)",0,0,0,0,0,0,0,0,0,0,0,0,0,0,0,0,0,0,0,0,0,0,0,0,0,0,0,
"(org.eclipse.collections.impl.jmh.GroupByListTest.groupBy_2_keys_serial_lazy_scala,6f621e86fd4f388382cb0de86293b8397ef9cda9)",0,0,0,0,0,0,0,0,0,0,0,0,0,0,0,0,0,0,0,0,0,0,0,0,0,0,0,
"(org.eclipse.collections.impl.jmh.GroupBySetTest.groupBy_10000_keys_serial_eager_ec,6f621e86fd4f388382cb0de86293b8397ef9cda9)",0,0,0,0,0,0,0,0,0,0,0,0,0,0,0,0,0,0,0,0,0,0,0,0,0,0,0,
"(org.eclipse.collections.impl.jmh.MinTest.parallel_lazy_reverse_jdk,6f621e86fd4f388382cb0de86293b8397ef9cda9)",0,0,0,0,0,0,0,0,0,0,0,0,0,0,0,0,0,0,0,0,0,0,0,0,0,0,0,
"(org.eclipse.collections.impl.jmh.MinTest.serial_lazy_reverse_streams_ec,6f621e86fd4f388382cb0de86293b8397ef9cda9)",0,0,0,0,0,0,0,0,0,0,0,0,0,0,0,0,0,0,0,0,0,0,0,0,0,0,0,
"(org.eclipse.collections.impl.jmh.IntListJMHTest.filterJDKBoxedStream,6f621e86fd4f388382cb0de86293b8397ef9cda9)",0,0,0,0,0,0,0,0,0,0,0,0,0,0,0,0,0,0,0,0,0,0,0,0,0,0,0,
"(org.eclipse.collections.impl.jmh.FunctionalInterfaceTest.parallel_lazy_scala_hand_coded,6f621e86fd4f388382cb0de86293b8397ef9cda9)",0,0,0,0,0,0,0,0,0,0,0,0,0,0,0,0,0,0,0,0,0,0,0,0,0,0,0,
"(org.eclipse.collections.impl.jmh.IntListJMHTest.filterJDKIntStreamToEC,6f621e86fd4f388382cb0de86293b8397ef9cda9)",0,0,0,0,0,0,0,0,0,0,0,0,0,0,0,0,0,0,0,0,0,0,0,0,0,0,0,
"(org.eclipse.collections.impl.jmh.SumByDoubleTest.sumByProduct_parallel_eager_ec,6f621e86fd4f388382cb0de86293b8397ef9cda9)",0,0,0,0,0,0,0,0,0,0,0,0,0,0,0,0,0,0,0,0,0,0,0,0,0,0,0,
"(org.eclipse.collections.impl.jmh.MaxByDoubleTest.maxByMarketValue_parallel_lazy_collect_lambda_jdk,6f621e86fd4f388382cb0de86293b8397ef9cda9)",0,0,0,0,0,0,0,0,0,0,0,0,0,0,0,0,0,0,0,0,0,0,0,0,0,0,0,
"(org.eclipse.collections.impl.jmh.LongLongMapSmallStressTest.kolobokePut,6f621e86fd4f388382cb0de86293b8397ef9cda9)",0,0,0,0,0,0,0,0,0,0,0,0,0,0,0,0,0,0,0,0,0,0,0,0,0,0,0,
"(org.eclipse.collections.impl.jmh.GroupBySetTest.groupBy_2_keys_parallel_lazy_streams_ec,6f621e86fd4f388382cb0de86293b8397ef9cda9)",0,0,0,0,0,0,0,0,0,0,0,0,0,0,0,0,0,0,0,0,0,0,0,0,0,0,0,
"(org.eclipse.collections.impl.jmh.NoneSatisfyTest.short_circuit_middle_serial_lazy_jdk,6f621e86fd4f388382cb0de86293b8397ef9cda9)",0,0,0,0,0,0,0,0,0,0,0,0,0,0,0,0,0,0,0,0,0,0,0,0,0,0,0,
"(org.eclipse.collections.impl.jmh.IntListJMHTest.filterECPrimitiveEager,6f621e86fd4f388382cb0de86293b8397ef9cda9)",0,0,0,0,0,0,0,0,0,0,0,0,0,0,0,0,0,0,0,0,0,0,0,0,0,0,0,
"(org.eclipse.collections.impl.jmh.NoneSatisfyTest.short_circuit_middle_parallel_lazy_jdk,6f621e86fd4f388382cb0de86293b8397ef9cda9)",0,0,0,0,0,0,0,0,0,0,0,0,0,0,0,0,0,0,0,0,0,0,0,0,0,0,0,
"(org.eclipse.collections.impl.jmh.IntIntMapTest.presizedPut,6f621e86fd4f388382cb0de86293b8397ef9cda9)",0,0,0,0,0,0,0,0,0,0,0,0,0,0,0,0,0,0,0,0,0,0,0,0,0,0,0,
"(org.eclipse.collections.impl.jmh.AnagramListTest.parallel_lazy_jdk,6f621e86fd4f388382cb0de86293b8397ef9cda9)",0,0,0,0,0,0,0,0,0,0,0,0,0,0,0,0,0,0,0,0,0,0,0,0,0,0,0,
"(org.eclipse.collections.impl.jmh.CountTest.parallel_lazy_streams_ec,6f621e86fd4f388382cb0de86293b8397ef9cda9)",0,0,0,0,0,0,0,0,0,0,0,0,0,0,0,0,0,0,0,0,0,0,0,0,0,0,0,
"(org.eclipse.collections.impl.jmh.IntListJMHTest.sumECPrimitiveEager,6f621e86fd4f388382cb0de86293b8397ef9cda9)",0,0,0,0,0,0,0,0,0,0,0,0,0,0,0,0,0,0,0,0,0,0,0,0,0,0,0,
"(org.eclipse.collections.impl.jmh.IntIntMapSmallStressTest.ecRemove,6f621e86fd4f388382cb0de86293b8397ef9cda9)",0,0,0,0,0,0,0,0,0,0,0,0,0,0,0,0,0,0,0,0,0,0,0,0,0,0,0,
"(org.eclipse.collections.impl.jmh.SumByDoubleTest.sumByCategory_serial_lazy_jdk,6f621e86fd4f388382cb0de86293b8397ef9cda9)",0,0,0,0,0,0,0,0,0,0,0,0,0,0,0,0,0,0,0,0,0,0,0,0,0,0,0,
"(org.eclipse.collections.impl.jmh.list.ListIterationTest.parallel_mutable_scala,6f621e86fd4f388382cb0de86293b8397ef9cda9)",0,0,0,0,0,0,0,0,0,0,0,0,0,0,0,0,0,0,0,0,0,0,0,0,0,0,0,
"(org.eclipse.collections.impl.jmh.SumByDoubleTest.sumByCategory_parallel_lazy_streams_ec,6f621e86fd4f388382cb0de86293b8397ef9cda9)",0,0,0,0,0,0,0,0,0,0,0,0,0,0,0,0,0,0,0,0,0,0,0,0,0,0,0,
"(org.eclipse.collections.impl.jmh.MinByIntTest.minByQuantity_parallel_lazy_direct_lambda_jdk,6f621e86fd4f388382cb0de86293b8397ef9cda9)",0,0,0,0,0,0,0,0,0,0,0,0,0,0,0,0,0,0,0,0,0,0,0,0,0,0,0,
"(org.eclipse.collections.impl.jmh.set.sorted.SortedSetContainsTest.contains_immutable_scala,6f621e86fd4f388382cb0de86293b8397ef9cda9)",0,0,0,0,0,0,0,0,0,0,0,0,0,0,0,0,0,0,0,0,0,0,0,0,0,0,0,
"(org.eclipse.collections.impl.jmh.IntListJMHTest.sumECPrimitiveLazy,6f621e86fd4f388382cb0de86293b8397ef9cda9)",0,0,0,0,0,0,0,0,0,0,0,0,0,0,0,0,0,0,0,0,0,0,0,0,0,0,0,
"(org.eclipse.collections.impl.jmh.MinTest.serial_lazy_reverse_jdk,6f621e86fd4f388382cb0de86293b8397ef9cda9)",0,0,0,0,0,0,0,0,0,0,0,0,0,0,0,0,0,0,0,0,0,0,0,0,0,0,0,
"(org.eclipse.collections.impl.jmh.MinTest.parallel_lazy_intstream_streams_ec,6f621e86fd4f388382cb0de86293b8397ef9cda9)",0,0,0,0,0,0,0,0,0,0,0,0,0,0,0,0,0,0,0,0,0,0,0,0,0,0,0,
"(org.eclipse.collections.impl.jmh.AggregateByTest.aggregateByCategory_parallel_lazy_ec,6f621e86fd4f388382cb0de86293b8397ef9cda9)",0,0,0,0,0,0,0,0,0,0,0,0,0,0,0,0,0,0,0,0,0,0,0,0,0,0,0,
"(org.eclipse.collections.impl.jmh.CollectorJoiningTest.serial_lazy_collectToStringJoining_ec,6f621e86fd4f388382cb0de86293b8397ef9cda9)",0,0,0,0,0,0,0,0,0,0,0,0,0,0,0,0,0,0,0,0,0,0,0,0,0,0,0,
"(org.eclipse.collections.impl.jmh.MaxTest.parallel_lazy_intstream_streams_ec,6f621e86fd4f388382cb0de86293b8397ef9cda9)",0,0,0,0,0,0,0,0,0,0,0,0,0,0,0,0,0,0,0,0,0,0,0,0,0,0,0,
"(org.eclipse.collections.impl.jmh.AggregateByTest.aggregateByAccount_serial_lazy_jdk,6f621e86fd4f388382cb0de86293b8397ef9cda9)",0,0,0,0,0,0,0,0,0,0,0,0,0,0,0,0,0,0,0,0,0,0,0,0,0,0,0,
"(org.eclipse.collections.impl.jmh.FunctionalInterfaceSetTest.serial_lazy_ec,6f621e86fd4f388382cb0de86293b8397ef9cda9)",0,0,0,0,0,0,0,0,0,0,0,0,0,0,0,0,0,0,0,0,0,0,0,0,0,0,0,
"(org.eclipse.collections.impl.jmh.set.sorted.SortedSetIterationTest.serial_mutable_scala,6f621e86fd4f388382cb0de86293b8397ef9cda9)",0,0,0,0,0,0,0,0,0,0,0,0,0,0,0,0,0,0,0,0,0,0,0,0,0,0,0,
"(org.eclipse.collections.impl.jmh.GroupByListTest.groupBy_10000_keys_serial_lazy_ec,6f621e86fd4f388382cb0de86293b8397ef9cda9)",0,0,0,0,0,0,0,0,0,0,0,0,0,0,0,0,0,0,0,0,0,0,0,0,0,0,0,
"(org.eclipse.collections.impl.jmh.MaxTest.serial_lazy_reverse_streams_ec,6f621e86fd4f388382cb0de86293b8397ef9cda9)",0,0,0,0,0,0,0,0,0,0,0,0,0,0,0,0,0,0,0,0,0,0,0,0,0,0,0,
"(org.eclipse.collections.impl.jmh.IntListJMHTest.sumECParallelEager,6f621e86fd4f388382cb0de86293b8397ef9cda9)",0,0,0,0,0,0,0,0,0,0,0,0,0,0,0,0,0,0,0,0,0,0,0,0,0,0,0,
"(org.eclipse.collections.impl.jmh.AnagramSetTest.parallel_lazy_scala,6f621e86fd4f388382cb0de86293b8397ef9cda9)",0,0,0,0,0,0,0,0,0,0,0,0,0,0,0,0,0,0,0,0,0,0,0,0,0,0,0,
"(org.eclipse.collections.impl.jmh.MaxByDoubleTest.maxByMarketValue_parallel_lazy_direct_methodref_jdk,6f621e86fd4f388382cb0de86293b8397ef9cda9)",0,0,0,0,0,0,0,0,0,0,0,0,0,0,0,0,0,0,0,0,0,0,0,0,0,0,0,
"(org.eclipse.collections.impl.jmh.map.ScalaAnyRefMapGetTest.get,6f621e86fd4f388382cb0de86293b8397ef9cda9)",0,0,0,0,0,0,0,0,0,0,0,0,0,0,0,0,0,0,0,0,0,0,0,0,0,0,0,
"(org.eclipse.collections.impl.jmh.map.ScalaAnyRefMapPutTest.scalaAnyRef,6f621e86fd4f388382cb0de86293b8397ef9cda9)",0,0,0,0,0,0,0,0,0,0,0,0,0,0,0,0,0,0,0,0,0,0,0,0,0,0,0,
"(org.eclipse.collections.impl.jmh.CollectIfTest.serial_eager_ec,6f621e86fd4f388382cb0de86293b8397ef9cda9)",0,0,0,0,0,0,0,0,0,0,0,0,0,0,0,0,0,0,0,0,0,0,0,0,0,0,0,
"(org.eclipse.collections.impl.jmh.AllSatisfyTest.process_all_parallel_lazy_streams_ec,6f621e86fd4f388382cb0de86293b8397ef9cda9)",0,0,0,0,0,0,0,0,0,0,0,0,0,0,0,0,0,0,0,0,0,0,0,0,0,0,0,
"(org.eclipse.collections.impl.jmh.ListAddAllTest.ec,6f621e86fd4f388382cb0de86293b8397ef9cda9)",0,0,0,0,0,0,0,0,0,0,0,0,0,0,0,0,0,0,0,0,0,0,0,0,0,0,0,
"(org.eclipse.collections.impl.jmh.AggregateByTest.aggregateByCategory_parallel_lazy_streams_ec,6f621e86fd4f388382cb0de86293b8397ef9cda9)",0,0,0,0,0,0,0,0,0,0,0,0,0,0,0,0,0,0,0,0,0,0,0,0,0,0,0,
"(org.eclipse.collections.impl.jmh.CountTest.parallel_eager_ec,6f621e86fd4f388382cb0de86293b8397ef9cda9)",0,0,0,0,0,0,0,0,0,0,0,0,0,0,0,0,0,0,0,0,0,0,0,0,0,0,0,
"(org.eclipse.collections.impl.jmh.IntIntMapLargeStressTest.jdkRemove,6f621e86fd4f388382cb0de86293b8397ef9cda9)",0,0,0,0,0,0,0,0,0,0,0,0,0,0,0,0,0,0,0,0,0,0,0,0,0,0,0,
"(org.eclipse.collections.impl.jmh.AggregateByTest.aggregateByCategory_serial_lazy_streams_ec,6f621e86fd4f388382cb0de86293b8397ef9cda9)",0,0,0,0,0,0,0,0,0,0,0,0,0,0,0,0,0,0,0,0,0,0,0,0,0,0,0,
"(org.eclipse.collections.impl.jmh.AnagramSetTest.parallel_eager_forkjoin_ec,6f621e86fd4f388382cb0de86293b8397ef9cda9)",0,0,0,0,0,0,0,0,0,0,0,0,0,0,0,0,0,0,0,0,0,0,0,0,0,0,0,
"(org.eclipse.collections.impl.jmh.MinByIntTest.minByQuantity_parallel_lazy_collect_methodref_jdk,6f621e86fd4f388382cb0de86293b8397ef9cda9)",0,0,0,0,0,0,0,0,0,0,0,0,0,0,0,0,0,0,0,0,0,0,0,0,0,0,0,
"(org.eclipse.collections.impl.jmh.AggregateByTest.aggregateByAccount_serial_lazy_streams_ec,6f621e86fd4f388382cb0de86293b8397ef9cda9)",0,0,0,0,0,0,0,0,0,0,0,0,0,0,0,0,0,0,0,0,0,0,0,0,0,0,0,
"(org.eclipse.collections.impl.jmh.IntListJMHTest.mapJDKBoxedParallelStream,6f621e86fd4f388382cb0de86293b8397ef9cda9)",0,0,0,0,0,0,0,0,0,0,0,0,0,0,0,0,0,0,0,0,0,0,0,0,0,0,0,
"(org.eclipse.collections.impl.jmh.GroupBySetTest.groupBy_2_keys_serial_eager_ec,6f621e86fd4f388382cb0de86293b8397ef9cda9)",0,0,0,0,0,0,0,0,0,0,0,0,0,0,0,0,0,0,0,0,0,0,0,0,0,0,0,
"(org.eclipse.collections.impl.jmh.GroupByListTest.groupBy_10000_keys_serial_lazy_jdk,6f621e86fd4f388382cb0de86293b8397ef9cda9)",0,0,0,0,0,0,0,0,0,0,0,0,0,0,0,0,0,0,0,0,0,0,0,0,0,0,0,
"(org.eclipse.collections.impl.jmh.GroupByListTest.groupBy_2_keys_serial_eager_ec,6f621e86fd4f388382cb0de86293b8397ef9cda9)",0,0,0,0,0,0,0,0,0,0,0,0,0,0,0,0,0,0,0,0,0,0,0,0,0,0,0,
"(org.eclipse.collections.impl.jmh.GroupBySetTest.groupBy_unordered_lists_2_keys_serial_lazy_ec,6f621e86fd4f388382cb0de86293b8397ef9cda9)",0,0,0,0,0,0,0,0,0,0,0,0,0,0,0,0,0,0,0,0,0,0,0,0,0,0,0,
"(org.eclipse.collections.impl.jmh.MaxTest.serial_lazy_intstream_streams_ec,6f621e86fd4f388382cb0de86293b8397ef9cda9)",0,0,0,0,0,0,0,0,0,0,0,0,0,0,0,0,0,0,0,0,0,0,0,0,0,0,0,
"(org.eclipse.collections.impl.jmh.AllSatisfyTest.process_all_serial_lazy_ec,6f621e86fd4f388382cb0de86293b8397ef9cda9)",0,0,0,0,0,0,0,0,0,0,0,0,0,0,0,0,0,0,0,0,0,0,0,0,0,0,0,
"(org.eclipse.collections.impl.jmh.IntIntMapLargeStressTest.kolobokeGet,6f621e86fd4f388382cb0de86293b8397ef9cda9)",0,0,0,0,0,0,0,0,0,0,0,0,0,0,0,0,0,0,0,0,0,0,0,0,0,0,0,
"(org.eclipse.collections.impl.jmh.GroupByListTest.groupBy_10000_keys_serial_eager_guava,6f621e86fd4f388382cb0de86293b8397ef9cda9)",0,0,0,0,0,0,0,0,0,0,0,0,0,0,0,0,0,0,0,0,0,0,0,0,0,0,0,
"(org.eclipse.collections.impl.jmh.LongLongMapSmallStressTest.ecPut,6f621e86fd4f388382cb0de86293b8397ef9cda9)",0,0,0,0,0,0,0,0,0,0,0,0,0,0,0,0,0,0,0,0,0,0,0,0,0,0,0,
"(org.eclipse.collections.impl.jmh.GroupByListTest.groupBy_100_keys_serial_lazy_streams_ec,6f621e86fd4f388382cb0de86293b8397ef9cda9)",0,0,0,0,0,0,0,0,0,0,0,0,0,0,0,0,0,0,0,0,0,0,0,0,0,0,0,
"(org.eclipse.collections.impl.jmh.AllSatisfyTest.short_circuit_middle_serial_lazy_jdk,6f621e86fd4f388382cb0de86293b8397ef9cda9)",0,0,0,0,0,0,0,0,0,0,0,0,0,0,0,0,0,0,0,0,0,0,0,0,0,0,0,
"(org.eclipse.collections.impl.jmh.MaxByIntTest.maxByQuantity_serial_lazy_ec,6f621e86fd4f388382cb0de86293b8397ef9cda9)",0,0,0,0,0,0,0,0,0,0,0,0,0,0,0,0,0,0,0,0,0,0,0,0,0,0,0,
"(org.eclipse.collections.impl.jmh.IntListJMHTest.mapJDKIntStream,6f621e86fd4f388382cb0de86293b8397ef9cda9)",0,0,0,0,0,0,0,0,0,0,0,0,0,0,0,0,0,0,0,0,0,0,0,0,0,0,0,
"(org.eclipse.collections.impl.jmh.MinByIntTest.minByQuantity_parallel_lazy_direct_methodref_jdk,6f621e86fd4f388382cb0de86293b8397ef9cda9)",0,0,0,0,0,0,0,0,0,0,0,0,0,0,0,0,0,0,0,0,0,0,0,0,0,0,0,
"(org.eclipse.collections.impl.jmh.GroupByListTest.groupBy_2_keys_serial_lazy_streams_ec,6f621e86fd4f388382cb0de86293b8397ef9cda9)",0,0,0,0,0,0,0,0,0,0,0,0,0,0,0,0,0,0,0,0,0,0,0,0,0,0,0,
"(org.eclipse.collections.impl.jmh.AggregateByTest.aggregateInPlaceByProduct_parallel_lazy_ec,6f621e86fd4f388382cb0de86293b8397ef9cda9)",0,0,0,0,0,0,0,0,0,0,0,0,0,0,0,0,0,0,0,0,0,0,0,0,0,0,0,
"(org.eclipse.collections.impl.jmh.CollectIfTest.serial_lazy_jdk,6f621e86fd4f388382cb0de86293b8397ef9cda9)",0,0,0,0,0,0,0,0,0,0,0,0,0,0,0,0,0,0,0,0,0,0,0,0,0,0,0,
"(org.eclipse.collections.impl.jmh.AnagramListTest.serial_eager_ec,6f621e86fd4f388382cb0de86293b8397ef9cda9)",0,0,0,0,0,0,0,0,0,0,0,0,0,0,0,0,0,0,0,0,0,0,0,0,0,0,0,
"(org.eclipse.collections.impl.jmh.SumOfIntTest.parallel_lazy_mapToLongSum_streams_ec,6f621e86fd4f388382cb0de86293b8397ef9cda9)",0,0,0,0,0,0,0,0,0,0,0,0,0,0,0,0,0,0,0,0,0,0,0,0,0,0,0,
"(org.eclipse.collections.impl.jmh.CollectIfTest.parallel_eager_ec,6f621e86fd4f388382cb0de86293b8397ef9cda9)",0,0,0,0,0,0,0,0,0,0,0,0,0,0,0,0,0,0,0,0,0,0,0,0,0,0,0,
"(org.eclipse.collections.impl.jmh.IntIntMapSmallStressTest.jdkGet,6f621e86fd4f388382cb0de86293b8397ef9cda9)",0,0,0,0,0,0,0,0,0,0,0,0,0,0,0,0,0,0,0,0,0,0,0,0,0,0,0,
"(org.eclipse.collections.impl.jmh.IntListJMHTest.filterMapSumECOptimizedParallelLazy,6f621e86fd4f388382cb0de86293b8397ef9cda9)",0,0,0,0,0,0,0,0,0,0,0,0,0,0,0,0,0,0,0,0,0,0,0,0,0,0,0,
"(org.eclipse.collections.impl.jmh.IntListJMHTest.filterMapSumECOptimizedParallelEager,6f621e86fd4f388382cb0de86293b8397ef9cda9)",0,0,0,0,0,0,0,0,0,0,0,0,0,0,0,0,0,0,0,0,0,0,0,0,0,0,0,
"(org.eclipse.collections.impl.jmh.IntIntMapTest.remove,6f621e86fd4f388382cb0de86293b8397ef9cda9)",0,0,0,0,0,0,0,0,0,0,0,0,0,0,0,0,0,0,0,0,0,0,0,0,0,0,0,
"(org.eclipse.collections.impl.jmh.AnagramSetTest.serial_eager_scala,6f621e86fd4f388382cb0de86293b8397ef9cda9)",0,0,0,0,0,0,0,0,0,0,0,0,0,0,0,0,0,0,0,0,0,0,0,0,0,0,0,
"(org.eclipse.collections.impl.jmh.IntListJMHTest.sumECParallelLazy,6f621e86fd4f388382cb0de86293b8397ef9cda9)",0,0,0,0,0,0,0,0,0,0,0,0,0,0,0,0,0,0,0,0,0,0,0,0,0,0,0,
"(org.eclipse.collections.impl.jmh.CountTest.serial_eager_scala,6f621e86fd4f388382cb0de86293b8397ef9cda9)",0,0,0,0,0,0,0,0,0,0,0,0,0,0,0,0,0,0,0,0,0,0,0,0,0,0,0,
"(org.eclipse.collections.impl.jmh.AnagramListTest.parallel_eager_ec,6f621e86fd4f388382cb0de86293b8397ef9cda9)",0,0,0,0,0,0,0,0,0,0,0,0,0,0,0,0,0,0,0,0,0,0,0,0,0,0,0,
"(org.eclipse.collections.impl.jmh.LongLongMapLargeStressTest.kolobokeRemove,6f621e86fd4f388382cb0de86293b8397ef9cda9)",0,0,0,0,0,0,0,0,0,0,0,0,0,0,0,0,0,0,0,0,0,0,0,0,0,0,0,
"(org.eclipse.collections.impl.jmh.map.ScalaMutableMapGetTest.get,6f621e86fd4f388382cb0de86293b8397ef9cda9)",0,0,0,0,0,0,0,0,0,0,0,0,0,0,0,0,0,0,0,0,0,0,0,0,0,0,0,
"(org.eclipse.collections.impl.jmh.list.ListIterationTest.parallel_mutable_ec,6f621e86fd4f388382cb0de86293b8397ef9cda9)",0,0,0,0,0,0,0,0,0,0,0,0,0,0,0,0,0,0,0,0,0,0,0,0,0,0,0,
"(org.eclipse.collections.impl.jmh.SumOfIntTest.parallel_lazy_sumOfInt_ec,6f621e86fd4f388382cb0de86293b8397ef9cda9)",0,0,0,0,0,0,0,0,0,0,0,0,0,0,0,0,0,0,0,0,0,0,0,0,0,0,0,
"(org.eclipse.collections.impl.jmh.AggregateByTest.aggregateByCategory_parallel_eager_ec,6f621e86fd4f388382cb0de86293b8397ef9cda9)",0,0,0,0,0,0,0,0,0,0,0,0,0,0,0,0,0,0,0,0,0,0,0,0,0,0,0,
"(org.eclipse.collections.impl.jmh.AggregateByTest.aggregateInPlaceByCategory_parallel_lazy_ec,6f621e86fd4f388382cb0de86293b8397ef9cda9)",0,0,0,0,0,0,0,0,0,0,0,0,0,0,0,0,0,0,0,0,0,0,0,0,0,0,0,
"(org.eclipse.collections.impl.jmh.IntListJMHTest.mapECParallelLazy,6f621e86fd4f388382cb0de86293b8397ef9cda9)",0,0,0,0,0,0,0,0,0,0,0,0,0,0,0,0,0,0,0,0,0,0,0,0,0,0,0,
"(org.eclipse.collections.impl.jmh.AllSatisfyTest.process_all_parallel_lazy_jdk,6f621e86fd4f388382cb0de86293b8397ef9cda9)",0,0,0,0,0,0,0,0,0,0,0,0,0,0,0,0,0,0,0,0,0,0,0,0,0,0,0,
"(org.eclipse.collections.impl.jmh.LongLongMapSmallStressTest.ecGet,6f621e86fd4f388382cb0de86293b8397ef9cda9)",0,0,0,0,0,0,0,0,0,0,0,0,0,0,0,0,0,0,0,0,0,0,0,0,0,0,0,
"(org.eclipse.collections.impl.jmh.SumOfIntTest.serial_lazy_mapToIntSum_jdk,6f621e86fd4f388382cb0de86293b8397ef9cda9)",0,0,0,0,0,0,0,0,0,0,0,0,0,0,0,0,0,0,0,0,0,0,0,0,0,0,0,
"(org.eclipse.collections.impl.jmh.FlatCollectTest.serial_eager_ec,6f621e86fd4f388382cb0de86293b8397ef9cda9)",0,0,0,0,0,0,0,0,0,0,0,0,0,0,0,0,0,0,0,0,0,0,0,0,0,0,0,
"(org.eclipse.collections.impl.jmh.GroupBySetTest.groupBy_100_keys_parallel_lazy_streams_ec,6f621e86fd4f388382cb0de86293b8397ef9cda9)",0,0,0,0,0,0,0,0,0,0,0,0,0,0,0,0,0,0,0,0,0,0,0,0,0,0,0,
"(org.eclipse.collections.impl.jmh.CountSetTest.serial_eager_ec,6f621e86fd4f388382cb0de86293b8397ef9cda9)",0,0,0,0,0,0,0,0,0,0,0,0,0,0,0,0,0,0,0,0,0,0,0,0,0,0,0,
"(org.eclipse.collections.impl.jmh.CountSetTest.serial_lazy_streams_ec,6f621e86fd4f388382cb0de86293b8397ef9cda9)",0,0,0,0,0,0,0,0,0,0,0,0,0,0,0,0,0,0,0,0,0,0,0,0,0,0,0,
"(org.eclipse.collections.impl.jmh.MinByDoubleTest.minByMarketValue_parallel_lazy_ec,6f621e86fd4f388382cb0de86293b8397ef9cda9)",0,0,0,0,0,0,0,0,0,0,0,0,0,0,0,0,0,0,0,0,0,0,0,0,0,0,0,
"(org.eclipse.collections.impl.jmh.AnagramBagTest.parallel_lazy_streams_ec,6f621e86fd4f388382cb0de86293b8397ef9cda9)",0,0,0,0,0,0,0,0,0,0,0,0,0,0,0,0,0,0,0,0,0,0,0,0,0,0,0,
"(org.eclipse.collections.impl.jmh.MaxByIntTest.maxByQuantity_serial_lazy_direct_methodref_jdk,6f621e86fd4f388382cb0de86293b8397ef9cda9)",0,0,0,0,0,0,0,0,0,0,0,0,0,0,0,0,0,0,0,0,0,0,0,0,0,0,0,
"(org.eclipse.collections.impl.jmh.LongLongMapLargeStressTest.ecGet,6f621e86fd4f388382cb0de86293b8397ef9cda9)",0,0,0,0,0,0,0,0,0,0,0,0,0,0,0,0,0,0,0,0,0,0,0,0,0,0,0,
"(org.eclipse.collections.impl.jmh.MaxByIntTest.maxByQuantity_serial_lazy_collect_methodref_jdk,6f621e86fd4f388382cb0de86293b8397ef9cda9)",0,0,0,0,0,0,0,0,0,0,0,0,0,0,0,0,0,0,0,0,0,0,0,0,0,0,0,
"(org.eclipse.collections.impl.jmh.SetAddAllTest.ec,6f621e86fd4f388382cb0de86293b8397ef9cda9)",0,0,0,0,0,0,0,0,0,0,0,0,0,0,0,0,0,0,0,0,0,0,0,0,0,0,0,
"(org.eclipse.collections.impl.jmh.CollectTest.serial_lazy_streams_ec,6f621e86fd4f388382cb0de86293b8397ef9cda9)",0,0,0,0,0,0,0,0,0,0,0,0,0,0,0,0,0,0,0,0,0,0,0,0,0,0,0,
"(org.eclipse.collections.impl.jmh.IntListJMHTest.sumJDKBoxedParallelStream,6f621e86fd4f388382cb0de86293b8397ef9cda9)",0,0,0,0,0,0,0,0,0,0,0,0,0,0,0,0,0,0,0,0,0,0,0,0,0,0,0,
"(org.eclipse.collections.impl.jmh.LongLongMapLargeStressTest.kolobokeGet,6f621e86fd4f388382cb0de86293b8397ef9cda9)",0,0,0,0,0,0,0,0,0,0,0,0,0,0,0,0,0,0,0,0,0,0,0,0,0,0,0,
"(org.eclipse.collections.impl.jmh.SumByDoubleTest.sumByProduct_serial_lazy_streams_ec,6f621e86fd4f388382cb0de86293b8397ef9cda9)",0,0,0,0,0,0,0,0,0,0,0,0,0,0,0,0,0,0,0,0,0,0,0,0,0,0,0,
"(org.eclipse.collections.impl.jmh.MinTest.serial_lazy_ec,6f621e86fd4f388382cb0de86293b8397ef9cda9)",0,0,0,0,0,0,0,0,0,0,0,0,0,0,0,0,0,0,0,0,0,0,0,0,0,0,0,
"(org.eclipse.collections.impl.jmh.set.sorted.SortedSetIterationTest.parallel_mutable_scala,6f621e86fd4f388382cb0de86293b8397ef9cda9)",0,0,0,0,0,0,0,0,0,0,0,0,0,0,0,0,0,0,0,0,0,0,0,0,0,0,0,
"(org.eclipse.collections.impl.jmh.CountTest.serial_lazy_jdk,6f621e86fd4f388382cb0de86293b8397ef9cda9)",0,0,0,0,0,0,0,0,0,0,0,0,0,0,0,0,0,0,0,0,0,0,0,0,0,0,0,
"(org.eclipse.collections.impl.jmh.CountTest.serial_lazy_streams_ec,6f621e86fd4f388382cb0de86293b8397ef9cda9)",0,0,0,0,0,0,0,0,0,0,0,0,0,0,0,0,0,0,0,0,0,0,0,0,0,0,0,
"(org.eclipse.collections.impl.jmh.AggregateByTest.aggregateByProduct_serial_lazy_jdk,6f621e86fd4f388382cb0de86293b8397ef9cda9)",0,0,0,0,0,0,0,0,0,0,0,0,0,0,0,0,0,0,0,0,0,0,0,0,0,0,0,
"(org.eclipse.collections.impl.jmh.AnagramSetTest.parallel_lazy_streams_ec,6f621e86fd4f388382cb0de86293b8397ef9cda9)",0,0,0,0,0,0,0,0,0,0,0,0,0,0,0,0,0,0,0,0,0,0,0,0,0,0,0,
"(org.eclipse.collections.impl.jmh.RejectTest.serial_eager_ec,6f621e86fd4f388382cb0de86293b8397ef9cda9)",0,0,0,0,0,0,0,0,0,0,0,0,0,0,0,0,0,0,0,0,0,0,0,0,0,0,0,
"(org.eclipse.collections.impl.jmh.AnagramSetTest.serial_lazy_jdk,6f621e86fd4f388382cb0de86293b8397ef9cda9)",0,0,0,0,0,0,0,0,0,0,0,0,0,0,0,0,0,0,0,0,0,0,0,0,0,0,0,
"(org.eclipse.collections.impl.jmh.SumByDoubleTest.sumByProduct_serial_eager_ec,6f621e86fd4f388382cb0de86293b8397ef9cda9)",0,0,0,0,0,0,0,0,0,0,0,0,0,0,0,0,0,0,0,0,0,0,0,0,0,0,0,
"(org.eclipse.collections.impl.jmh.MaxTest.parallel_lazy_reverse_jdk,6f621e86fd4f388382cb0de86293b8397ef9cda9)",0,0,0,0,0,0,0,0,0,0,0,0,0,0,0,0,0,0,0,0,0,0,0,0,0,0,0,
"(org.eclipse.collections.impl.jmh.CollectIfTest.parallel_lazy_ec,6f621e86fd4f388382cb0de86293b8397ef9cda9)",0,0,0,0,0,0,0,0,0,0,0,0,0,0,0,0,0,0,0,0,0,0,0,0,0,0,0,
"(org.eclipse.collections.impl.jmh.SumOfIntTest.serial_eager_directSumOfInt_ec,6f621e86fd4f388382cb0de86293b8397ef9cda9)",0,0,0,0,0,0,0,0,0,0,0,0,0,0,0,0,0,0,0,0,0,0,0,0,0,0,0,
"(org.eclipse.collections.impl.jmh.map.EcImmutableMapGetTest.get,6f621e86fd4f388382cb0de86293b8397ef9cda9)",0,0,0,0,0,0,0,0,0,0,0,0,0,0,0,0,0,0,0,0,0,0,0,0,0,0,0,
"(org.eclipse.collections.impl.jmh.MaxTest.parallel_lazy_reverse_streams_ec,6f621e86fd4f388382cb0de86293b8397ef9cda9)",0,0,0,0,0,0,0,0,0,0,0,0,0,0,0,0,0,0,0,0,0,0,0,0,0,0,0,
"(org.eclipse.collections.impl.jmh.IntListJMHTest.filterJDKIntStream,6f621e86fd4f388382cb0de86293b8397ef9cda9)",0,0,0,0,0,0,0,0,0,0,0,0,0,0,0,0,0,0,0,0,0,0,0,0,0,0,0,
"(org.eclipse.collections.impl.jmh.map.MapGrowthTest.mutableScalaPut,6f621e86fd4f388382cb0de86293b8397ef9cda9)",0,0,0,0,0,0,0,0,0,0,0,0,0,0,0,0,0,0,0,0,0,0,0,0,0,0,0,
"(org.eclipse.collections.impl.jmh.AllSatisfyTest.short_circuit_middle_parallel_lazy_streams_ec,6f621e86fd4f388382cb0de86293b8397ef9cda9)",0,0,0,0,0,0,0,0,0,0,0,0,0,0,0,0,0,0,0,0,0,0,0,0,0,0,0,
"(org.eclipse.collections.impl.jmh.AllSatisfyTest.short_circuit_middle_serial_lazy_ec,6f621e86fd4f388382cb0de86293b8397ef9cda9)",0,0,0,0,0,0,0,0,0,0,0,0,0,0,0,0,0,0,0,0,0,0,0,0,0,0,0,
"(org.eclipse.collections.impl.jmh.SumByBigDecimalTest.sumByBigDecimalAccount_parallel_eager_ec,6f621e86fd4f388382cb0de86293b8397ef9cda9)",0,0,0,0,0,0,0,0,0,0,0,0,0,0,0,0,0,0,0,0,0,0,0,0,0,0,0,
"(org.eclipse.collections.impl.jmh.FunctionalInterfaceTest.serial_lazy_scala,6f621e86fd4f388382cb0de86293b8397ef9cda9)",0,0,0,0,0,0,0,0,0,0,0,0,0,0,0,0,0,0,0,0,0,0,0,0,0,0,0,
"(org.eclipse.collections.impl.jmh.SumOfIntTest.parallel_lazy_mapToLongSum_jdk,6f621e86fd4f388382cb0de86293b8397ef9cda9)",0,0,0,0,0,0,0,0,0,0,0,0,0,0,0,0,0,0,0,0,0,0,0,0,0,0,0,
"(org.eclipse.collections.impl.jmh.CountSetTest.serial_lazy_jdk,6f621e86fd4f388382cb0de86293b8397ef9cda9)",0,0,0,0,0,0,0,0,0,0,0,0,0,0,0,0,0,0,0,0,0,0,0,0,0,0,0,
"(org.eclipse.collections.impl.jmh.FunctionalInterfaceTest.parallel_eager_ec_hand_coded,6f621e86fd4f388382cb0de86293b8397ef9cda9)",0,0,0,0,0,0,0,0,0,0,0,0,0,0,0,0,0,0,0,0,0,0,0,0,0,0,0,
"(org.eclipse.collections.impl.jmh.AggregateByTest.aggregateByAccount_parallel_lazy_jdk,6f621e86fd4f388382cb0de86293b8397ef9cda9)",0,0,0,0,0,0,0,0,0,0,0,0,0,0,0,0,0,0,0,0,0,0,0,0,0,0,0,
"(org.eclipse.collections.impl.jmh.CollectorJoiningTest.parallel_lazy_mapToStringJoining_ec,6f621e86fd4f388382cb0de86293b8397ef9cda9)",0,0,0,0,0,0,0,0,0,0,0,0,0,0,0,0,0,0,0,0,0,0,0,0,0,0,0,
"(org.eclipse.collections.impl.jmh.AnySatisfyTest.short_circuit_middle_parallel_lazy_streams_ec,6f621e86fd4f388382cb0de86293b8397ef9cda9)",0,0,0,0,0,0,0,0,0,0,0,0,0,0,0,0,0,0,0,0,0,0,0,0,0,0,0,
"(org.eclipse.collections.impl.jmh.CountTest.serial_eager_ec,6f621e86fd4f388382cb0de86293b8397ef9cda9)",0,0,0,0,0,0,0,0,0,0,0,0,0,0,0,0,0,0,0,0,0,0,0,0,0,0,0,
"(org.eclipse.collections.impl.jmh.MaxByIntTest.maxByQuantity_parallel_lazy_direct_methodref_jdk,6f621e86fd4f388382cb0de86293b8397ef9cda9)",0,0,0,0,0,0,0,0,0,0,0,0,0,0,0,0,0,0,0,0,0,0,0,0,0,0,0,
"(org.eclipse.collections.impl.jmh.AnySatisfyTest.process_all_parallel_lazy_scala,6f621e86fd4f388382cb0de86293b8397ef9cda9)",0,0,0,0,0,0,0,0,0,0,0,0,0,0,0,0,0,0,0,0,0,0,0,0,0,0,0,
"(org.eclipse.collections.impl.jmh.MinTest.serial_lazy_reverse_ec,6f621e86fd4f388382cb0de86293b8397ef9cda9)",0,0,0,0,0,0,0,0,0,0,0,0,0,0,0,0,0,0,0,0,0,0,0,0,0,0,0,
"(org.eclipse.collections.impl.jmh.NoneSatisfyTest.process_none_serial_lazy_ec,6f621e86fd4f388382cb0de86293b8397ef9cda9)",0,0,0,0,0,0,0,0,0,0,0,0,0,0,0,0,0,0,0,0,0,0,0,0,0,0,0,
"(org.eclipse.collections.impl.jmh.SummarizeIntTest.serial_eager_collectIntSummaryStatistics_ec,6f621e86fd4f388382cb0de86293b8397ef9cda9)",0,0,0,0,0,0,0,0,0,0,0,0,0,0,0,0,0,0,0,0,0,0,0,0,0,0,0,
"(org.eclipse.collections.impl.jmh.MaxByIntTest.maxByQuantity_parallel_lazy_ec,6f621e86fd4f388382cb0de86293b8397ef9cda9)",0,0,0,0,0,0,0,0,0,0,0,0,0,0,0,0,0,0,0,0,0,0,0,0,0,0,0,
"(org.eclipse.collections.impl.jmh.MinByDoubleTest.minByMarketValue_parallel_lazy_collect_lambda_jdk,6f621e86fd4f388382cb0de86293b8397ef9cda9)",0,0,0,0,0,0,0,0,0,0,0,0,0,0,0,0,0,0,0,0,0,0,0,0,0,0,0,
"(org.eclipse.collections.impl.jmh.MinByDoubleTest.minByMarketValue_serial_lazy_direct_lambda_jdk,6f621e86fd4f388382cb0de86293b8397ef9cda9)",0,0,0,0,0,0,0,0,0,0,0,0,0,0,0,0,0,0,0,0,0,0,0,0,0,0,0,
"(org.eclipse.collections.impl.jmh.MinTest.parallel_lazy_reverse_streams_ec,6f621e86fd4f388382cb0de86293b8397ef9cda9)",0,0,0,0,0,0,0,0,0,0,0,0,0,0,0,0,0,0,0,0,0,0,0,0,0,0,0,
"(org.eclipse.collections.impl.jmh.RejectTest.serial_lazy_jdk_lambda_negate,6f621e86fd4f388382cb0de86293b8397ef9cda9)",0,0,0,0,0,0,0,0,0,0,0,0,0,0,0,0,0,0,0,0,0,0,0,0,0,0,0,
"(org.eclipse.collections.impl.jmh.RejectTest.serial_eager_ec_select_predicates_not,6f621e86fd4f388382cb0de86293b8397ef9cda9)",0,0,0,0,0,0,0,0,0,0,0,0,0,0,0,0,0,0,0,0,0,0,0,0,0,0,0,
"(org.eclipse.collections.impl.jmh.SumByBigDecimalTest.sumByBigDecimalProduct_serial_eager_ec,6f621e86fd4f388382cb0de86293b8397ef9cda9)",0,0,0,0,0,0,0,0,0,0,0,0,0,0,0,0,0,0,0,0,0,0,0,0,0,0,0,
"(org.eclipse.collections.impl.jmh.MinByIntTest.minByQuantity_serial_eager_ec,6f621e86fd4f388382cb0de86293b8397ef9cda9)",0,0,0,0,0,0,0,0,0,0,0,0,0,0,0,0,0,0,0,0,0,0,0,0,0,0,0,
"(org.eclipse.collections.impl.jmh.LongIntMapTest.presizedPut,6f621e86fd4f388382cb0de86293b8397ef9cda9)",0,0,0,0,0,0,0,0,0,0,0,0,0,0,0,0,0,0,0,0,0,0,0,0,0,0,0,
"(org.eclipse.collections.impl.jmh.IntListJMHTest.filterMapSumECParallelLazy,6f621e86fd4f388382cb0de86293b8397ef9cda9)",0,0,0,0,0,0,0,0,0,0,0,0,0,0,0,0,0,0,0,0,0,0,0,0,0,0,0,
"(org.eclipse.collections.impl.jmh.MinTest.parallel_lazy_jdk,6f621e86fd4f388382cb0de86293b8397ef9cda9)",0,0,0,0,0,0,0,0,0,0,0,0,0,0,0,0,0,0,0,0,0,0,0,0,0,0,0,
"(org.eclipse.collections.impl.jmh.AnagramBagTest.serial_lazy_jdk,6f621e86fd4f388382cb0de86293b8397ef9cda9)",0,0,0,0,0,0,0,0,0,0,0,0,0,0,0,0,0,0,0,0,0,0,0,0,0,0,0,
"(org.eclipse.collections.impl.jmh.GroupByListTest.groupBy_10000_keys_serial_eager_scala,6f621e86fd4f388382cb0de86293b8397ef9cda9)",0,0,0,0,0,0,0,0,0,0,0,0,0,0,0,0,0,0,0,0,0,0,0,0,0,0,0,
"(org.eclipse.collections.impl.jmh.GroupBySetTest.groupBy_2_keys_serial_lazy_streams_ec,6f621e86fd4f388382cb0de86293b8397ef9cda9)",0,0,0,0,0,0,0,0,0,0,0,0,0,0,0,0,0,0,0,0,0,0,0,0,0,0,0,
"(org.eclipse.collections.impl.jmh.IntIntMapLargeStressTest.jdkPut,6f621e86fd4f388382cb0de86293b8397ef9cda9)",0,0,0,0,0,0,0,0,0,0,0,0,0,0,0,0,0,0,0,0,0,0,0,0,0,0,0,
"(org.eclipse.collections.impl.jmh.MaxTest.serial_eager_reverse_ec,6f621e86fd4f388382cb0de86293b8397ef9cda9)",0,0,0,0,0,0,0,0,0,0,0,0,0,0,0,0,0,0,0,0,0,0,0,0,0,0,0,
"(org.eclipse.collections.impl.jmh.FunctionalInterfaceTest.serial_lazy_jdk,6f621e86fd4f388382cb0de86293b8397ef9cda9)",0,0,0,0,0,0,0,0,0,0,0,0,0,0,0,0,0,0,0,0,0,0,0,0,0,0,0,
"(org.eclipse.collections.impl.jmh.IntIntMapLargeStressTest.ecPut,6f621e86fd4f388382cb0de86293b8397ef9cda9)",0,0,0,0,0,0,0,0,0,0,0,0,0,0,0,0,0,0,0,0,0,0,0,0,0,0,0,
"(org.eclipse.collections.impl.jmh.SumOfDoubleTest.serial_eager_collectDoubleSum_ec,6f621e86fd4f388382cb0de86293b8397ef9cda9)",0,0,0,0,0,0,0,0,0,0,0,0,0,0,0,0,0,0,0,0,0,0,0,0,0,0,0,
"(org.eclipse.collections.impl.jmh.SelectTest.serial_lazy_streams_ec,6f621e86fd4f388382cb0de86293b8397ef9cda9)",0,0,0,0,0,0,0,0,0,0,0,0,0,0,0,0,0,0,0,0,0,0,0,0,0,0,0,
"(org.eclipse.collections.impl.jmh.MaxTest.serial_lazy_reverse_jdk,6f621e86fd4f388382cb0de86293b8397ef9cda9)",0,0,0,0,0,0,0,0,0,0,0,0,0,0,0,0,0,0,0,0,0,0,0,0,0,0,0,
"(org.eclipse.collections.impl.jmh.CollectTest.parallel_eager_fixed_pool_ec,6f621e86fd4f388382cb0de86293b8397ef9cda9)",0,0,0,0,0,0,0,0,0,0,0,0,0,0,0,0,0,0,0,0,0,0,0,0,0,0,0,
"(org.eclipse.collections.impl.jmh.AnySatisfyTest.short_circuit_middle_serial_lazy_jdk,6f621e86fd4f388382cb0de86293b8397ef9cda9)",0,0,0,0,0,0,0,0,0,0,0,0,0,0,0,0,0,0,0,0,0,0,0,0,0,0,0,
"(org.eclipse.collections.impl.jmh.IntListJMHTest.filterMapSumECBoxedLazy,6f621e86fd4f388382cb0de86293b8397ef9cda9)",0,0,0,0,0,0,0,0,0,0,0,0,0,0,0,0,0,0,0,0,0,0,0,0,0,0,0,
"(org.eclipse.collections.impl.jmh.BagAddAllTest.guava,6f621e86fd4f388382cb0de86293b8397ef9cda9)",0,0,0,0,0,0,0,0,0,0,0,0,0,0,0,0,0,0,0,0,0,0,0,0,0,0,0,
"(org.eclipse.collections.impl.jmh.SelectTest.serial_eager_ec,6f621e86fd4f388382cb0de86293b8397ef9cda9)",0,0,0,0,0,0,0,0,0,0,0,0,0,0,0,0,0,0,0,0,0,0,0,0,0,0,0,
"(org.eclipse.collections.impl.jmh.list.ListIterationTest.serial_mutable_ec,6f621e86fd4f388382cb0de86293b8397ef9cda9)",0,0,0,0,0,0,0,0,0,0,0,0,0,0,0,0,0,0,0,0,0,0,0,0,0,0,0,
"(org.eclipse.collections.impl.jmh.AnySatisfyTest.process_all_parallel_lazy_jdk,6f621e86fd4f388382cb0de86293b8397ef9cda9)",0,0,0,0,0,0,0,0,0,0,0,0,0,0,0,0,0,0,0,0,0,0,0,0,0,0,0,
"(org.eclipse.collections.impl.jmh.set.sorted.SortedSetIterationTest.parallel_immutable_scala,6f621e86fd4f388382cb0de86293b8397ef9cda9)",0,0,0,0,0,0,0,0,0,0,0,0,0,0,0,0,0,0,0,0,0,0,0,0,0,0,0,
"(org.eclipse.collections.impl.jmh.NoneSatisfyTest.process_all_parallel_lazy_ec,6f621e86fd4f388382cb0de86293b8397ef9cda9)",0,0,0,0,0,0,0,0,0,0,0,0,0,0,0,0,0,0,0,0,0,0,0,0,0,0,0,
"(org.eclipse.collections.impl.jmh.CollectTest.serial_lazy_scala,6f621e86fd4f388382cb0de86293b8397ef9cda9)",0,0,0,0,0,0,0,0,0,0,0,0,0,0,0,0,0,0,0,0,0,0,0,0,0,0,0,
"(org.eclipse.collections.impl.jmh.IntListJMHTest.filterECPrimitiveLazy,6f621e86fd4f388382cb0de86293b8397ef9cda9)",0,0,0,0,0,0,0,0,0,0,0,0,0,0,0,0,0,0,0,0,0,0,0,0,0,0,0,
"(org.eclipse.collections.impl.jmh.IntListJMHTest.sumECBoxedLazy,6f621e86fd4f388382cb0de86293b8397ef9cda9)",0,0,0,0,0,0,0,0,0,0,0,0,0,0,0,0,0,0,0,0,0,0,0,0,0,0,0,
"(org.eclipse.collections.impl.jmh.AllSatisfyTest.short_circuit_middle_serial_eager_ec,6f621e86fd4f388382cb0de86293b8397ef9cda9)",0,0,0,0,0,0,0,0,0,0,0,0,0,0,0,0,0,0,0,0,0,0,0,0,0,0,0,
"(org.eclipse.collections.impl.jmh.MaxByDoubleTest.maxByMarketValue_serial_lazy_direct_methodref_jdk,6f621e86fd4f388382cb0de86293b8397ef9cda9)",0,0,0,0,0,0,0,0,0,0,0,0,0,0,0,0,0,0,0,0,0,0,0,0,0,0,0,
"(org.eclipse.collections.impl.jmh.AggregateByTest.aggregateByProduct_parallel_lazy_streams_ec,6f621e86fd4f388382cb0de86293b8397ef9cda9)",0,0,0,0,0,0,0,0,0,0,0,0,0,0,0,0,0,0,0,0,0,0,0,0,0,0,0,
"(org.eclipse.collections.impl.jmh.SelectTest.parallel_lazy_ec,6f621e86fd4f388382cb0de86293b8397ef9cda9)",0,0,0,0,0,0,0,0,0,0,0,0,0,0,0,0,0,0,0,0,0,0,0,0,0,0,0,
"(org.eclipse.collections.impl.jmh.AnagramBagTest.serial_eager_ec,6f621e86fd4f388382cb0de86293b8397ef9cda9)",0,0,0,0,0,0,0,0,0,0,0,0,0,0,0,0,0,0,0,0,0,0,0,0,0,0,0,
"(org.eclipse.collections.impl.jmh.AnagramSetTest.parallel_eager_ec,6f621e86fd4f388382cb0de86293b8397ef9cda9)",0,0,0,0,0,0,0,0,0,0,0,0,0,0,0,0,0,0,0,0,0,0,0,0,0,0,0,
"(org.eclipse.collections.impl.jmh.CollectorJoiningTest.serial_eager_makeString_ec,6f621e86fd4f388382cb0de86293b8397ef9cda9)",0,0,0,0,0,0,0,0,0,0,0,0,0,0,0,0,0,0,0,0,0,0,0,0,0,0,0,
"(org.eclipse.collections.impl.jmh.AnySatisfyTest.short_circuit_middle_serial_lazy_streams_ec,6f621e86fd4f388382cb0de86293b8397ef9cda9)",0,0,0,0,0,0,0,0,0,0,0,0,0,0,0,0,0,0,0,0,0,0,0,0,0,0,0,
"(org.eclipse.collections.impl.jmh.SumByDoubleTest.sumByCategory_serial_eager_ec,6f621e86fd4f388382cb0de86293b8397ef9cda9)",0,0,0,0,0,0,0,0,0,0,0,0,0,0,0,0,0,0,0,0,0,0,0,0,0,0,0,
"(org.eclipse.collections.impl.jmh.GroupBySetTest.groupBy_100_keys_parallel_lazy_ec,6f621e86fd4f388382cb0de86293b8397ef9cda9)",0,0,0,0,0,0,0,0,0,0,0,0,0,0,0,0,0,0,0,0,0,0,0,0,0,0,0,
"(org.eclipse.collections.impl.jmh.SumOfDoubleTest.serial_lazy_collectDoubleSum_streams_ec,6f621e86fd4f388382cb0de86293b8397ef9cda9)",0,0,0,0,0,0,0,0,0,0,0,0,0,0,0,0,0,0,0,0,0,0,0,0,0,0,0,
"(org.eclipse.collections.impl.jmh.AnagramBagTest.parallel_eager_ec,6f621e86fd4f388382cb0de86293b8397ef9cda9)",0,0,0,0,0,0,0,0,0,0,0,0,0,0,0,0,0,0,0,0,0,0,0,0,0,0,0,
"(org.eclipse.collections.impl.jmh.GroupBySetTest.groupBy_10000_keys_serial_eager_scala,6f621e86fd4f388382cb0de86293b8397ef9cda9)",0,0,0,0,0,0,0,0,0,0,0,0,0,0,0,0,0,0,0,0,0,0,0,0,0,0,0,
"(org.eclipse.collections.impl.jmh.IntListJMHTest.sumJDKIntStream,6f621e86fd4f388382cb0de86293b8397ef9cda9)",0,0,0,0,0,0,0,0,0,0,0,0,0,0,0,0,0,0,0,0,0,0,0,0,0,0,0,
"(org.eclipse.collections.impl.jmh.MinByIntTest.minByQuantity_serial_lazy_collect_methodref_jdk,6f621e86fd4f388382cb0de86293b8397ef9cda9)",0,0,0,0,0,0,0,0,0,0,0,0,0,0,0,0,0,0,0,0,0,0,0,0,0,0,0,
"(org.eclipse.collections.impl.jmh.BagAddAllTest.ec,6f621e86fd4f388382cb0de86293b8397ef9cda9)",0,0,0,0,0,0,0,0,0,0,0,0,0,0,0,0,0,0,0,0,0,0,0,0,0,0,0,
"(org.eclipse.collections.impl.jmh.SummarizeIntTest.parallel_lazy_mapToIntSum_streams_ec,6f621e86fd4f388382cb0de86293b8397ef9cda9)",0,0,0,0,0,0,0,0,0,0,0,0,0,0,0,0,0,0,0,0,0,0,0,0,0,0,0,
"(org.eclipse.collections.impl.jmh.list.ListIterationTest.serial_immutable_ec,6f621e86fd4f388382cb0de86293b8397ef9cda9)",0,0,0,0,0,0,0,0,0,0,0,0,0,0,0,0,0,0,0,0,0,0,0,0,0,0,0,
"(org.eclipse.collections.impl.jmh.RejectTest.serial_lazy_streams_ec_lambda_not,6f621e86fd4f388382cb0de86293b8397ef9cda9)",0,0,0,0,0,0,0,0,0,0,0,0,0,0,0,0,0,0,0,0,0,0,0,0,0,0,0,
"(org.eclipse.collections.impl.jmh.AnySatisfyTest.process_all_parallel_lazy_ec,6f621e86fd4f388382cb0de86293b8397ef9cda9)",0,0,0,0,0,0,0,0,0,0,0,0,0,0,0,0,0,0,0,0,0,0,0,0,0,0,0,
"(org.eclipse.collections.impl.jmh.MaxTest.serial_eager_ec,6f621e86fd4f388382cb0de86293b8397ef9cda9)",0,0,0,0,0,0,0,0,0,0,0,0,0,0,0,0,0,0,0,0,0,0,0,0,0,0,0,
"(org.eclipse.collections.impl.jmh.GroupBySetTest.groupBy_10000_keys_parallel_lazy_streams_ec,6f621e86fd4f388382cb0de86293b8397ef9cda9)",0,0,0,0,0,0,0,0,0,0,0,0,0,0,0,0,0,0,0,0,0,0,0,0,0,0,0,
"(org.eclipse.collections.impl.jmh.MinByDoubleTest.minByMarketValue_serial_lazy_direct_methodref_jdk,6f621e86fd4f388382cb0de86293b8397ef9cda9)",0,0,0,0,0,0,0,0,0,0,0,0,0,0,0,0,0,0,0,0,0,0,0,0,0,0,0,
"(org.eclipse.collections.impl.jmh.MinByDoubleTest.minByMarketValue_serial_eager_ec,6f621e86fd4f388382cb0de86293b8397ef9cda9)",0,0,0,0,0,0,0,0,0,0,0,0,0,0,0,0,0,0,0,0,0,0,0,0,0,0,0,
"(org.eclipse.collections.impl.jmh.NoneSatisfyTest.process_all_parallel_lazy_jdk,6f621e86fd4f388382cb0de86293b8397ef9cda9)",0,0,0,0,0,0,0,0,0,0,0,0,0,0,0,0,0,0,0,0,0,0,0,0,0,0,0,
"(org.eclipse.collections.impl.jmh.NoneSatisfyTest.process_none_serial_lazy_streams_ec,6f621e86fd4f388382cb0de86293b8397ef9cda9)",0,0,0,0,0,0,0,0,0,0,0,0,0,0,0,0,0,0,0,0,0,0,0,0,0,0,0,
"(org.eclipse.collections.impl.jmh.MinByIntTest.minByQuantity_serial_lazy_direct_methodref_jdk,6f621e86fd4f388382cb0de86293b8397ef9cda9)",0,0,0,0,0,0,0,0,0,0,0,0,0,0,0,0,0,0,0,0,0,0,0,0,0,0,0,
"(org.eclipse.collections.impl.jmh.AnySatisfyTest.process_all_serial_lazy_scala,6f621e86fd4f388382cb0de86293b8397ef9cda9)",0,0,0,0,0,0,0,0,0,0,0,0,0,0,0,0,0,0,0,0,0,0,0,0,0,0,0,
"(org.eclipse.collections.impl.jmh.LongLongMapSmallStressTest.kolobokeRemove,6f621e86fd4f388382cb0de86293b8397ef9cda9)",0,0,0,0,0,0,0,0,0,0,0,0,0,0,0,0,0,0,0,0,0,0,0,0,0,0,0,
"(org.eclipse.collections.impl.jmh.RejectTest.serial_lazy_ec,6f621e86fd4f388382cb0de86293b8397ef9cda9)",0,0,0,0,0,0,0,0,0,0,0,0,0,0,0,0,0,0,0,0,0,0,0,0,0,0,0,
"(org.eclipse.collections.impl.jmh.MinByDoubleTest.minByMarketValue_parallel_lazy_direct_lambda_jdk,6f621e86fd4f388382cb0de86293b8397ef9cda9)",0,0,0,0,0,0,0,0,0,0,0,0,0,0,0,0,0,0,0,0,0,0,0,0,0,0,0,
"(org.eclipse.collections.impl.jmh.GroupBySetTest.groupBy_100_keys_serial_eager_scala,6f621e86fd4f388382cb0de86293b8397ef9cda9)",0,0,0,0,0,0,0,0,0,0,0,0,0,0,0,0,0,0,0,0,0,0,0,0,0,0,0,
"(org.eclipse.collections.impl.jmh.AnagramListTest.serial_lazy_jdk,6f621e86fd4f388382cb0de86293b8397ef9cda9)",0,0,0,0,0,0,0,0,0,0,0,0,0,0,0,0,0,0,0,0,0,0,0,0,0,0,0,
"(org.eclipse.collections.impl.jmh.FlatCollectTest.serial_lazy_streams_ec,6f621e86fd4f388382cb0de86293b8397ef9cda9)",0,0,0,0,0,0,0,0,0,0,0,0,0,0,0,0,0,0,0,0,0,0,0,0,0,0,0,
"(org.eclipse.collections.impl.jmh.SetAddAllTest.jdk,6f621e86fd4f388382cb0de86293b8397ef9cda9)",0,0,0,0,0,0,0,0,0,0,0,0,0,0,0,0,0,0,0,0,0,0,0,0,0,0,0,
"(org.eclipse.collections.impl.jmh.AnySatisfyTest.process_all_serial_eager_ec,6f621e86fd4f388382cb0de86293b8397ef9cda9)",0,0,0,0,0,0,0,0,0,0,0,0,0,0,0,0,0,0,0,0,0,0,0,0,0,0,0,
"(org.eclipse.collections.impl.jmh.IntIntMapSmallStressTest.kolobokePut,6f621e86fd4f388382cb0de86293b8397ef9cda9)",0,0,0,0,0,0,0,0,0,0,0,0,0,0,0,0,0,0,0,0,0,0,0,0,0,0,0,
"(org.eclipse.collections.impl.jmh.SummarizeIntTest.parallel_lazy_mapToIntSum_jdk,6f621e86fd4f388382cb0de86293b8397ef9cda9)",0,0,0,0,0,0,0,0,0,0,0,0,0,0,0,0,0,0,0,0,0,0,0,0,0,0,0,
"(org.eclipse.collections.impl.jmh.IntListJMHTest.filterMapSumJDKIntStream,6f621e86fd4f388382cb0de86293b8397ef9cda9)",0,0,0,0,0,0,0,0,0,0,0,0,0,0,0,0,0,0,0,0,0,0,0,0,0,0,0,
"(org.eclipse.collections.impl.jmh.IntListJMHTest.mapECPrimitiveEager,6f621e86fd4f388382cb0de86293b8397ef9cda9)",0,0,0,0,0,0,0,0,0,0,0,0,0,0,0,0,0,0,0,0,0,0,0,0,0,0,0,
"(org.eclipse.collections.impl.jmh.SummarizeIntTest.serial_eager_summarizeInt_ec,6f621e86fd4f388382cb0de86293b8397ef9cda9)",0,0,0,0,0,0,0,0,0,0,0,0,0,0,0,0,0,0,0,0,0,0,0,0,0,0,0,
"(org.eclipse.collections.impl.jmh.GroupBySetTest.groupBy_2_keys_parallel_lazy_jdk,6f621e86fd4f388382cb0de86293b8397ef9cda9)",0,0,0,0,0,0,0,0,0,0,0,0,0,0,0,0,0,0,0,0,0,0,0,0,0,0,0,
"(org.eclipse.collections.impl.jmh.SumOfIntTest.serial_lazy_mapToLongSum_streams_ec,6f621e86fd4f388382cb0de86293b8397ef9cda9)",0,0,0,0,0,0,0,0,0,0,0,0,0,0,0,0,0,0,0,0,0,0,0,0,0,0,0,
"(org.eclipse.collections.impl.jmh.MinByDoubleTest.minByMarketValue_parallel_lazy_direct_methodref_jdk,6f621e86fd4f388382cb0de86293b8397ef9cda9)",0,0,0,0,0,0,0,0,0,0,0,0,0,0,0,0,0,0,0,0,0,0,0,0,0,0,0,
"(org.eclipse.collections.impl.jmh.AllSatisfyTest.process_all_serial_lazy_jdk,6f621e86fd4f388382cb0de86293b8397ef9cda9)",0,0,0,0,0,0,0,0,0,0,0,0,0,0,0,0,0,0,0,0,0,0,0,0,0,0,0,
"(org.eclipse.collections.impl.jmh.CountTest.parallel_lazy_scala,6f621e86fd4f388382cb0de86293b8397ef9cda9)",0,0,0,0,0,0,0,0,0,0,0,0,0,0,0,0,0,0,0,0,0,0,0,0,0,0,0,
"(org.eclipse.collections.impl.jmh.MinByDoubleTest.minByMarketValue_serial_lazy_ec,6f621e86fd4f388382cb0de86293b8397ef9cda9)",0,0,0,0,0,0,0,0,0,0,0,0,0,0,0,0,0,0,0,0,0,0,0,0,0,0,0,
"(org.eclipse.collections.impl.jmh.MinByIntTest.minByQuantity_parallel_lazy_ec,6f621e86fd4f388382cb0de86293b8397ef9cda9)",0,0,0,0,0,0,0,0,0,0,0,0,0,0,0,0,0,0,0,0,0,0,0,0,0,0,0,
"(org.eclipse.collections.impl.jmh.ListEqualTest.jdk,6f621e86fd4f388382cb0de86293b8397ef9cda9)",0,0,0,0,0,0,0,0,0,0,0,0,0,0,0,0,0,0,0,0,0,0,0,0,0,0,0,
"(org.eclipse.collections.impl.jmh.AnagramSetTest.serial_lazy_scala,6f621e86fd4f388382cb0de86293b8397ef9cda9)",0,0,0,0,0,0,0,0,0,0,0,0,0,0,0,0,0,0,0,0,0,0,0,0,0,0,0,
"(org.eclipse.collections.impl.jmh.AllSatisfyTest.process_all_parallel_lazy_ec,6f621e86fd4f388382cb0de86293b8397ef9cda9)",0,0,0,0,0,0,0,0,0,0,0,0,0,0,0,0,0,0,0,0,0,0,0,0,0,0,0,
"(org.eclipse.collections.impl.jmh.FunctionalInterfaceTest.parallel_lazy_jdk,6f621e86fd4f388382cb0de86293b8397ef9cda9)",0,0,0,0,0,0,0,0,0,0,0,0,0,0,0,0,0,0,0,0,0,0,0,0,0,0,0,
"(org.eclipse.collections.impl.jmh.SelectTest.parallel_lazy_streams_ec,6f621e86fd4f388382cb0de86293b8397ef9cda9)",0,0,0,0,0,0,0,0,0,0,0,0,0,0,0,0,0,0,0,0,0,0,0,0,0,0,0,
"(org.eclipse.collections.impl.jmh.IntListJMHTest.filterMapSumECPrimitiveLazy,6f621e86fd4f388382cb0de86293b8397ef9cda9)",0,0,0,0,0,0,0,0,0,0,0,0,0,0,0,0,0,0,0,0,0,0,0,0,0,0,0,
"(org.eclipse.collections.impl.jmh.IntListJMHTest.filterMapSumJDKBoxedStream,6f621e86fd4f388382cb0de86293b8397ef9cda9)",0,0,0,0,0,0,0,0,0,0,0,0,0,0,0,0,0,0,0,0,0,0,0,0,0,0,0,
"(org.eclipse.collections.impl.jmh.MinTest.serial_lazy_intstream_streams_ec,6f621e86fd4f388382cb0de86293b8397ef9cda9)",0,0,0,0,0,0,0,0,0,0,0,0,0,0,0,0,0,0,0,0,0,0,0,0,0,0,0,
"(org.eclipse.collections.impl.jmh.MinTest.serial_lazy_streams_ec,6f621e86fd4f388382cb0de86293b8397ef9cda9)",0,0,0,0,0,0,0,0,0,0,0,0,0,0,0,0,0,0,0,0,0,0,0,0,0,0,0,
"(org.eclipse.collections.impl.jmh.AllSatisfyTest.process_all_serial_lazy_streams_ec,6f621e86fd4f388382cb0de86293b8397ef9cda9)",0,0,0,0,0,0,0,0,0,0,0,0,0,0,0,0,0,0,0,0,0,0,0,0,0,0,0,
"(org.eclipse.collections.impl.jmh.map.HppcMutableMapGetTest.get,6f621e86fd4f388382cb0de86293b8397ef9cda9)",0,0,0,0,0,0,0,0,0,0,0,0,0,0,0,0,0,0,0,0,0,0,0,0,0,0,0,
"(org.eclipse.collections.impl.jmh.LongLongMapLargeStressTest.ecRemove,6f621e86fd4f388382cb0de86293b8397ef9cda9)",0,0,0,0,0,0,0,0,0,0,0,0,0,0,0,0,0,0,0,0,0,0,0,0,0,0,0,
"(org.eclipse.collections.impl.jmh.CountTest.parallel_lazy_ec,6f621e86fd4f388382cb0de86293b8397ef9cda9)",0,0,0,0,0,0,0,0,0,0,0,0,0,0,0,0,0,0,0,0,0,0,0,0,0,0,0,
"(org.eclipse.collections.impl.jmh.SumOfDoubleTest.parallel_lazy_collectDoubleSum_streams_ec,6f621e86fd4f388382cb0de86293b8397ef9cda9)",0,0,0,0,0,0,0,0,0,0,0,0,0,0,0,0,0,0,0,0,0,0,0,0,0,0,0,
"(org.eclipse.collections.impl.jmh.set.sorted.SortedSetIterationTest.serial_immutable_scala,6f621e86fd4f388382cb0de86293b8397ef9cda9)",0,0,0,0,0,0,0,0,0,0,0,0,0,0,0,0,0,0,0,0,0,0,0,0,0,0,0,
"(org.eclipse.collections.impl.jmh.IntListJMHTest.filterMapSumJDKIntStreamParallel,6f621e86fd4f388382cb0de86293b8397ef9cda9)",0,0,0,0,0,0,0,0,0,0,0,0,0,0,0,0,0,0,0,0,0,0,0,0,0,0,0,
"(org.eclipse.collections.impl.jmh.IntIntMapLargeStressTest.ecRemove,6f621e86fd4f388382cb0de86293b8397ef9cda9)",0,0,0,0,0,0,0,0,0,0,0,0,0,0,0,0,0,0,0,0,0,0,0,0,0,0,0,
"(org.eclipse.collections.impl.jmh.CollectIfTest.parallel_lazy_jdk,6f621e86fd4f388382cb0de86293b8397ef9cda9)",0,0,0,0,0,0,0,0,0,0,0,0,0,0,0,0,0,0,0,0,0,0,0,0,0,0,0,
"(org.eclipse.collections.impl.jmh.SumByDoubleTest.sumByCategory_parallel_eager_ec,6f621e86fd4f388382cb0de86293b8397ef9cda9)",0,0,0,0,0,0,0,0,0,0,0,0,0,0,0,0,0,0,0,0,0,0,0,0,0,0,0,
"(org.eclipse.collections.impl.jmh.IntListJMHTest.filterECBoxedEager,6f621e86fd4f388382cb0de86293b8397ef9cda9)",0,0,0,0,0,0,0,0,0,0,0,0,0,0,0,0,0,0,0,0,0,0,0,0,0,0,0,
"(org.eclipse.collections.impl.jmh.SumOfIntTest.serial_lazy_mapToIntSum_streams_ec,6f621e86fd4f388382cb0de86293b8397ef9cda9)",0,0,0,0,0,0,0,0,0,0,0,0,0,0,0,0,0,0,0,0,0,0,0,0,0,0,0,
"(org.eclipse.collections.impl.jmh.SumOfIntTest.serial_lazy_mapToLongSum_jdk,6f621e86fd4f388382cb0de86293b8397ef9cda9)",0,0,0,0,0,0,0,0,0,0,0,0,0,0,0,0,0,0,0,0,0,0,0,0,0,0,0,
"(org.eclipse.collections.impl.jmh.GroupByListTest.groupBy_2_keys_serial_eager_scala,6f621e86fd4f388382cb0de86293b8397ef9cda9)",0,0,0,0,0,0,0,0,0,0,0,0,0,0,0,0,0,0,0,0,0,0,0,0,0,0,0,
"(org.eclipse.collections.impl.jmh.MaxByDoubleTest.maxByMarketValue_parallel_lazy_collect_methodref_jdk,6f621e86fd4f388382cb0de86293b8397ef9cda9)",0,0,0,0,0,0,0,0,0,0,0,0,0,0,0,0,0,0,0,0,0,0,0,0,0,0,0,
"(org.eclipse.collections.impl.jmh.NoneSatisfyTest.short_circuit_middle_serial_lazy_streams_ec,6f621e86fd4f388382cb0de86293b8397ef9cda9)",0,0,0,0,0,0,0,0,0,0,0,0,0,0,0,0,0,0,0,0,0,0,0,0,0,0,0,
"(org.eclipse.collections.impl.jmh.IntListJMHTest.filterECBoxedLazy,6f621e86fd4f388382cb0de86293b8397ef9cda9)",0,0,0,0,0,0,0,0,0,0,0,0,0,0,0,0,0,0,0,0,0,0,0,0,0,0,0,
"(org.eclipse.collections.impl.jmh.MinTest.parallel_lazy_ec,6f621e86fd4f388382cb0de86293b8397ef9cda9)",0,0,0,0,0,0,0,0,0,0,0,0,0,0,0,0,0,0,0,0,0,0,0,0,0,0,0,
"(org.eclipse.collections.impl.jmh.GroupBySetTest.groupBy_2_keys_serial_lazy_jdk,6f621e86fd4f388382cb0de86293b8397ef9cda9)",0,0,0,0,0,0,0,0,0,0,0,0,0,0,0,0,0,0,0,0,0,0,0,0,0,0,0,
"(org.eclipse.collections.impl.jmh.map.ChainMapPutTest.jdk,6f621e86fd4f388382cb0de86293b8397ef9cda9)",0,0,0,0,0,0,0,0,0,0,0,0,0,0,0,0,0,0,0,0,0,0,0,0,0,0,0,
"(org.eclipse.collections.impl.jmh.SummarizeIntTest.serial_lazy_collectIntSummaryStatistics_ec,6f621e86fd4f388382cb0de86293b8397ef9cda9)",0,0,0,0,0,0,0,0,0,0,0,0,0,0,0,0,0,0,0,0,0,0,0,0,0,0,0,
"(org.eclipse.collections.impl.jmh.LongIntMapTest.get,6f621e86fd4f388382cb0de86293b8397ef9cda9)",0,0,0,0,0,0,0,0,0,0,0,0,0,0,0,0,0,0,0,0,0,0,0,0,0,0,0,
"(org.eclipse.collections.impl.jmh.map.EcMutableMapGetTest.get,6f621e86fd4f388382cb0de86293b8397ef9cda9)",0,0,0,0,0,0,0,0,0,0,0,0,0,0,0,0,0,0,0,0,0,0,0,0,0,0,0,
"(org.eclipse.collections.impl.jmh.AnySatisfyTest.process_all_parallel_lazy_streams_ec,6f621e86fd4f388382cb0de86293b8397ef9cda9)",0,0,0,0,0,0,0,0,0,0,0,0,0,0,0,0,0,0,0,0,0,0,0,0,0,0,0,
"(org.eclipse.collections.impl.jmh.AggregateByTest.aggregateInPlaceByProduct_parallel_eager_ec,6f621e86fd4f388382cb0de86293b8397ef9cda9)",0,0,0,0,0,0,0,0,0,0,0,0,0,0,0,0,0,0,0,0,0,0,0,0,0,0,0,
"(org.eclipse.collections.impl.jmh.AnySatisfyTest.short_circuit_middle_parallel_lazy_ec,6f621e86fd4f388382cb0de86293b8397ef9cda9)",0,0,0,0,0,0,0,0,0,0,0,0,0,0,0,0,0,0,0,0,0,0,0,0,0,0,0,
"(org.eclipse.collections.impl.jmh.CollectTest.parallel_lazy_ec,6f621e86fd4f388382cb0de86293b8397ef9cda9)",0,0,0,0,0,0,0,0,0,0,0,0,0,0,0,0,0,0,0,0,0,0,0,0,0,0,0,
"(org.eclipse.collections.impl.jmh.LongIntMapTest.copyTest,6f621e86fd4f388382cb0de86293b8397ef9cda9)",0,0,0,0,0,0,0,0,0,0,0,0,0,0,0,0,0,0,0,0,0,0,0,0,0,0,0,
"(org.eclipse.collections.impl.jmh.MaxByIntTest.maxByQuantity_parallel_lazy_collect_lambda_jdk,6f621e86fd4f388382cb0de86293b8397ef9cda9)",0,0,0,0,0,0,0,0,0,0,0,0,0,0,0,0,0,0,0,0,0,0,0,0,0,0,0,
"(org.eclipse.collections.impl.jmh.AggregateByTest.aggregateInPlaceByAccount_parallel_eager_ec,6f621e86fd4f388382cb0de86293b8397ef9cda9)",0,0,0,0,0,0,0,0,0,0,0,0,0,0,0,0,0,0,0,0,0,0,0,0,0,0,0,
"(org.eclipse.collections.impl.jmh.AggregateByTest.aggregateByCategory_parallel_lazy_jdk,6f621e86fd4f388382cb0de86293b8397ef9cda9)",0,0,0,0,0,0,0,0,0,0,0,0,0,0,0,0,0,0,0,0,0,0,0,0,0,0,0,
"(org.eclipse.collections.impl.jmh.IntListJMHTest.mapECParallelEager,6f621e86fd4f388382cb0de86293b8397ef9cda9)",0,0,0,0,0,0,0,0,0,0,0,0,0,0,0,0,0,0,0,0,0,0,0,0,0,0,0,
"(org.eclipse.collections.impl.jmh.AnySatisfyTest.short_circuit_middle_serial_lazy_ec,6f621e86fd4f388382cb0de86293b8397ef9cda9)",0,0,0,0,0,0,0,0,0,0,0,0,0,0,0,0,0,0,0,0,0,0,0,0,0,0,0,
"(org.eclipse.collections.impl.jmh.CountSetTest.parallel_lazy_scala,6f621e86fd4f388382cb0de86293b8397ef9cda9)",0,0,0,0,0,0,0,0,0,0,0,0,0,0,0,0,0,0,0,0,0,0,0,0,0,0,0,
"(org.eclipse.collections.impl.jmh.IntListJMHTest.mapECBoxedLazy,6f621e86fd4f388382cb0de86293b8397ef9cda9)",0,0,0,0,0,0,0,0,0,0,0,0,0,0,0,0,0,0,0,0,0,0,0,0,0,0,0,
"(org.eclipse.collections.impl.jmh.SummarizeIntTest.serial_lazy_mapToIntSum_streams_ec,6f621e86fd4f388382cb0de86293b8397ef9cda9)",0,0,0,0,0,0,0,0,0,0,0,0,0,0,0,0,0,0,0,0,0,0,0,0,0,0,0,
"(org.eclipse.collections.impl.jmh.AllSatisfyTest.process_all_serial_eager_ec,6f621e86fd4f388382cb0de86293b8397ef9cda9)",0,0,0,0,0,0,0,0,0,0,0,0,0,0,0,0,0,0,0,0,0,0,0,0,0,0,0,
"(org.eclipse.collections.impl.jmh.AnagramSetTest.serial_eager_ec,6f621e86fd4f388382cb0de86293b8397ef9cda9)",0,0,0,0,0,0,0,0,0,0,0,0,0,0,0,0,0,0,0,0,0,0,0,0,0,0,0,
"(org.eclipse.collections.impl.jmh.SumOfIntTest.serial_eager_collectIntSum_ec,6f621e86fd4f388382cb0de86293b8397ef9cda9)",0,0,0,0,0,0,0,0,0,0,0,0,0,0,0,0,0,0,0,0,0,0,0,0,0,0,0,
"(org.eclipse.collections.impl.jmh.CollectTest.serial_eager_scala,6f621e86fd4f388382cb0de86293b8397ef9cda9)",0,0,0,0,0,0,0,0,0,0,0,0,0,0,0,0,0,0,0,0,0,0,0,0,0,0,0,
"(org.eclipse.collections.impl.jmh.IntListJMHTest.mapECBoxedEager,6f621e86fd4f388382cb0de86293b8397ef9cda9)",0,0,0,0,0,0,0,0,0,0,0,0,0,0,0,0,0,0,0,0,0,0,0,0,0,0,0,
"(org.eclipse.collections.impl.jmh.PartitionTest.serial_lazy_jdk,6f621e86fd4f388382cb0de86293b8397ef9cda9)",0,0,0,0,0,0,0,0,0,0,0,0,0,0,0,0,0,0,0,0,0,0,0,0,0,0,0,
"(org.eclipse.collections.impl.jmh.IntIntMapSmallStressTest.jdkPut,6f621e86fd4f388382cb0de86293b8397ef9cda9)",0,0,0,0,0,0,0,0,0,0,0,0,0,0,0,0,0,0,0,0,0,0,0,0,0,0,0,
"(org.eclipse.collections.impl.jmh.MaxByDoubleTest.maxByMarketValue_parallel_lazy_ec,6f621e86fd4f388382cb0de86293b8397ef9cda9)",0,0,0,0,0,0,0,0,0,0,0,0,0,0,0,0,0,0,0,0,0,0,0,0,0,0,0,
"(org.eclipse.collections.impl.jmh.IntIntMapLargeStressTest.ecGet,6f621e86fd4f388382cb0de86293b8397ef9cda9)",0,0,0,0,0,0,0,0,0,0,0,0,0,0,0,0,0,0,0,0,0,0,0,0,0,0,0,
"(org.eclipse.collections.impl.jmh.SummarizeIntTest.serial_eager_summaryStatistics_intList,6f621e86fd4f388382cb0de86293b8397ef9cda9)",0,0,0,0,0,0,0,0,0,0,0,0,0,0,0,0,0,0,0,0,0,0,0,0,0,0,0,
"(org.eclipse.collections.impl.jmh.IntListJMHTest.mapJDKBoxedStream,6f621e86fd4f388382cb0de86293b8397ef9cda9)",0,0,0,0,0,0,0,0,0,0,0,0,0,0,0,0,0,0,0,0,0,0,0,0,0,0,0,
"(org.eclipse.collections.impl.jmh.MinByDoubleTest.minByMarketValue_serial_lazy_collect_methodref_jdk,6f621e86fd4f388382cb0de86293b8397ef9cda9)",0,0,0,0,0,0,0,0,0,0,0,0,0,0,0,0,0,0,0,0,0,0,0,0,0,0,0,
"(org.eclipse.collections.impl.jmh.MaxByDoubleTest.maxByMarketValue_parallel_lazy_direct_lambda_jdk,6f621e86fd4f388382cb0de86293b8397ef9cda9)",0,0,0,0,0,0,0,0,0,0,0,0,0,0,0,0,0,0,0,0,0,0,0,0,0,0,0,
"(org.eclipse.collections.impl.jmh.AggregateByTest.aggregateByCategory_serial_lazy_ec,6f621e86fd4f388382cb0de86293b8397ef9cda9)",0,0,0,0,0,0,0,0,0,0,0,0,0,0,0,0,0,0,0,0,0,0,0,0,0,0,0,
"(org.eclipse.collections.impl.jmh.IntIntMapSmallStressTest.jdkRemove,6f621e86fd4f388382cb0de86293b8397ef9cda9)",0,0,0,0,0,0,0,0,0,0,0,0,0,0,0,0,0,0,0,0,0,0,0,0,0,0,0,
"(org.eclipse.collections.impl.jmh.GroupByListTest.groupBy_10000_keys_serial_lazy_streams_ec,6f621e86fd4f388382cb0de86293b8397ef9cda9)",0,0,0,0,0,0,0,0,0,0,0,0,0,0,0,0,0,0,0,0,0,0,0,0,0,0,0,
"(org.eclipse.collections.impl.jmh.MinTest.parallel_lazy_reverse_ec,6f621e86fd4f388382cb0de86293b8397ef9cda9)",0,0,0,0,0,0,0,0,0,0,0,0,0,0,0,0,0,0,0,0,0,0,0,0,0,0,0,
"(org.eclipse.collections.impl.jmh.AnagramBagTest.parallel_lazy_jdk,6f621e86fd4f388382cb0de86293b8397ef9cda9)",0,0,0,0,0,0,0,0,0,0,0,0,0,0,0,0,0,0,0,0,0,0,0,0,0,0,0,
"(org.eclipse.collections.impl.jmh.RejectTest.serial_lazy_jdk_lambda_not,6f621e86fd4f388382cb0de86293b8397ef9cda9)",0,0,0,0,0,0,0,0,0,0,0,0,0,0,0,0,0,0,0,0,0,0,0,0,0,0,0,
"(org.eclipse.collections.impl.jmh.SumByDoubleTest.sumByAccount_parallel_lazy_jdk,6f621e86fd4f388382cb0de86293b8397ef9cda9)",0,0,0,0,0,0,0,0,0,0,0,0,0,0,0,0,0,0,0,0,0,0,0,0,0,0,0,
"(org.eclipse.collections.impl.jmh.CollectorJoiningTest.serial_eager_primitiveMakeString_ec,6f621e86fd4f388382cb0de86293b8397ef9cda9)",0,0,0,0,0,0,0,0,0,0,0,0,0,0,0,0,0,0,0,0,0,0,0,0,0,0,0,
"(org.eclipse.collections.impl.jmh.set.sorted.SortedSetContainsTest.contains_immutable_ec,6f621e86fd4f388382cb0de86293b8397ef9cda9)",0,0,0,0,0,0,0,0,0,0,0,0,0,0,0,0,0,0,0,0,0,0,0,0,0,0,0,
"(org.eclipse.collections.impl.jmh.IntListJMHTest.filterMapSumECPrimitiveEager,6f621e86fd4f388382cb0de86293b8397ef9cda9)",0,0,0,0,0,0,0,0,0,0,0,0,0,0,0,0,0,0,0,0,0,0,0,0,0,0,0,
"(org.eclipse.collections.impl.jmh.NoneSatisfyTest.short_circuit_middle_parallel_lazy_ec,6f621e86fd4f388382cb0de86293b8397ef9cda9)",0,0,0,0,0,0,0,0,0,0,0,0,0,0,0,0,0,0,0,0,0,0,0,0,0,0,0,
"(org.eclipse.collections.impl.jmh.NoneSatisfyTest.short_circuit_middle_serial_eager_ec,6f621e86fd4f388382cb0de86293b8397ef9cda9)",0,0,0,0,0,0,0,0,0,0,0,0,0,0,0,0,0,0,0,0,0,0,0,0,0,0,0,
"(org.eclipse.collections.impl.jmh.MaxTest.serial_lazy_ec,6f621e86fd4f388382cb0de86293b8397ef9cda9)",0,0,0,0,0,0,0,0,0,0,0,0,0,0,0,0,0,0,0,0,0,0,0,0,0,0,0,
"(org.eclipse.collections.impl.jmh.SumOfIntTest.parallel_lazy_mapToIntSum_streams_ec,6f621e86fd4f388382cb0de86293b8397ef9cda9)",0,0,0,0,0,0,0,0,0,0,0,0,0,0,0,0,0,0,0,0,0,0,0,0,0,0,0,
"(org.eclipse.collections.impl.jmh.MinByIntTest.minByQuantity_serial_lazy_collect_lambda_jdk,6f621e86fd4f388382cb0de86293b8397ef9cda9)",0,0,0,0,0,0,0,0,0,0,0,0,0,0,0,0,0,0,0,0,0,0,0,0,0,0,0,
"(org.eclipse.collections.impl.jmh.GroupBySetTest.groupBy_10000_keys_parallel_lazy_jdk,6f621e86fd4f388382cb0de86293b8397ef9cda9)",0,0,0,0,0,0,0,0,0,0,0,0,0,0,0,0,0,0,0,0,0,0,0,0,0,0,0,
"(org.eclipse.collections.impl.jmh.CollectTest.serial_eager_ec,6f621e86fd4f388382cb0de86293b8397ef9cda9)",0,0,0,0,0,0,0,0,0,0,0,0,0,0,0,0,0,0,0,0,0,0,0,0,0,0,0,
"(org.eclipse.collections.impl.jmh.CountSetTest.parallel_lazy_jdk,6f621e86fd4f388382cb0de86293b8397ef9cda9)",0,0,0,0,0,0,0,0,0,0,0,0,0,0,0,0,0,0,0,0,0,0,0,0,0,0,0,
"(org.eclipse.collections.impl.jmh.IntListJMHTest.filterJDKIntStreamParallelToEC,6f621e86fd4f388382cb0de86293b8397ef9cda9)",0,0,0,0,0,0,0,0,0,0,0,0,0,0,0,0,0,0,0,0,0,0,0,0,0,0,0,
"(org.eclipse.collections.impl.jmh.list.ListIterationTest.parallel_immutable_ec,6f621e86fd4f388382cb0de86293b8397ef9cda9)",0,0,0,0,0,0,0,0,0,0,0,0,0,0,0,0,0,0,0,0,0,0,0,0,0,0,0,
"(org.eclipse.collections.impl.jmh.LongIntMapTest.put,6f621e86fd4f388382cb0de86293b8397ef9cda9)",0,0,0,0,0,0,0,0,0,0,0,0,0,0,0,0,0,0,0,0,0,0,0,0,0,0,0,
"(org.eclipse.collections.impl.jmh.AnySatisfyTest.process_all_serial_lazy_jdk,6f621e86fd4f388382cb0de86293b8397ef9cda9)",0,0,0,0,0,0,0,0,0,0,0,0,0,0,0,0,0,0,0,0,0,0,0,0,0,0,0,
"(org.eclipse.collections.impl.jmh.FunctionalInterfaceSetTest.parallel_lazy_ec,6f621e86fd4f388382cb0de86293b8397ef9cda9)",0,0,0,0,0,0,0,0,0,0,0,0,0,0,0,0,0,0,0,0,0,0,0,0,0,0,0,
"(org.eclipse.collections.impl.jmh.IntListJMHTest.mapECPrimitiveLazy,6f621e86fd4f388382cb0de86293b8397ef9cda9)",0,0,0,0,0,0,0,0,0,0,0,0,0,0,0,0,0,0,0,0,0,0,0,0,0,0,0,
"(org.eclipse.collections.impl.jmh.AllSatisfyTest.short_circuit_middle_parallel_lazy_ec,6f621e86fd4f388382cb0de86293b8397ef9cda9)",0,0,0,0,0,0,0,0,0,0,0,0,0,0,0,0,0,0,0,0,0,0,0,0,0,0,0,
"(org.eclipse.collections.impl.jmh.list.ListIterationTest.serial_mutable_scala,6f621e86fd4f388382cb0de86293b8397ef9cda9)",0,0,0,0,0,0,0,0,0,0,0,0,0,0,0,0,0,0,0,0,0,0,0,0,0,0,0,
"(org.eclipse.collections.impl.jmh.PartitionTest.serial_eager_ec,6f621e86fd4f388382cb0de86293b8397ef9cda9)",0,0,0,0,0,0,0,0,0,0,0,0,0,0,0,0,0,0,0,0,0,0,0,0,0,0,0,
"(org.eclipse.collections.impl.jmh.IntListJMHTest.filterECParallelLazy,6f621e86fd4f388382cb0de86293b8397ef9cda9)",0,0,0,0,0,0,0,0,0,0,0,0,0,0,0,0,0,0,0,0,0,0,0,0,0,0,0,
"(org.eclipse.collections.impl.jmh.AggregateByTest.aggregateByCategory_serial_lazy_jdk,6f621e86fd4f388382cb0de86293b8397ef9cda9)",0,0,0,0,0,0,0,0,0,0,0,0,0,0,0,0,0,0,0,0,0,0,0,0,0,0,0,
"(org.eclipse.collections.impl.jmh.AnagramListTest.serial_lazy_streams_ec,6f621e86fd4f388382cb0de86293b8397ef9cda9)",0,0,0,0,0,0,0,0,0,0,0,0,0,0,0,0,0,0,0,0,0,0,0,0,0,0,0,
"(org.eclipse.collections.impl.jmh.GroupBySetTest.groupBy_2_keys_serial_eager_scala,6f621e86fd4f388382cb0de86293b8397ef9cda9)",0,0,0,0,0,0,0,0,0,0,0,0,0,0,0,0,0,0,0,0,0,0,0,0,0,0,0,
"(org.eclipse.collections.impl.jmh.map.TroveMapPutTest.trove,6f621e86fd4f388382cb0de86293b8397ef9cda9)",0,0,0,0,0,0,0,0,0,0,0,0,0,0,0,0,0,0,0,0,0,0,0,0,0,0,0,
"(org.eclipse.collections.impl.jmh.FlatCollectTest.serial_lazy_ec,6f621e86fd4f388382cb0de86293b8397ef9cda9)",0,0,0,0,0,0,0,0,0,0,0,0,0,0,0,0,0,0,0,0,0,0,0,0,0,0,0,
"(org.eclipse.collections.impl.jmh.GroupBySetTest.groupBy_10000_keys_serial_lazy_streams_ec,6f621e86fd4f388382cb0de86293b8397ef9cda9)",0,0,0,0,0,0,0,0,0,0,0,0,0,0,0,0,0,0,0,0,0,0,0,0,0,0,0,
"(org.eclipse.collections.impl.jmh.map.KolobokeMutableMapGetTest.get,6f621e86fd4f388382cb0de86293b8397ef9cda9)",0,0,0,0,0,0,0,0,0,0,0,0,0,0,0,0,0,0,0,0,0,0,0,0,0,0,0,
"(org.eclipse.collections.impl.jmh.GroupBySetTest.groupBy_10000_keys_parallel_lazy_scala,6f621e86fd4f388382cb0de86293b8397ef9cda9)",0,0,0,0,0,0,0,0,0,0,0,0,0,0,0,0,0,0,0,0,0,0,0,0,0,0,0,
"(org.eclipse.collections.impl.jmh.map.ChainMapPutTest.scala,6f621e86fd4f388382cb0de86293b8397ef9cda9)",0,0,0,0,0,0,0,0,0,0,0,0,0,0,0,0,0,0,0,0,0,0,0,0,0,0,0,
"(org.eclipse.collections.impl.jmh.FunctionalInterfaceTest.parallel_lazy_scala,6f621e86fd4f388382cb0de86293b8397ef9cda9)",0,0,0,0,0,0,0,0,0,0,0,0,0,0,0,0,0,0,0,0,0,0,0,0,0,0,0,
"(org.eclipse.collections.impl.jmh.FunctionalInterfaceTest.serial_eager_ec,6f621e86fd4f388382cb0de86293b8397ef9cda9)",0,0,0,0,0,0,0,0,0,0,0,0,0,0,0,0,0,0,0,0,0,0,0,0,0,0,0,
"(org.eclipse.collections.impl.jmh.SumByDoubleTest.sumByAccount_serial_eager_ec,6f621e86fd4f388382cb0de86293b8397ef9cda9)",0,0,0,0,0,0,0,0,0,0,0,0,0,0,0,0,0,0,0,0,0,0,0,0,0,0,0,
"(org.eclipse.collections.impl.jmh.SumByDoubleTest.sumByProduct_parallel_lazy_jdk,6f621e86fd4f388382cb0de86293b8397ef9cda9)",0,0,0,0,0,0,0,0,0,0,0,0,0,0,0,0,0,0,0,0,0,0,0,0,0,0,0,
"(org.eclipse.collections.impl.jmh.SumOfDoubleTest.parallel_lazy_collectDoubleSum_jdk,6f621e86fd4f388382cb0de86293b8397ef9cda9)",0,0,0,0,0,0,0,0,0,0,0,0,0,0,0,0,0,0,0,0,0,0,0,0,0,0,0,
"(org.eclipse.collections.impl.jmh.map.TroveMutableMapGetTest.get,6f621e86fd4f388382cb0de86293b8397ef9cda9)",0,0,0,0,0,0,0,0,0,0,0,0,0,0,0,0,0,0,0,0,0,0,0,0,0,0,0,
"(org.eclipse.collections.impl.jmh.MinTest.parallel_lazy_intstream_jdk,6f621e86fd4f388382cb0de86293b8397ef9cda9)",0,0,0,0,0,0,0,0,0,0,0,0,0,0,0,0,0,0,0,0,0,0,0,0,0,0,0,
"(org.eclipse.collections.impl.jmh.SumOfIntTest.serial_eager_sum_intList,6f621e86fd4f388382cb0de86293b8397ef9cda9)",0,0,0,0,0,0,0,0,0,0,0,0,0,0,0,0,0,0,0,0,0,0,0,0,0,0,0,
"(org.eclipse.collections.impl.jmh.IntListJMHTest.sumJDKIntStreamParallel,6f621e86fd4f388382cb0de86293b8397ef9cda9)",0,0,0,0,0,0,0,0,0,0,0,0,0,0,0,0,0,0,0,0,0,0,0,0,0,0,0,
"(org.eclipse.collections.impl.jmh.set.sorted.SortedSetIterationTest.parallel_mutable_ec,6f621e86fd4f388382cb0de86293b8397ef9cda9)",0,0,0,0,0,0,0,0,0,0,0,0,0,0,0,0,0,0,0,0,0,0,0,0,0,0,0,
"(org.eclipse.collections.impl.jmh.MaxByDoubleTest.maxByMarketValue_serial_lazy_collect_lambda_jdk,6f621e86fd4f388382cb0de86293b8397ef9cda9)",0,0,0,0,0,0,0,0,0,0,0,0,0,0,0,0,0,0,0,0,0,0,0,0,0,0,0,
"(org.eclipse.collections.impl.jmh.NoneSatisfyTest.process_none_serial_lazy_jdk,6f621e86fd4f388382cb0de86293b8397ef9cda9)",0,0,0,0,0,0,0,0,0,0,0,0,0,0,0,0,0,0,0,0,0,0,0,0,0,0,0,
"(org.eclipse.collections.impl.jmh.GroupByListTest.groupBy_100_keys_serial_lazy_scala,6f621e86fd4f388382cb0de86293b8397ef9cda9)",0,0,0,0,0,0,0,0,0,0,0,0,0,0,0,0,0,0,0,0,0,0,0,0,0,0,0,
"(org.eclipse.collections.impl.jmh.LongLongMapSmallStressTest.ecRemove,6f621e86fd4f388382cb0de86293b8397ef9cda9)",0,0,0,0,0,0,0,0,0,0,0,0,0,0,0,0,0,0,0,0,0,0,0,0,0,0,0,
"(org.eclipse.collections.impl.jmh.map.MapGrowthTest.mutableEcPut,6f621e86fd4f388382cb0de86293b8397ef9cda9)",0,0,0,0,0,0,0,0,0,0,0,0,0,0,0,0,0,0,0,0,0,0,0,0,0,0,0,
"(org.eclipse.collections.impl.jmh.FunctionalInterfaceSetTest.serial_eager_ec,6f621e86fd4f388382cb0de86293b8397ef9cda9)",0,0,0,0,0,0,0,0,0,0,0,0,0,0,0,0,0,0,0,0,0,0,0,0,0,0,0,
"(org.eclipse.collections.impl.jmh.MaxByDoubleTest.maxByMarketValue_serial_eager_ec,6f621e86fd4f388382cb0de86293b8397ef9cda9)",0,0,0,0,0,0,0,0,0,0,0,0,0,0,0,0,0,0,0,0,0,0,0,0,0,0,0,
"(org.eclipse.collections.impl.jmh.MaxByIntTest.maxByQuantity_parallel_lazy_collect_methodref_jdk,6f621e86fd4f388382cb0de86293b8397ef9cda9)",0,0,0,0,0,0,0,0,0,0,0,0,0,0,0,0,0,0,0,0,0,0,0,0,0,0,0,
"(org.eclipse.collections.impl.jmh.CollectorJoiningTest.serial_eager_collectToStringJoining_ec,6f621e86fd4f388382cb0de86293b8397ef9cda9)",0,0,0,0,0,0,0,0,0,0,0,0,0,0,0,0,0,0,0,0,0,0,0,0,0,0,0,
"(org.eclipse.collections.impl.jmh.GroupByListTest.groupBy_100_keys_serial_eager_scala,6f621e86fd4f388382cb0de86293b8397ef9cda9)",0,0,0,0,0,0,0,0,0,0,0,0,0,0,0,0,0,0,0,0,0,0,0,0,0,0,0,
"(org.eclipse.collections.impl.jmh.SummarizeIntTest.serial_lazy_summarizeInt_ec,6f621e86fd4f388382cb0de86293b8397ef9cda9)",0,0,0,0,0,0,0,0,0,0,0,0,0,0,0,0,0,0,0,0,0,0,0,0,0,0,0,
"(org.eclipse.collections.impl.jmh.map.MapGrowthTest.immutableScalaPut,6f621e86fd4f388382cb0de86293b8397ef9cda9)",0,0,0,0,0,0,0,0,0,0,0,0,0,0,0,0,0,0,0,0,0,0,0,0,0,0,0,
"(org.eclipse.collections.impl.jmh.GroupByListTest.groupBy_2_keys_serial_lazy_jdk,6f621e86fd4f388382cb0de86293b8397ef9cda9)",0,0,0,0,0,0,0,0,0,0,0,0,0,0,0,0,0,0,0,0,0,0,0,0,0,0,0,
"(org.eclipse.collections.impl.jmh.MaxByDoubleTest.maxByMarketValue_serial_lazy_collect_methodref_jdk,6f621e86fd4f388382cb0de86293b8397ef9cda9)",0,0,0,0,0,0,0,0,0,0,0,0,0,0,0,0,0,0,0,0,0,0,0,0,0,0,0,
"(org.eclipse.collections.impl.jmh.SumByDoubleTest.sumByProduct_serial_lazy_jdk,6f621e86fd4f388382cb0de86293b8397ef9cda9)",0,0,0,0,0,0,0,0,0,0,0,0,0,0,0,0,0,0,0,0,0,0,0,0,0,0,0,
"(org.eclipse.collections.impl.jmh.IntListJMHTest.filterJDKIntStreamParallel,6f621e86fd4f388382cb0de86293b8397ef9cda9)",0,0,0,0,0,0,0,0,0,0,0,0,0,0,0,0,0,0,0,0,0,0,0,0,0,0,0,
"(org.eclipse.collections.impl.jmh.AggregateByTest.aggregateByProduct_parallel_eager_ec,6f621e86fd4f388382cb0de86293b8397ef9cda9)",0,0,0,0,0,0,0,0,0,0,0,0,0,0,0,0,0,0,0,0,0,0,0,0,0,0,0,
"(org.eclipse.collections.impl.jmh.AnagramSetTest.serial_lazy_streams_ec,6f621e86fd4f388382cb0de86293b8397ef9cda9)",0,0,0,0,0,0,0,0,0,0,0,0,0,0,0,0,0,0,0,0,0,0,0,0,0,0,0,
"(org.eclipse.collections.impl.jmh.MaxTest.serial_lazy_jdk,6f621e86fd4f388382cb0de86293b8397ef9cda9)",0,0,0,0,0,0,0,0,0,0,0,0,0,0,0,0,0,0,0,0,0,0,0,0,0,0,0,
"(org.eclipse.collections.impl.jmh.AnagramBagTest.parallel_lazy_ec,6f621e86fd4f388382cb0de86293b8397ef9cda9)",0,0,0,0,0,0,0,0,0,0,0,0,0,0,0,0,0,0,0,0,0,0,0,0,0,0,0,
"(org.eclipse.collections.impl.jmh.GroupByListTest.groupBy_2_keys_serial_lazy_ec,6f621e86fd4f388382cb0de86293b8397ef9cda9)",0,0,0,0,0,0,0,0,0,0,0,0,0,0,0,0,0,0,0,0,0,0,0,0,0,0,0,
"(org.eclipse.collections.impl.jmh.CollectIfTest.serial_lazy_ec,6f621e86fd4f388382cb0de86293b8397ef9cda9)",0,0,0,0,0,0,0,0,0,0,0,0,0,0,0,0,0,0,0,0,0,0,0,0,0,0,0,
"(org.eclipse.collections.impl.jmh.AggregateByTest.aggregateByProduct_parallel_lazy_ec,6f621e86fd4f388382cb0de86293b8397ef9cda9)",0,0,0,0,0,0,0,0,0,0,0,0,0,0,0,0,0,0,0,0,0,0,0,0,0,0,0,
"(org.eclipse.collections.impl.jmh.SumByDoubleTest.sumByAccount_serial_lazy_jdk,6f621e86fd4f388382cb0de86293b8397ef9cda9)",0,0,0,0,0,0,0,0,0,0,0,0,0,0,0,0,0,0,0,0,0,0,0,0,0,0,0,
"(org.eclipse.collections.impl.jmh.AnySatisfyTest.process_all_serial_lazy_streams_ec,6f621e86fd4f388382cb0de86293b8397ef9cda9)",0,0,0,0,0,0,0,0,0,0,0,0,0,0,0,0,0,0,0,0,0,0,0,0,0,0,0,
"(org.eclipse.collections.impl.jmh.GroupBySetTest.groupBy_unordered_lists_10000_keys_serial_eager_guava,6f621e86fd4f388382cb0de86293b8397ef9cda9)",0,0,0,0,0,0,0,0,0,0,0,0,0,0,0,0,0,0,0,0,0,0,0,0,0,0,0,
"(org.eclipse.collections.impl.jmh.MaxByIntTest.maxByQuantity_serial_lazy_collect_lambda_jdk,6f621e86fd4f388382cb0de86293b8397ef9cda9)",0,0,0,0,0,0,0,0,0,0,0,0,0,0,0,0,0,0,0,0,0,0,0,0,0,0,0,
"(org.eclipse.collections.impl.jmh.FunctionalInterfaceTest.serial_eager_scala,6f621e86fd4f388382cb0de86293b8397ef9cda9)",0,0,0,0,0,0,0,0,0,0,0,0,0,0,0,0,0,0,0,0,0,0,0,0,0,0,0,
"(org.eclipse.collections.impl.jmh.MinTest.serial_lazy_jdk,6f621e86fd4f388382cb0de86293b8397ef9cda9)",0,0,0,0,0,0,0,0,0,0,0,0,0,0,0,0,0,0,0,0,0,0,0,0,0,0,0,
"(org.eclipse.collections.impl.jmh.IntIntMapLargeStressTest.kolobokeRemove,6f621e86fd4f388382cb0de86293b8397ef9cda9)",0,0,0,0,0,0,0,0,0,0,0,0,0,0,0,0,0,0,0,0,0,0,0,0,0,0,0,
"(org.eclipse.collections.impl.jmh.SelectTest.parallel_lazy_jdk,6f621e86fd4f388382cb0de86293b8397ef9cda9)",0,0,0,0,0,0,0,0,0,0,0,0,0,0,0,0,0,0,0,0,0,0,0,0,0,0,0,
"(org.eclipse.collections.impl.jmh.IntListJMHTest.sumECBoxedEager,6f621e86fd4f388382cb0de86293b8397ef9cda9)",0,0,0,0,0,0,0,0,0,0,0,0,0,0,0,0,0,0,0,0,0,0,0,0,0,0,0,
"(org.eclipse.collections.impl.jmh.IntIntMapSmallStressTest.kolobokeRemove,6f621e86fd4f388382cb0de86293b8397ef9cda9)",0,0,0,0,0,0,0,0,0,0,0,0,0,0,0,0,0,0,0,0,0,0,0,0,0,0,0,
"(org.eclipse.collections.impl.jmh.GroupBySetTest.groupBy_unordered_lists_10000_keys_serial_lazy_ec,6f621e86fd4f388382cb0de86293b8397ef9cda9)",0,0,0,0,0,0,0,0,0,0,0,0,0,0,0,0,0,0,0,0,0,0,0,0,0,0,0,
"(org.eclipse.collections.impl.jmh.SumOfIntTest.parallel_lazy_mapToIntSum_jdk,6f621e86fd4f388382cb0de86293b8397ef9cda9)",0,0,0,0,0,0,0,0,0,0,0,0,0,0,0,0,0,0,0,0,0,0,0,0,0,0,0,
"(org.eclipse.collections.impl.jmh.GroupBySetTest.groupBy_100_keys_parallel_lazy_scala,6f621e86fd4f388382cb0de86293b8397ef9cda9)",0,0,0,0,0,0,0,0,0,0,0,0,0,0,0,0,0,0,0,0,0,0,0,0,0,0,0,
"(org.eclipse.collections.impl.jmh.AggregateByTest.aggregateInPlaceByCategory_parallel_eager_ec,6f621e86fd4f388382cb0de86293b8397ef9cda9)",0,0,0,0,0,0,0,0,0,0,0,0,0,0,0,0,0,0,0,0,0,0,0,0,0,0,0,
"(org.eclipse.collections.impl.jmh.AggregateByTest.aggregateByAccount_serial_lazy_ec,6f621e86fd4f388382cb0de86293b8397ef9cda9)",0,0,0,0,0,0,0,0,0,0,0,0,0,0,0,0,0,0,0,0,0,0,0,0,0,0,0,
"(org.eclipse.collections.impl.jmh.CollectIfTest.parallel_lazy_streams_ec,6f621e86fd4f388382cb0de86293b8397ef9cda9)",0,0,0,0,0,0,0,0,0,0,0,0,0,0,0,0,0,0,0,0,0,0,0,0,0,0,0,
"(org.eclipse.collections.impl.jmh.GroupBySetTest.groupBy_10000_keys_parallel_lazy_ec,6f621e86fd4f388382cb0de86293b8397ef9cda9)",0,0,0,0,0,0,0,0,0,0,0,0,0,0,0,0,0,0,0,0,0,0,0,0,0,0,0,
"(org.eclipse.collections.impl.jmh.set.sorted.SortedSetIterationTest.parallel_immutable_ec,6f621e86fd4f388382cb0de86293b8397ef9cda9)",0,0,0,0,0,0,0,0,0,0,0,0,0,0,0,0,0,0,0,0,0,0,0,0,0,0,0,
"(org.eclipse.collections.impl.jmh.ListAddAllTest.jdk,6f621e86fd4f388382cb0de86293b8397ef9cda9)",0,0,0,0,0,0,0,0,0,0,0,0,0,0,0,0,0,0,0,0,0,0,0,0,0,0,0,
"(org.eclipse.collections.impl.jmh.SumOfDoubleTest.serial_eager_directSumOfDouble_ec,6f621e86fd4f388382cb0de86293b8397ef9cda9)",0,0,0,0,0,0,0,0,0,0,0,0,0,0,0,0,0,0,0,0,0,0,0,0,0,0,0,
"(org.eclipse.collections.impl.jmh.AnagramBagTest.parallel_eager_forkjoin_ec,6f621e86fd4f388382cb0de86293b8397ef9cda9)",0,0,0,0,0,0,0,0,0,0,0,0,0,0,0,0,0,0,0,0,0,0,0,0,0,0,0,
"(org.eclipse.collections.impl.jmh.CountSetTest.serial_lazy_scala,6f621e86fd4f388382cb0de86293b8397ef9cda9)",0,0,0,0,0,0,0,0,0,0,0,0,0,0,0,0,0,0,0,0,0,0,0,0,0,0,0,
"(org.eclipse.collections.impl.jmh.GroupByListTest.groupBy_10000_keys_serial_eager_ec,6f621e86fd4f388382cb0de86293b8397ef9cda9)",0,0,0,0,0,0,0,0,0,0,0,0,0,0,0,0,0,0,0,0,0,0,0,0,0,0,0,
"(org.eclipse.collections.impl.jmh.CollectTest.serial_lazy_jdk,6f621e86fd4f388382cb0de86293b8397ef9cda9)",0,0,0,0,0,0,0,0,0,0,0,0,0,0,0,0,0,0,0,0,0,0,0,0,0,0,0,
"(org.eclipse.collections.impl.jmh.AnySatisfyTest.short_circuit_middle_parallel_lazy_scala,6f621e86fd4f388382cb0de86293b8397ef9cda9)",0,0,0,0,0,0,0,0,0,0,0,0,0,0,0,0,0,0,0,0,0,0,0,0,0,0,0,
"(org.eclipse.collections.impl.jmh.MinByIntTest.minByQuantity_serial_lazy_ec,6f621e86fd4f388382cb0de86293b8397ef9cda9)",0,0,0,0,0,0,0,0,0,0,0,0,0,0,0,0,0,0,0,0,0,0,0,0,0,0,0,
"(org.eclipse.collections.impl.jmh.IntIntMapSmallStressTest.ecPut,6f621e86fd4f388382cb0de86293b8397ef9cda9)",0,0,0,0,0,0,0,0,0,0,0,0,0,0,0,0,0,0,0,0,0,0,0,0,0,0,0,
"(org.eclipse.collections.impl.jmh.IntListJMHTest.filterMapSumECBoxedEager,6f621e86fd4f388382cb0de86293b8397ef9cda9)",0,0,0,0,0,0,0,0,0,0,0,0,0,0,0,0,0,0,0,0,0,0,0,0,0,0,0,
"(org.eclipse.collections.impl.jmh.SumByDoubleTest.sumByCategory_parallel_lazy_jdk,6f621e86fd4f388382cb0de86293b8397ef9cda9)",0,0,0,0,0,0,0,0,0,0,0,0,0,0,0,0,0,0,0,0,0,0,0,0,0,0,0,
"(org.eclipse.collections.impl.jmh.SelectTest.parallel_eager_ec,6f621e86fd4f388382cb0de86293b8397ef9cda9)",0,0,0,0,0,0,0,0,0,0,0,0,0,0,0,0,0,0,0,0,0,0,0,0,0,0,0,
"(org.eclipse.collections.impl.jmh.set.sorted.SortedSetIterationTest.serial_mutable_ec,6f621e86fd4f388382cb0de86293b8397ef9cda9)",0,0,0,0,0,0,0,0,0,0,0,0,0,0,0,0,0,0,0,0,0,0,0,0,0,0,0,
"(org.eclipse.collections.impl.jmh.CountSetTest.parallel_lazy_streams_ec,6f621e86fd4f388382cb0de86293b8397ef9cda9)",0,0,0,0,0,0,0,0,0,0,0,0,0,0,0,0,0,0,0,0,0,0,0,0,0,0,0,
"(org.eclipse.collections.impl.jmh.set.sorted.SortedSetIterationTest.serial_immutable_ec,6f621e86fd4f388382cb0de86293b8397ef9cda9)",0,0,0,0,0,0,0,0,0,0,0,0,0,0,0,0,0,0,0,0,0,0,0,0,0,0,0,
"(org.eclipse.collections.impl.jmh.CollectorJoiningTest.parallel_lazy_makeString_ec,6f621e86fd4f388382cb0de86293b8397ef9cda9)",0,0,0,0,0,0,0,0,0,0,0,0,0,0,0,0,0,0,0,0,0,0,0,0,0,0,0,
"(org.eclipse.collections.impl.jmh.AggregateByTest.aggregateInPlaceByAccount_parallel_lazy_ec,6f621e86fd4f388382cb0de86293b8397ef9cda9)",0,0,0,0,0,0,0,0,0,0,0,0,0,0,0,0,0,0,0,0,0,0,0,0,0,0,0,
"(org.eclipse.collections.impl.jmh.MinByIntTest.minByQuantity_serial_lazy_direct_lambda_jdk,6f621e86fd4f388382cb0de86293b8397ef9cda9)",0,0,0,0,0,0,0,0,0,0,0,0,0,0,0,0,0,0,0,0,0,0,0,0,0,0,0,
"(org.eclipse.collections.impl.jmh.CollectorJoiningTest.serial_lazy_mapToStringJoining_jdk,6f621e86fd4f388382cb0de86293b8397ef9cda9)",0,0,0,0,0,0,0,0,0,0,0,0,0,0,0,0,0,0,0,0,0,0,0,0,0,0,0,
"(org.eclipse.collections.impl.jmh.GroupByListTest.groupBy_100_keys_serial_lazy_jdk,6f621e86fd4f388382cb0de86293b8397ef9cda9)",0,0,0,0,0,0,0,0,0,0,0,0,0,0,0,0,0,0,0,0,0,0,0,0,0,0,0,
"(org.eclipse.collections.impl.jmh.SumByDoubleTest.sumByAccount_parallel_eager_ec,6f621e86fd4f388382cb0de86293b8397ef9cda9)",0,0,0,0,0,0,0,0,0,0,0,0,0,0,0,0,0,0,0,0,0,0,0,0,0,0,0,
"(org.eclipse.collections.impl.jmh.FunctionalInterfaceTest.serial_lazy_ec,6f621e86fd4f388382cb0de86293b8397ef9cda9)",0,0,0,0,0,0,0,0,0,0,0,0,0,0,0,0,0,0,0,0,0,0,0,0,0,0,0,
"(org.eclipse.collections.impl.jmh.SumByBigDecimalTest.sumByBigDecimalCategory_serial_eager_ec,6f621e86fd4f388382cb0de86293b8397ef9cda9)",0,0,0,0,0,0,0,0,0,0,0,0,0,0,0,0,0,0,0,0,0,0,0,0,0,0,0,
"(org.eclipse.collections.impl.jmh.CollectTest.parallel_lazy_scala,6f621e86fd4f388382cb0de86293b8397ef9cda9)",0,0,0,0,0,0,0,0,0,0,0,0,0,0,0,0,0,0,0,0,0,0,0,0,0,0,0,
"(org.eclipse.collections.impl.jmh.NoneSatisfyTest.short_circuit_middle_serial_lazy_ec,6f621e86fd4f388382cb0de86293b8397ef9cda9)",0,0,0,0,0,0,0,0,0,0,0,0,0,0,0,0,0,0,0,0,0,0,0,0,0,0,0,
"(org.eclipse.collections.impl.jmh.IntIntMapSmallStressTest.kolobokeGet,6f621e86fd4f388382cb0de86293b8397ef9cda9)",0,0,0,0,0,0,0,0,0,0,0,0,0,0,0,0,0,0,0,0,0,0,0,0,0,0,0,
"(org.eclipse.collections.impl.jmh.IntListJMHTest.filterECParallelEager,6f621e86fd4f388382cb0de86293b8397ef9cda9)",0,0,0,0,0,0,0,0,0,0,0,0,0,0,0,0,0,0,0,0,0,0,0,0,0,0,0,
"(org.eclipse.collections.impl.jmh.CollectTest.serial_lazy_ec,6f621e86fd4f388382cb0de86293b8397ef9cda9)",0,0,0,0,0,0,0,0,0,0,0,0,0,0,0,0,0,0,0,0,0,0,0,0,0,0,0,
"(org.eclipse.collections.impl.jmh.LongIntMapTest.remove,6f621e86fd4f388382cb0de86293b8397ef9cda9)",0,0,0,0,0,0,0,0,0,0,0,0,0,0,0,0,0,0,0,0,0,0,0,0,0,0,0,
"(org.eclipse.collections.impl.jmh.AnagramBagTest.serial_lazy_streams_ec,6f621e86fd4f388382cb0de86293b8397ef9cda9)",0,0,0,0,0,0,0,0,0,0,0,0,0,0,0,0,0,0,0,0,0,0,0,0,0,0,0,
"(org.eclipse.collections.impl.jmh.CountSetTest.serial_lazy_ec,6f621e86fd4f388382cb0de86293b8397ef9cda9)",0,0,0,0,0,0,0,0,0,0,0,0,0,0,0,0,0,0,0,0,0,0,0,0,0,0,0,
"(org.eclipse.collections.impl.jmh.CollectIfTest.serial_lazy_streams_ec,6f621e86fd4f388382cb0de86293b8397ef9cda9)",0,0,0,0,0,0,0,0,0,0,0,0,0,0,0,0,0,0,0,0,0,0,0,0,0,0,0,
"(org.eclipse.collections.impl.jmh.CountSetTest.parallel_lazy_ec,6f621e86fd4f388382cb0de86293b8397ef9cda9)",0,0,0,0,0,0,0,0,0,0,0,0,0,0,0,0,0,0,0,0,0,0,0,0,0,0,0,
"(org.eclipse.collections.impl.jmh.map.ScalaImmutableMapGetTest.get,6f621e86fd4f388382cb0de86293b8397ef9cda9)",0,0,0,0,0,0,0,0,0,0,0,0,0,0,0,0,0,0,0,0,0,0,0,0,0,0,0,
"(org.eclipse.collections.impl.jmh.AnySatisfyTest.short_circuit_middle_serial_eager_scala,6f621e86fd4f388382cb0de86293b8397ef9cda9)",0,0,0,0,0,0,0,0,0,0,0,0,0,0,0,0,0,0,0,0,0,0,0,0,0,0,0,
"(org.eclipse.collections.impl.jmh.map.ChainMapPutTest.ec,6f621e86fd4f388382cb0de86293b8397ef9cda9)",0,0,0,0,0,0,0,0,0,0,0,0,0,0,0,0,0,0,0,0,0,0,0,0,0,0,0,
"(org.eclipse.collections.impl.jmh.AggregateByTest.aggregateByAccount_parallel_eager_ec,6f621e86fd4f388382cb0de86293b8397ef9cda9)",0,0,0,0,0,0,0,0,0,0,0,0,0,0,0,0,0,0,0,0,0,0,0,0,0,0,0,
"(org.eclipse.collections.impl.jmh.FunctionalInterfaceTest.parallel_lazy_ec_hand_coded,6f621e86fd4f388382cb0de86293b8397ef9cda9)",0,0,0,0,0,0,0,0,0,0,0,0,0,0,0,0,0,0,0,0,0,0,0,0,0,0,0,
"(org.eclipse.collections.impl.jmh.SumByDoubleTest.sumByProduct_parallel_lazy_streams_ec,6f621e86fd4f388382cb0de86293b8397ef9cda9)",0,0,0,0,0,0,0,0,0,0,0,0,0,0,0,0,0,0,0,0,0,0,0,0,0,0,0,
"(org.eclipse.collections.impl.jmh.AnagramListTest.parallel_lazy_streams_ec,6f621e86fd4f388382cb0de86293b8397ef9cda9)",0,0,0,0,0,0,0,0,0,0,0,0,0,0,0,0,0,0,0,0,0,0,0,0,0,0,0,
"(org.eclipse.collections.impl.jmh.CountSetTest.serial_eager_scala,6f621e86fd4f388382cb0de86293b8397ef9cda9)",0,0,0,0,0,0,0,0,0,0,0,0,0,0,0,0,0,0,0,0,0,0,0,0,0,0,0,
"(org.eclipse.collections.impl.jmh.LongLongMapLargeStressTest.ecPut,6f621e86fd4f388382cb0de86293b8397ef9cda9)",0,0,0,0,0,0,0,0,0,0,0,0,0,0,0,0,0,0,0,0,0,0,0,0,0,0,0,
"(org.eclipse.collections.impl.jmh.GroupBySetTest.groupBy_10000_keys_serial_lazy_jdk,6f621e86fd4f388382cb0de86293b8397ef9cda9)",0,0,0,0,0,0,0,0,0,0,0,0,0,0,0,0,0,0,0,0,0,0,0,0,0,0,0,
"(org.eclipse.collections.impl.jmh.GroupBySetTest.groupBy_100_keys_serial_lazy_jdk,6f621e86fd4f388382cb0de86293b8397ef9cda9)",0,0,0,0,0,0,0,0,0,0,0,0,0,0,0,0,0,0,0,0,0,0,0,0,0,0,0,
"(org.eclipse.collections.impl.jmh.MaxTest.parallel_lazy_ec,6f621e86fd4f388382cb0de86293b8397ef9cda9)",0,0,0,0,0,0,0,0,0,0,0,0,0,0,0,0,0,0,0,0,0,0,0,0,0,0,0,
"(org.eclipse.collections.impl.jmh.AggregateByTest.aggregateByAccount_parallel_lazy_streams_ec,6f621e86fd4f388382cb0de86293b8397ef9cda9)",0,0,0,0,0,0,0,0,0,0,0,0,0,0,0,0,0,0,0,0,0,0,0,0,0,0,0,
"(org.eclipse.collections.impl.jmh.GroupBySetTest.groupBy_100_keys_parallel_lazy_jdk,6f621e86fd4f388382cb0de86293b8397ef9cda9)",0,0,0,0,0,0,0,0,0,0,0,0,0,0,0,0,0,0,0,0,0,0,0,0,0,0,0,
"(org.eclipse.collections.impl.jmh.AnySatisfyTest.short_circuit_middle_serial_eager_ec,6f621e86fd4f388382cb0de86293b8397ef9cda9)",0,0,0,0,0,0,0,0,0,0,0,0,0,0,0,0,0,0,0,0,0,0,0,0,0,0,0,
"(org.eclipse.collections.impl.jmh.AllSatisfyTest.short_circuit_middle_serial_lazy_streams_ec,6f621e86fd4f388382cb0de86293b8397ef9cda9)",0,0,0,0,0,0,0,0,0,0,0,0,0,0,0,0,0,0,0,0,0,0,0,0,0,0,0,
"(org.eclipse.collections.impl.jmh.GroupByListTest.groupBy_10000_keys_serial_lazy_scala,6f621e86fd4f388382cb0de86293b8397ef9cda9)",0,0,0,0,0,0,0,0,0,0,0,0,0,0,0,0,0,0,0,0,0,0,0,0,0,0,0,
"(org.eclipse.collections.impl.jmh.GroupByListTest.groupBy_100_keys_serial_lazy_ec,6f621e86fd4f388382cb0de86293b8397ef9cda9)",0,0,0,0,0,0,0,0,0,0,0,0,0,0,0,0,0,0,0,0,0,0,0,0,0,0,0,
"(org.eclipse.collections.impl.jmh.GroupBySetTest.groupBy_unordered_lists_100_keys_serial_lazy_ec,6f621e86fd4f388382cb0de86293b8397ef9cda9)",0,0,0,0,0,0,0,0,0,0,0,0,0,0,0,0,0,0,0,0,0,0,0,0,0,0,0,
"(org.eclipse.collections.impl.jmh.MinByIntTest.minByQuantity_parallel_lazy_collect_lambda_jdk,6f621e86fd4f388382cb0de86293b8397ef9cda9)",0,0,0,0,0,0,0,0,0,0,0,0,0,0,0,0,0,0,0,0,0,0,0,0,0,0,0,
"(org.eclipse.collections.impl.jmh.NoneSatisfyTest.process_none_serial_eager_ec,6f621e86fd4f388382cb0de86293b8397ef9cda9)",0,0,0,0,0,0,0,0,0,0,0,0,0,0,0,0,0,0,0,0,0,0,0,0,0,0,0,
"(org.eclipse.collections.impl.jmh.CountTest.parallel_lazy_jdk,6f621e86fd4f388382cb0de86293b8397ef9cda9)",0,0,0,0,0,0,0,0,0,0,0,0,0,0,0,0,0,0,0,0,0,0,0,0,0,0,0,
"(org.eclipse.collections.impl.jmh.PartitionTest.serial_lazy_streams_ec,6f621e86fd4f388382cb0de86293b8397ef9cda9)",0,0,0,0,0,0,0,0,0,0,0,0,0,0,0,0,0,0,0,0,0,0,0,0,0,0,0,
"(org.eclipse.collections.impl.jmh.SumByBigDecimalTest.sumByBigDecimalCategory_parallel_eager_ec,6f621e86fd4f388382cb0de86293b8397ef9cda9)",0,0,0,0,0,0,0,0,0,0,0,0,0,0,0,0,0,0,0,0,0,0,0,0,0,0,0,
"(org.eclipse.collections.impl.jmh.IntIntMapLargeStressTest.kolobokePut,6f621e86fd4f388382cb0de86293b8397ef9cda9)",0,0,0,0,0,0,0,0,0,0,0,0,0,0,0,0,0,0,0,0,0,0,0,0,0,0,0,
"(org.eclipse.collections.impl.jmh.MaxByDoubleTest.maxByMarketValue_serial_lazy_ec,6f621e86fd4f388382cb0de86293b8397ef9cda9)",0,0,0,0,0,0,0,0,0,0,0,0,0,0,0,0,0,0,0,0,0,0,0,0,0,0,0,
"(org.eclipse.collections.impl.jmh.MinTest.parallel_lazy_streams_ec,6f621e86fd4f388382cb0de86293b8397ef9cda9)",0,0,0,0,0,0,0,0,0,0,0,0,0,0,0,0,0,0,0,0,0,0,0,0,0,0,0,
"(org.eclipse.collections.impl.jmh.CollectTest.parallel_lazy_streams_ec,6f621e86fd4f388382cb0de86293b8397ef9cda9)",0,0,0,0,0,0,0,0,0,0,0,0,0,0,0,0,0,0,0,0,0,0,0,0,0,0,0,
"(org.eclipse.collections.impl.jmh.CountTest.serial_lazy_scala,6f621e86fd4f388382cb0de86293b8397ef9cda9)",0,0,0,0,0,0,0,0,0,0,0,0,0,0,0,0,0,0,0,0,0,0,0,0,0,0,0,
"(org.eclipse.collections.impl.jmh.MaxTest.parallel_lazy_reverse_ec,6f621e86fd4f388382cb0de86293b8397ef9cda9)",0,0,0,0,0,0,0,0,0,0,0,0,0,0,0,0,0,0,0,0,0,0,0,0,0,0,0,
"(org.eclipse.collections.impl.jmh.MinByDoubleTest.minByMarketValue_parallel_lazy_collect_methodref_jdk,6f621e86fd4f388382cb0de86293b8397ef9cda9)",0,0,0,0,0,0,0,0,0,0,0,0,0,0,0,0,0,0,0,0,0,0,0,0,0,0,0,
"(org.eclipse.collections.impl.jmh.MinTest.serial_lazy_intstream_jdk,6f621e86fd4f388382cb0de86293b8397ef9cda9)",0,0,0,0,0,0,0,0,0,0,0,0,0,0,0,0,0,0,0,0,0,0,0,0,0,0,0,
"(org.eclipse.collections.impl.jmh.PartitionTest.serial_lazy_ec,6f621e86fd4f388382cb0de86293b8397ef9cda9)",0,0,0,0,0,0,0,0,0,0,0,0,0,0,0,0,0,0,0,0,0,0,0,0,0,0,0,
"(org.eclipse.collections.impl.jmh.SelectTest.serial_lazy_ec,6f621e86fd4f388382cb0de86293b8397ef9cda9)",0,0,0,0,0,0,0,0,0,0,0,0,0,0,0,0,0,0,0,0,0,0,0,0,0,0,0,
"(org.eclipse.collections.impl.jmh.SumOfIntTest.serial_lazy_collectIntSum_ec,6f621e86fd4f388382cb0de86293b8397ef9cda9)",0,0,0,0,0,0,0,0,0,0,0,0,0,0,0,0,0,0,0,0,0,0,0,0,0,0,0,
"(org.eclipse.collections.impl.jmh.AnySatisfyTest.short_circuit_middle_parallel_lazy_jdk,6f621e86fd4f388382cb0de86293b8397ef9cda9)",0,0,0,0,0,0,0,0,0,0,0,0,0,0,0,0,0,0,0,0,0,0,0,0,0,0,0,
"(org.eclipse.collections.impl.jmh.MaxByDoubleTest.maxByMarketValue_serial_lazy_direct_lambda_jdk,6f621e86fd4f388382cb0de86293b8397ef9cda9)",0,0,0,0,0,0,0,0,0,0,0,0,0,0,0,0,0,0,0,0,0,0,0,0,0,0,0,
"(org.eclipse.collections.impl.jmh.CountTest.serial_lazy_ec,6f621e86fd4f388382cb0de86293b8397ef9cda9)",0,0,0,0,0,0,0,0,0,0,0,0,0,0,0,0,0,0,0,0,0,0,0,0,0,0,0,
"(org.eclipse.collections.impl.jmh.GroupBySetTest.groupBy_100_keys_serial_lazy_streams_ec,6f621e86fd4f388382cb0de86293b8397ef9cda9)",0,0,0,0,0,0,0,0,0,0,0,0,0,0,0,0,0,0,0,0,0,0,0,0,0,0,0,
"(org.eclipse.collections.impl.jmh.SumByDoubleTest.sumByCategory_serial_lazy_streams_ec,6f621e86fd4f388382cb0de86293b8397ef9cda9)",0,0,0,0,0,0,0,0,0,0,0,0,0,0,0,0,0,0,0,0,0,0,0,0,0,0,0,
"(org.eclipse.collections.impl.jmh.ListEqualTest.ec,6f621e86fd4f388382cb0de86293b8397ef9cda9)",0,0,0,0,0,0,0,0,0,0,0,0,0,0,0,0,0,0,0,0,0,0,0,0,0,0,0,
"(org.eclipse.collections.impl.jmh.AnagramSetTest.parallel_lazy_jdk,6f621e86fd4f388382cb0de86293b8397ef9cda9)",0,0,0,0,0,0,0,0,0,0,0,0,0,0,0,0,0,0,0,0,0,0,0,0,0,0,0,
"(org.eclipse.collections.impl.jmh.SumByBigDecimalTest.sumByBigDecimalAccount_serial_eager_ec,6f621e86fd4f388382cb0de86293b8397ef9cda9)",0,0,0,0,0,0,0,0,0,0,0,0,0,0,0,0,0,0,0,0,0,0,0,0,0,0,0,
"(org.eclipse.collections.impl.jmh.CountSetTest.parallel_eager_ec,6f621e86fd4f388382cb0de86293b8397ef9cda9)",0,0,0,0,0,0,0,0,0,0,0,0,0,0,0,0,0,0,0,0,0,0,0,0,0,0,0,
"(org.eclipse.collections.impl.jmh.MaxByIntTest.maxByQuantity_serial_eager_ec,6f621e86fd4f388382cb0de86293b8397ef9cda9)",0,0,0,0,0,0,0,0,0,0,0,0,0,0,0,0,0,0,0,0,0,0,0,0,0,0,0,
"(org.eclipse.collections.impl.jmh.SumByDoubleTest.sumByAccount_parallel_lazy_streams_ec,6f621e86fd4f388382cb0de86293b8397ef9cda9)",0,0,0,0,0,0,0,0,0,0,0,0,0,0,0,0,0,0,0,0,0,0,0,0,0,0,0,
"(org.eclipse.collections.impl.jmh.set.sorted.SortedSetContainsTest.contains_mutable_scala,6f621e86fd4f388382cb0de86293b8397ef9cda9)",0,0,0,0,0,0,0,0,0,0,0,0,0,0,0,0,0,0,0,0,0,0,0,0,0,0,0,
"(org.eclipse.collections.impl.jmh.map.KolobokeMapPutTest.koloboke,6f621e86fd4f388382cb0de86293b8397ef9cda9)",0,0,0,0,0,0,0,0,0,0,0,0,0,0,0,0,0,0,0,0,0,0,0,0,0,0,0,
"(org.eclipse.collections.impl.jmh.SumOfDoubleTest.serial_lazy_directSumOfDouble_ec,cbb680f9336a381f2daa9f800d6d70f77493ba7f)",0,0,0,0,0,0,0,0,0,0,0,0,0,0,0,0,0,0,0,0,0,0,0,0,0,0,0,
"(org.eclipse.collections.impl.jmh.IntIntMapSmallStressTest.ecGet,cbb680f9336a381f2daa9f800d6d70f77493ba7f)",0,0,0,0,0,0,0,0,0,0,0,0,0,0,0,0,0,0,0,0,0,0,0,0,0,0,0,
"(org.eclipse.collections.impl.jmh.IntListJMHTest.filterMapSumJDKBoxedParallelStream,cbb680f9336a381f2daa9f800d6d70f77493ba7f)",0,0,0,0,0,0,0,0,0,0,0,0,0,0,0,0,0,0,0,0,0,0,0,0,0,0,0,
"(org.eclipse.collections.impl.jmh.FunctionalInterfaceTest.parallel_lazy_ec,cbb680f9336a381f2daa9f800d6d70f77493ba7f)",0,0,0,0,0,0,0,0,0,0,0,0,0,0,0,0,0,0,0,0,0,0,0,0,0,0,0,
"(org.eclipse.collections.impl.jmh.SummarizeIntTest.serial_lazy_mapToIntSum_jdk,cbb680f9336a381f2daa9f800d6d70f77493ba7f)",0,0,0,0,0,0,0,0,0,0,0,0,0,0,0,0,0,0,0,0,0,0,0,0,0,0,0,
"(org.eclipse.collections.impl.jmh.LongLongMapSmallStressTest.kolobokeGet,cbb680f9336a381f2daa9f800d6d70f77493ba7f)",0,0,0,0,0,0,0,0,0,0,0,0,0,0,0,0,0,0,0,0,0,0,0,0,0,0,0,
"(org.eclipse.collections.impl.jmh.IntListJMHTest.mapJDKIntStreamParallel,cbb680f9336a381f2daa9f800d6d70f77493ba7f)",0,0,0,0,0,0,0,0,0,0,0,0,0,0,0,0,0,0,0,0,0,0,0,0,0,0,0,
"(org.eclipse.collections.impl.jmh.SumOfDoubleTest.serial_lazy_collectDoubleSum_jdk,cbb680f9336a381f2daa9f800d6d70f77493ba7f)",0,0,0,0,0,0,0,0,0,0,0,0,0,0,0,0,0,0,0,0,0,0,0,0,0,0,0,
"(org.eclipse.collections.impl.jmh.set.sorted.SortedSetContainsTest.contains_mutable_ec,cbb680f9336a381f2daa9f800d6d70f77493ba7f)",0,0,0,0,0,0,0,0,0,0,0,0,0,0,0,0,0,0,0,0,0,0,0,0,0,0,0,
"(org.eclipse.collections.impl.jmh.MinByDoubleTest.minByMarketValue_serial_lazy_collect_lambda_jdk,cbb680f9336a381f2daa9f800d6d70f77493ba7f)",0,0,0,0,0,0,0,0,0,0,0,0,0,0,0,0,0,0,0,0,0,0,0,0,0,0,0,
"(org.eclipse.collections.impl.jmh.GroupByListTest.groupBy_100_keys_serial_eager_guava,cbb680f9336a381f2daa9f800d6d70f77493ba7f)",0,0,0,0,0,0,0,0,0,0,0,0,0,0,0,0,0,0,0,0,0,0,0,0,0,0,0,
"(org.eclipse.collections.impl.jmh.AnagramSetTest.parallel_lazy_ec,cbb680f9336a381f2daa9f800d6d70f77493ba7f)",0,0,0,0,0,0,0,0,0,0,0,0,0,0,0,0,0,0,0,0,0,0,0,0,0,0,0,
"(org.eclipse.collections.impl.jmh.MaxByIntTest.maxByQuantity_parallel_lazy_direct_lambda_jdk,cbb680f9336a381f2daa9f800d6d70f77493ba7f)",0,0,0,0,0,0,0,0,0,0,0,0,0,0,0,0,0,0,0,0,0,0,0,0,0,0,0,
"(org.eclipse.collections.impl.jmh.MinTest.serial_eager_ec,cbb680f9336a381f2daa9f800d6d70f77493ba7f)",0,0,0,0,0,0,0,0,0,0,0,0,0,0,0,0,0,0,0,0,0,0,0,0,0,0,0,
"(org.eclipse.collections.impl.jmh.GroupBySetTest.groupBy_2_keys_parallel_lazy_ec,cbb680f9336a381f2daa9f800d6d70f77493ba7f)",0,0,0,0,0,0,0,0,0,0,0,0,0,0,0,0,0,0,0,0,0,0,0,0,0,0,0,
"(org.eclipse.collections.impl.jmh.AggregateByTest.aggregateByAccount_parallel_lazy_ec,cbb680f9336a381f2daa9f800d6d70f77493ba7f)",0,0,0,0,0,0,0,0,0,0,0,0,0,0,0,0,0,0,0,0,0,0,0,0,0,0,0,
"(org.eclipse.collections.impl.jmh.IntListJMHTest.filterJDKBoxedParallelStream,cbb680f9336a381f2daa9f800d6d70f77493ba7f)",0,0,0,0,0,0,0,0,0,0,0,0,0,0,0,0,0,0,0,0,0,0,0,0,0,0,0,
"(org.eclipse.collections.impl.jmh.CollectTest.parallel_lazy_jdk,cbb680f9336a381f2daa9f800d6d70f77493ba7f)",0,0,0,0,0,0,0,0,0,0,0,0,0,0,0,0,0,0,0,0,0,0,0,0,0,0,0,
"(org.eclipse.collections.impl.jmh.IntIntMapTest.put,cbb680f9336a381f2daa9f800d6d70f77493ba7f)",0,0,0,0,0,0,0,0,0,0,0,0,0,0,0,0,0,0,0,0,0,0,0,0,0,0,0,
"(org.eclipse.collections.impl.jmh.RejectTest.serial_lazy_streams_ec_lambda_negate,cbb680f9336a381f2daa9f800d6d70f77493ba7f)",0,0,0,0,0,0,0,0,0,0,0,0,0,0,0,0,0,0,0,0,0,0,0,0,0,0,0,
"(org.eclipse.collections.impl.jmh.AggregateByTest.aggregateByProduct_serial_lazy_ec,cbb680f9336a381f2daa9f800d6d70f77493ba7f)",0,0,0,0,1,1,0,0,2,0,0,0,0,0,0,0,0,0,0,0,0,0,0,0,0,0,4,
"(org.eclipse.collections.impl.jmh.IntListJMHTest.sumJDKBoxedStream,cbb680f9336a381f2daa9f800d6d70f77493ba7f)",0,0,0,0,0,0,0,0,0,0,0,0,0,0,0,0,0,0,0,0,0,0,0,0,0,0,0,
"(org.eclipse.collections.impl.jmh.IntIntMapLargeStressTest.jdkGet,cbb680f9336a381f2daa9f800d6d70f77493ba7f)",0,0,0,0,0,0,0,0,0,0,0,0,0,0,0,0,0,0,0,0,0,0,0,0,0,0,0,
"(org.eclipse.collections.impl.jmh.GroupByListTest.groupBy_100_keys_serial_eager_ec,cbb680f9336a381f2daa9f800d6d70f77493ba7f)",0,0,0,0,0,0,0,0,0,0,0,0,0,0,0,0,0,0,0,0,0,0,0,0,0,0,0,
"(org.eclipse.collections.impl.jmh.AggregateByTest.aggregateByProduct_serial_eager_ec,cbb680f9336a381f2daa9f800d6d70f77493ba7f)",0,0,0,0,1,1,0,0,2,0,0,0,0,0,0,0,0,0,0,0,0,0,0,0,0,0,4,
"(org.eclipse.collections.impl.jmh.MaxTest.serial_lazy_intstream_jdk,cbb680f9336a381f2daa9f800d6d70f77493ba7f)",0,0,0,0,0,0,0,0,0,0,0,0,0,0,0,0,0,0,0,0,0,0,0,0,0,0,0,
"(org.eclipse.collections.impl.jmh.FlatCollectTest.serial_lazy_jdk,cbb680f9336a381f2daa9f800d6d70f77493ba7f)",0,0,0,0,0,0,0,0,0,0,0,0,0,0,0,0,0,0,0,0,0,0,0,0,0,0,0,
"(org.eclipse.collections.impl.jmh.CollectorJoiningTest.serial_lazy_mapToStringJoining_ec,cbb680f9336a381f2daa9f800d6d70f77493ba7f)",0,0,0,0,0,0,0,0,0,0,0,0,0,0,0,0,0,0,0,0,0,0,0,0,0,0,0,
"(org.eclipse.collections.impl.jmh.GroupBySetTest.groupBy_unordered_lists_2_keys_serial_eager_guava,cbb680f9336a381f2daa9f800d6d70f77493ba7f)",0,0,0,0,0,0,0,0,0,0,0,0,0,0,0,0,0,0,0,0,0,0,0,0,0,0,0,
"(org.eclipse.collections.impl.jmh.AnagramListTest.parallel_eager_forkjoin_ec,cbb680f9336a381f2daa9f800d6d70f77493ba7f)",0,0,0,0,0,0,0,0,0,0,0,0,0,0,0,0,0,0,0,0,0,0,0,0,0,0,0,
"(org.eclipse.collections.impl.jmh.AnySatisfyTest.process_all_serial_lazy_ec,cbb680f9336a381f2daa9f800d6d70f77493ba7f)",0,0,0,0,0,0,0,0,0,0,0,0,0,0,0,0,0,0,0,0,0,0,0,0,0,0,0,
"(org.eclipse.collections.impl.jmh.FunctionalInterfaceSetTest.serial_lazy_jdk,cbb680f9336a381f2daa9f800d6d70f77493ba7f)",0,0,0,0,0,0,0,0,0,0,0,0,0,0,0,0,0,0,0,0,0,0,0,0,0,0,0,
"(org.eclipse.collections.impl.jmh.MaxByIntTest.maxByQuantity_serial_lazy_direct_lambda_jdk,cbb680f9336a381f2daa9f800d6d70f77493ba7f)",0,0,0,0,0,0,0,0,0,0,0,0,0,0,0,0,0,0,0,0,0,0,0,0,0,0,0,
"(org.eclipse.collections.impl.jmh.MaxTest.parallel_lazy_intstream_jdk,cbb680f9336a381f2daa9f800d6d70f77493ba7f)",0,0,0,0,0,0,0,0,0,0,0,0,0,0,0,0,0,0,0,0,0,0,0,0,0,0,0,
"(org.eclipse.collections.impl.jmh.SumOfDoubleTest.serial_lazy_collectDoubleSum_ec,cbb680f9336a381f2daa9f800d6d70f77493ba7f)",0,0,0,0,0,0,0,0,0,0,0,0,0,0,0,0,0,0,0,0,0,0,0,0,0,0,0,
"(org.eclipse.collections.impl.jmh.AggregateByTest.aggregateByCategory_serial_eager_ec,cbb680f9336a381f2daa9f800d6d70f77493ba7f)",0,0,0,0,1,1,0,0,2,0,0,0,0,0,0,0,0,0,0,0,0,0,0,0,0,0,4,
"(org.eclipse.collections.impl.jmh.CollectorJoiningTest.parallel_lazy_mapToStringJoining_jdk,cbb680f9336a381f2daa9f800d6d70f77493ba7f)",0,0,0,0,0,0,0,0,0,0,0,0,0,0,0,0,0,0,0,0,0,0,0,0,0,0,0,
"(org.eclipse.collections.impl.jmh.IntIntMapTest.get,cbb680f9336a381f2daa9f800d6d70f77493ba7f)",0,0,0,0,0,0,0,0,0,0,0,0,0,0,0,0,0,0,0,0,0,0,0,0,0,0,0,
"(org.eclipse.collections.impl.jmh.AggregateByTest.aggregateInPlaceByProduct_serial_eager_ec,cbb680f9336a381f2daa9f800d6d70f77493ba7f)",0,0,0,0,0,0,0,0,0,0,0,0,0,0,0,0,0,0,0,0,0,0,0,0,0,0,0,
"(org.eclipse.collections.impl.jmh.LongLongMapLargeStressTest.kolobokePut,cbb680f9336a381f2daa9f800d6d70f77493ba7f)",0,0,0,0,0,0,0,0,0,0,0,0,0,0,0,0,0,0,0,0,0,0,0,0,0,0,0,
"(org.eclipse.collections.impl.jmh.MaxTest.serial_lazy_reverse_ec,cbb680f9336a381f2daa9f800d6d70f77493ba7f)",0,0,0,0,0,0,0,0,0,0,0,0,0,0,0,0,0,0,0,0,0,0,0,0,0,0,0,
"(org.eclipse.collections.impl.jmh.GroupBySetTest.groupBy_2_keys_serial_lazy_scala,cbb680f9336a381f2daa9f800d6d70f77493ba7f)",0,0,0,0,0,0,0,0,0,0,0,0,0,0,0,0,0,0,0,0,0,0,0,0,0,0,0,
"(org.eclipse.collections.impl.jmh.GroupByListTest.groupBy_2_keys_serial_eager_guava,cbb680f9336a381f2daa9f800d6d70f77493ba7f)",0,0,0,0,0,0,0,0,0,0,0,0,0,0,0,0,0,0,0,0,0,0,0,0,0,0,0,
"(org.eclipse.collections.impl.jmh.AnySatisfyTest.short_circuit_middle_serial_lazy_scala,cbb680f9336a381f2daa9f800d6d70f77493ba7f)",0,0,0,0,0,0,0,0,0,0,0,0,0,0,0,0,0,0,0,0,0,0,0,0,0,0,0,
"(org.eclipse.collections.impl.jmh.GroupBySetTest.groupBy_2_keys_parallel_lazy_scala,cbb680f9336a381f2daa9f800d6d70f77493ba7f)",0,0,0,0,0,0,0,0,0,0,0,0,0,0,0,0,0,0,0,0,0,0,0,0,0,0,0,
"(org.eclipse.collections.impl.jmh.FunctionalInterfaceTest.parallel_eager_ec,cbb680f9336a381f2daa9f800d6d70f77493ba7f)",0,0,0,0,0,0,0,0,0,0,0,0,0,0,0,0,0,0,0,0,0,0,0,0,0,0,0,
"(org.eclipse.collections.impl.jmh.AggregateByTest.aggregateByProduct_serial_lazy_streams_ec,cbb680f9336a381f2daa9f800d6d70f77493ba7f)",0,0,0,0,0,0,0,0,0,0,0,0,0,0,0,0,0,0,0,0,0,0,0,0,0,0,0,
"(org.eclipse.collections.impl.jmh.FunctionalInterfaceTest.serial_eager_ec_hand_coded,cbb680f9336a381f2daa9f800d6d70f77493ba7f)",0,0,0,0,0,0,0,0,0,0,0,0,0,0,0,0,0,0,0,0,0,0,0,0,0,0,0,
"(org.eclipse.collections.impl.jmh.IntListJMHTest.mapJDKIntStreamToEC,cbb680f9336a381f2daa9f800d6d70f77493ba7f)",0,0,0,0,0,0,0,0,0,0,0,0,0,0,0,0,0,0,0,0,0,0,0,0,0,0,0,
"(org.eclipse.collections.impl.jmh.SumByDoubleTest.sumByAccount_serial_lazy_streams_ec,cbb680f9336a381f2daa9f800d6d70f77493ba7f)",0,0,0,0,0,0,0,0,0,0,0,0,0,0,0,0,0,0,0,0,0,0,0,0,0,0,0,
"(org.eclipse.collections.impl.jmh.AllSatisfyTest.short_circuit_middle_parallel_lazy_jdk,cbb680f9336a381f2daa9f800d6d70f77493ba7f)",0,0,0,0,0,0,0,0,0,0,0,0,0,0,0,0,0,0,0,0,0,0,0,0,0,0,0,
"(org.eclipse.collections.impl.jmh.map.JdkMutableMapGetTest.get,cbb680f9336a381f2daa9f800d6d70f77493ba7f)",0,0,0,0,0,0,0,0,0,0,0,0,0,0,0,0,0,0,0,0,0,0,0,0,0,0,0,
"(org.eclipse.collections.impl.jmh.GroupBySetTest.groupBy_unordered_lists_100_keys_serial_eager_guava,cbb680f9336a381f2daa9f800d6d70f77493ba7f)",0,0,0,0,0,0,0,0,0,0,0,0,0,0,0,0,0,0,0,0,0,0,0,0,0,0,0,
"(org.eclipse.collections.impl.jmh.IntListJMHTest.mapJDKIntStreamParallelToEC,cbb680f9336a381f2daa9f800d6d70f77493ba7f)",0,0,0,0,0,0,0,0,0,0,0,0,0,0,0,0,0,0,0,0,0,0,0,0,0,0,0,
"(org.eclipse.collections.impl.jmh.AggregateByTest.aggregateInPlaceByCategory_serial_eager_ec,cbb680f9336a381f2daa9f800d6d70f77493ba7f)",0,0,0,0,0,0,0,0,0,0,0,0,0,0,0,0,0,0,0,0,0,0,0,0,0,0,0,
"(org.eclipse.collections.impl.jmh.MaxTest.parallel_lazy_streams_ec,cbb680f9336a381f2daa9f800d6d70f77493ba7f)",0,0,0,0,0,0,0,0,0,0,0,0,0,0,0,0,0,0,0,0,0,0,0,0,0,0,0,
"(org.eclipse.collections.impl.jmh.SumOfDoubleTest.parallel_lazy_directSumOfDouble_ec,cbb680f9336a381f2daa9f800d6d70f77493ba7f)",0,0,0,0,0,0,0,0,0,0,0,0,0,0,0,0,0,0,0,0,0,0,0,0,0,0,0,
"(org.eclipse.collections.impl.jmh.GroupBySetTest.groupBy_10000_keys_serial_lazy_scala,cbb680f9336a381f2daa9f800d6d70f77493ba7f)",0,0,0,0,0,0,0,0,0,0,0,0,0,0,0,0,0,0,0,0,0,0,0,0,0,0,0,
"(org.eclipse.collections.impl.jmh.GroupBySetTest.groupBy_100_keys_serial_eager_ec,cbb680f9336a381f2daa9f800d6d70f77493ba7f)",0,0,0,0,0,0,0,0,0,0,0,0,0,0,0,0,0,0,0,0,0,0,0,0,0,0,0,
"(org.eclipse.collections.impl.jmh.SumOfIntTest.serial_lazy_sumOfInt_ec,cbb680f9336a381f2daa9f800d6d70f77493ba7f)",0,0,0,0,0,0,0,0,0,0,0,0,0,0,0,0,0,0,0,0,0,0,0,0,0,0,0,
"(org.eclipse.collections.impl.jmh.MinTest.serial_eager_reverse_ec,cbb680f9336a381f2daa9f800d6d70f77493ba7f)",0,0,0,0,0,0,0,0,0,0,0,0,0,0,0,0,0,0,0,0,0,0,0,0,0,0,0,
"(org.eclipse.collections.impl.jmh.AggregateByTest.aggregateByProduct_parallel_lazy_jdk,cbb680f9336a381f2daa9f800d6d70f77493ba7f)",0,0,0,0,0,0,0,0,0,0,0,0,0,0,0,0,0,0,0,0,0,0,0,0,0,0,0,
"(org.eclipse.collections.impl.jmh.AggregateByTest.aggregateByAccount_serial_eager_ec,cbb680f9336a381f2daa9f800d6d70f77493ba7f)",0,0,0,0,1,1,0,0,2,0,0,0,0,0,0,0,0,0,0,0,0,0,0,0,0,0,4,
"(org.eclipse.collections.impl.jmh.AggregateByTest.aggregateInPlaceByAccount_serial_eager_ec,cbb680f9336a381f2daa9f800d6d70f77493ba7f)",0,0,0,0,0,0,0,0,0,0,0,0,0,0,0,0,0,0,0,0,0,0,0,0,0,0,0,
"(org.eclipse.collections.impl.jmh.GroupBySetTest.groupBy_100_keys_serial_lazy_scala,cbb680f9336a381f2daa9f800d6d70f77493ba7f)",0,0,0,0,0,0,0,0,0,0,0,0,0,0,0,0,0,0,0,0,0,0,0,0,0,0,0,
"(org.eclipse.collections.impl.jmh.map.ChainMapPutTest.hppc,cbb680f9336a381f2daa9f800d6d70f77493ba7f)",0,0,0,0,0,0,0,0,0,0,0,0,0,0,0,0,0,0,0,0,0,0,0,0,0,0,0,
"(org.eclipse.collections.impl.jmh.SelectTest.serial_lazy_jdk,cbb680f9336a381f2daa9f800d6d70f77493ba7f)",0,0,0,0,0,0,0,0,0,0,0,0,0,0,0,0,0,0,0,0,0,0,0,0,0,0,0,
"(org.eclipse.collections.impl.jmh.MaxTest.parallel_lazy_jdk,cbb680f9336a381f2daa9f800d6d70f77493ba7f)",0,0,0,0,0,0,0,0,0,0,0,0,0,0,0,0,0,0,0,0,0,0,0,0,0,0,0,
"(org.eclipse.collections.impl.jmh.AnySatisfyTest.process_all_serial_eager_scala,cbb680f9336a381f2daa9f800d6d70f77493ba7f)",0,0,0,0,0,0,0,0,0,0,0,0,0,0,0,0,0,0,0,0,0,0,0,0,0,0,0,
"(org.eclipse.collections.impl.jmh.SumByBigDecimalTest.sumByBigDecimalProduct_parallel_eager_ec,cbb680f9336a381f2daa9f800d6d70f77493ba7f)",0,0,0,0,0,0,0,0,0,0,0,0,0,0,0,0,0,0,0,0,0,0,0,0,0,0,0,
"(org.eclipse.collections.impl.jmh.CollectTest.parallel_eager_ec,cbb680f9336a381f2daa9f800d6d70f77493ba7f)",0,0,0,0,0,0,0,0,0,0,0,0,0,0,0,0,0,0,0,0,0,0,0,0,0,0,0,
"(org.eclipse.collections.impl.jmh.FunctionalInterfaceSetTest.parallel_lazy_jdk,cbb680f9336a381f2daa9f800d6d70f77493ba7f)",0,0,0,0,0,0,0,0,0,0,0,0,0,0,0,0,0,0,0,0,0,0,0,0,0,0,0,
"(org.eclipse.collections.impl.jmh.GroupByListTest.groupBy_2_keys_serial_lazy_scala,cbb680f9336a381f2daa9f800d6d70f77493ba7f)",0,0,0,0,0,0,0,0,0,0,0,0,0,0,0,0,0,0,0,0,0,0,0,0,0,0,0,
"(org.eclipse.collections.impl.jmh.GroupBySetTest.groupBy_10000_keys_serial_eager_ec,cbb680f9336a381f2daa9f800d6d70f77493ba7f)",0,0,0,0,0,0,0,0,0,0,0,0,0,0,0,0,0,0,0,0,0,0,0,0,0,0,0,
"(org.eclipse.collections.impl.jmh.MinTest.parallel_lazy_reverse_jdk,cbb680f9336a381f2daa9f800d6d70f77493ba7f)",0,0,0,0,0,0,0,0,0,0,0,0,0,0,0,0,0,0,0,0,0,0,0,0,0,0,0,
"(org.eclipse.collections.impl.jmh.MinTest.serial_lazy_reverse_streams_ec,cbb680f9336a381f2daa9f800d6d70f77493ba7f)",0,0,0,0,0,0,0,0,0,0,0,0,0,0,0,0,0,0,0,0,0,0,0,0,0,0,0,
"(org.eclipse.collections.impl.jmh.IntListJMHTest.filterJDKBoxedStream,cbb680f9336a381f2daa9f800d6d70f77493ba7f)",0,0,0,0,0,0,0,0,0,0,0,0,0,0,0,0,0,0,0,0,0,0,0,0,0,0,0,
"(org.eclipse.collections.impl.jmh.FunctionalInterfaceTest.parallel_lazy_scala_hand_coded,cbb680f9336a381f2daa9f800d6d70f77493ba7f)",0,0,0,0,0,0,0,0,0,0,0,0,0,0,0,0,0,0,0,0,0,0,0,0,0,0,0,
"(org.eclipse.collections.impl.jmh.IntListJMHTest.filterJDKIntStreamToEC,cbb680f9336a381f2daa9f800d6d70f77493ba7f)",0,0,0,0,0,0,0,0,0,0,0,0,0,0,0,0,0,0,0,0,0,0,0,0,0,0,0,
"(org.eclipse.collections.impl.jmh.SumByDoubleTest.sumByProduct_parallel_eager_ec,cbb680f9336a381f2daa9f800d6d70f77493ba7f)",0,0,0,0,0,0,0,0,0,0,0,0,0,0,0,0,0,0,0,0,0,0,0,0,0,0,0,
"(org.eclipse.collections.impl.jmh.MaxByDoubleTest.maxByMarketValue_parallel_lazy_collect_lambda_jdk,cbb680f9336a381f2daa9f800d6d70f77493ba7f)",0,0,0,0,0,0,0,0,0,0,0,0,0,0,0,0,0,0,0,0,0,0,0,0,0,0,0,
"(org.eclipse.collections.impl.jmh.LongLongMapSmallStressTest.kolobokePut,cbb680f9336a381f2daa9f800d6d70f77493ba7f)",0,0,0,0,0,0,0,0,0,0,0,0,0,0,0,0,0,0,0,0,0,0,0,0,0,0,0,
"(org.eclipse.collections.impl.jmh.GroupBySetTest.groupBy_2_keys_parallel_lazy_streams_ec,cbb680f9336a381f2daa9f800d6d70f77493ba7f)",0,0,0,0,0,0,0,0,0,0,0,0,0,0,0,0,0,0,0,0,0,0,0,0,0,0,0,
"(org.eclipse.collections.impl.jmh.NoneSatisfyTest.short_circuit_middle_serial_lazy_jdk,cbb680f9336a381f2daa9f800d6d70f77493ba7f)",0,0,0,0,0,0,0,0,0,0,0,0,0,0,0,0,0,0,0,0,0,0,0,0,0,0,0,
"(org.eclipse.collections.impl.jmh.IntListJMHTest.filterECPrimitiveEager,cbb680f9336a381f2daa9f800d6d70f77493ba7f)",0,0,0,0,0,0,0,0,0,0,0,0,0,0,0,0,0,0,0,0,0,0,0,0,0,0,0,
"(org.eclipse.collections.impl.jmh.NoneSatisfyTest.short_circuit_middle_parallel_lazy_jdk,cbb680f9336a381f2daa9f800d6d70f77493ba7f)",0,0,0,0,0,0,0,0,0,0,0,0,0,0,0,0,0,0,0,0,0,0,0,0,0,0,0,
"(org.eclipse.collections.impl.jmh.IntIntMapTest.presizedPut,cbb680f9336a381f2daa9f800d6d70f77493ba7f)",0,0,0,0,0,0,0,0,0,0,0,0,0,0,0,0,0,0,0,0,0,0,0,0,0,0,0,
"(org.eclipse.collections.impl.jmh.AnagramListTest.parallel_lazy_jdk,cbb680f9336a381f2daa9f800d6d70f77493ba7f)",0,0,0,0,0,0,0,0,0,0,0,0,0,0,0,0,0,0,0,0,0,0,0,0,0,0,0,
"(org.eclipse.collections.impl.jmh.CountTest.parallel_lazy_streams_ec,cbb680f9336a381f2daa9f800d6d70f77493ba7f)",0,0,0,0,0,0,0,0,0,0,0,0,0,0,0,0,0,0,0,0,0,0,0,0,0,0,0,
"(org.eclipse.collections.impl.jmh.IntListJMHTest.sumECPrimitiveEager,cbb680f9336a381f2daa9f800d6d70f77493ba7f)",0,0,0,0,0,0,0,0,0,0,0,0,0,0,0,0,0,0,0,0,0,0,0,0,0,0,0,
"(org.eclipse.collections.impl.jmh.IntIntMapSmallStressTest.ecRemove,cbb680f9336a381f2daa9f800d6d70f77493ba7f)",0,0,0,0,0,0,0,0,0,0,0,0,0,0,0,0,0,0,0,0,0,0,0,0,0,0,0,
"(org.eclipse.collections.impl.jmh.SumByDoubleTest.sumByCategory_serial_lazy_jdk,cbb680f9336a381f2daa9f800d6d70f77493ba7f)",0,0,0,0,0,0,0,0,0,0,0,0,0,0,0,0,0,0,0,0,0,0,0,0,0,0,0,
"(org.eclipse.collections.impl.jmh.list.ListIterationTest.parallel_mutable_scala,cbb680f9336a381f2daa9f800d6d70f77493ba7f)",0,0,0,0,0,0,0,0,0,0,0,0,0,0,0,0,0,0,0,0,0,0,0,0,0,0,0,
"(org.eclipse.collections.impl.jmh.SumByDoubleTest.sumByCategory_parallel_lazy_streams_ec,cbb680f9336a381f2daa9f800d6d70f77493ba7f)",0,0,0,0,0,0,0,0,0,0,0,0,0,0,0,0,0,0,0,0,0,0,0,0,0,0,0,
"(org.eclipse.collections.impl.jmh.MinByIntTest.minByQuantity_parallel_lazy_direct_lambda_jdk,cbb680f9336a381f2daa9f800d6d70f77493ba7f)",0,0,0,0,0,0,0,0,0,0,0,0,0,0,0,0,0,0,0,0,0,0,0,0,0,0,0,
"(org.eclipse.collections.impl.jmh.set.sorted.SortedSetContainsTest.contains_immutable_scala,cbb680f9336a381f2daa9f800d6d70f77493ba7f)",0,0,0,0,0,0,0,0,0,0,0,0,0,0,0,0,0,0,0,0,0,0,0,0,0,0,0,
"(org.eclipse.collections.impl.jmh.IntListJMHTest.sumECPrimitiveLazy,cbb680f9336a381f2daa9f800d6d70f77493ba7f)",0,0,0,0,0,0,0,0,0,0,0,0,0,0,0,0,0,0,0,0,0,0,0,0,0,0,0,
"(org.eclipse.collections.impl.jmh.MinTest.serial_lazy_reverse_jdk,cbb680f9336a381f2daa9f800d6d70f77493ba7f)",0,0,0,0,0,0,0,0,0,0,0,0,0,0,0,0,0,0,0,0,0,0,0,0,0,0,0,
"(org.eclipse.collections.impl.jmh.MinTest.parallel_lazy_intstream_streams_ec,cbb680f9336a381f2daa9f800d6d70f77493ba7f)",0,0,0,0,0,0,0,0,0,0,0,0,0,0,0,0,0,0,0,0,0,0,0,0,0,0,0,
"(org.eclipse.collections.impl.jmh.AggregateByTest.aggregateByCategory_parallel_lazy_ec,cbb680f9336a381f2daa9f800d6d70f77493ba7f)",0,0,0,0,0,0,0,0,0,0,0,0,0,0,0,0,0,0,0,0,0,0,0,0,0,0,0,
"(org.eclipse.collections.impl.jmh.CollectorJoiningTest.serial_lazy_collectToStringJoining_ec,cbb680f9336a381f2daa9f800d6d70f77493ba7f)",0,0,0,0,0,0,0,0,0,0,0,0,0,0,0,0,0,0,0,0,0,0,0,0,0,0,0,
"(org.eclipse.collections.impl.jmh.MaxTest.parallel_lazy_intstream_streams_ec,cbb680f9336a381f2daa9f800d6d70f77493ba7f)",0,0,0,0,0,0,0,0,0,0,0,0,0,0,0,0,0,0,0,0,0,0,0,0,0,0,0,
"(org.eclipse.collections.impl.jmh.AggregateByTest.aggregateByAccount_serial_lazy_jdk,cbb680f9336a381f2daa9f800d6d70f77493ba7f)",0,0,0,0,0,0,0,0,0,0,0,0,0,0,0,0,0,0,0,0,0,0,0,0,0,0,0,
"(org.eclipse.collections.impl.jmh.FunctionalInterfaceSetTest.serial_lazy_ec,cbb680f9336a381f2daa9f800d6d70f77493ba7f)",0,0,0,0,0,0,0,0,0,0,0,0,0,0,0,0,0,0,0,0,0,0,0,0,0,0,0,
"(org.eclipse.collections.impl.jmh.set.sorted.SortedSetIterationTest.serial_mutable_scala,cbb680f9336a381f2daa9f800d6d70f77493ba7f)",0,0,0,0,0,0,0,0,0,0,0,0,0,0,0,0,0,0,0,0,0,0,0,0,0,0,0,
"(org.eclipse.collections.impl.jmh.GroupByListTest.groupBy_10000_keys_serial_lazy_ec,cbb680f9336a381f2daa9f800d6d70f77493ba7f)",0,0,0,0,0,0,0,0,0,0,0,0,0,0,0,0,0,0,0,0,0,0,0,0,0,0,0,
"(org.eclipse.collections.impl.jmh.MaxTest.serial_lazy_reverse_streams_ec,cbb680f9336a381f2daa9f800d6d70f77493ba7f)",0,0,0,0,0,0,0,0,0,0,0,0,0,0,0,0,0,0,0,0,0,0,0,0,0,0,0,
"(org.eclipse.collections.impl.jmh.IntListJMHTest.sumECParallelEager,cbb680f9336a381f2daa9f800d6d70f77493ba7f)",0,0,0,0,0,0,0,0,0,0,0,0,0,0,0,0,0,0,0,0,0,0,0,0,0,0,0,
"(org.eclipse.collections.impl.jmh.AnagramSetTest.parallel_lazy_scala,cbb680f9336a381f2daa9f800d6d70f77493ba7f)",0,0,0,0,0,0,0,0,0,0,0,0,0,0,0,0,0,0,0,0,0,0,0,0,0,0,0,
"(org.eclipse.collections.impl.jmh.MaxByDoubleTest.maxByMarketValue_parallel_lazy_direct_methodref_jdk,cbb680f9336a381f2daa9f800d6d70f77493ba7f)",0,0,0,0,0,0,0,0,0,0,0,0,0,0,0,0,0,0,0,0,0,0,0,0,0,0,0,
"(org.eclipse.collections.impl.jmh.map.ScalaAnyRefMapGetTest.get,cbb680f9336a381f2daa9f800d6d70f77493ba7f)",0,0,0,0,0,0,0,0,0,0,0,0,0,0,0,0,0,0,0,0,0,0,0,0,0,0,0,
"(org.eclipse.collections.impl.jmh.map.ScalaAnyRefMapPutTest.scalaAnyRef,cbb680f9336a381f2daa9f800d6d70f77493ba7f)",0,0,0,0,0,0,0,0,0,0,0,0,0,0,0,0,0,0,0,0,0,0,0,0,0,0,0,
"(org.eclipse.collections.impl.jmh.CollectIfTest.serial_eager_ec,cbb680f9336a381f2daa9f800d6d70f77493ba7f)",0,0,0,0,0,0,0,0,0,0,0,0,0,0,0,0,0,0,0,0,0,0,0,0,0,0,0,
"(org.eclipse.collections.impl.jmh.AllSatisfyTest.process_all_parallel_lazy_streams_ec,cbb680f9336a381f2daa9f800d6d70f77493ba7f)",0,0,0,0,0,0,0,0,0,0,0,0,0,0,0,0,0,0,0,0,0,0,0,0,0,0,0,
"(org.eclipse.collections.impl.jmh.ListAddAllTest.ec,cbb680f9336a381f2daa9f800d6d70f77493ba7f)",0,0,0,0,0,0,0,0,0,0,0,0,0,0,0,0,0,0,0,0,0,0,0,0,0,0,0,
"(org.eclipse.collections.impl.jmh.AggregateByTest.aggregateByCategory_parallel_lazy_streams_ec,cbb680f9336a381f2daa9f800d6d70f77493ba7f)",0,0,0,0,0,0,0,0,0,0,0,0,0,0,0,0,0,0,0,0,0,0,0,0,0,0,0,
"(org.eclipse.collections.impl.jmh.CountTest.parallel_eager_ec,cbb680f9336a381f2daa9f800d6d70f77493ba7f)",0,0,0,0,0,0,0,0,0,0,0,0,0,0,0,0,0,0,0,0,0,0,0,0,0,0,0,
"(org.eclipse.collections.impl.jmh.IntIntMapLargeStressTest.jdkRemove,cbb680f9336a381f2daa9f800d6d70f77493ba7f)",0,0,0,0,0,0,0,0,0,0,0,0,0,0,0,0,0,0,0,0,0,0,0,0,0,0,0,
"(org.eclipse.collections.impl.jmh.AggregateByTest.aggregateByCategory_serial_lazy_streams_ec,cbb680f9336a381f2daa9f800d6d70f77493ba7f)",0,0,0,0,0,0,0,0,0,0,0,0,0,0,0,0,0,0,0,0,0,0,0,0,0,0,0,
"(org.eclipse.collections.impl.jmh.AnagramSetTest.parallel_eager_forkjoin_ec,cbb680f9336a381f2daa9f800d6d70f77493ba7f)",0,0,0,0,0,0,0,0,0,0,0,0,0,0,0,0,0,0,0,0,0,0,0,0,0,0,0,
"(org.eclipse.collections.impl.jmh.MinByIntTest.minByQuantity_parallel_lazy_collect_methodref_jdk,cbb680f9336a381f2daa9f800d6d70f77493ba7f)",0,0,0,0,0,0,0,0,0,0,0,0,0,0,0,0,0,0,0,0,0,0,0,0,0,0,0,
"(org.eclipse.collections.impl.jmh.AggregateByTest.aggregateByAccount_serial_lazy_streams_ec,cbb680f9336a381f2daa9f800d6d70f77493ba7f)",0,0,0,0,0,0,0,0,0,0,0,0,0,0,0,0,0,0,0,0,0,0,0,0,0,0,0,
"(org.eclipse.collections.impl.jmh.IntListJMHTest.mapJDKBoxedParallelStream,cbb680f9336a381f2daa9f800d6d70f77493ba7f)",0,0,0,0,0,0,0,0,0,0,0,0,0,0,0,0,0,0,0,0,0,0,0,0,0,0,0,
"(org.eclipse.collections.impl.jmh.GroupBySetTest.groupBy_2_keys_serial_eager_ec,cbb680f9336a381f2daa9f800d6d70f77493ba7f)",0,0,0,0,0,0,0,0,0,0,0,0,0,0,0,0,0,0,0,0,0,0,0,0,0,0,0,
"(org.eclipse.collections.impl.jmh.GroupByListTest.groupBy_10000_keys_serial_lazy_jdk,cbb680f9336a381f2daa9f800d6d70f77493ba7f)",0,0,0,0,0,0,0,0,0,0,0,0,0,0,0,0,0,0,0,0,0,0,0,0,0,0,0,
"(org.eclipse.collections.impl.jmh.GroupByListTest.groupBy_2_keys_serial_eager_ec,cbb680f9336a381f2daa9f800d6d70f77493ba7f)",0,0,0,0,0,0,0,0,0,0,0,0,0,0,0,0,0,0,0,0,0,0,0,0,0,0,0,
"(org.eclipse.collections.impl.jmh.GroupBySetTest.groupBy_unordered_lists_2_keys_serial_lazy_ec,cbb680f9336a381f2daa9f800d6d70f77493ba7f)",0,0,0,0,0,0,0,0,0,0,0,0,0,0,0,0,0,0,0,0,0,0,0,0,0,0,0,
"(org.eclipse.collections.impl.jmh.MaxTest.serial_lazy_intstream_streams_ec,cbb680f9336a381f2daa9f800d6d70f77493ba7f)",0,0,0,0,0,0,0,0,0,0,0,0,0,0,0,0,0,0,0,0,0,0,0,0,0,0,0,
"(org.eclipse.collections.impl.jmh.AllSatisfyTest.process_all_serial_lazy_ec,cbb680f9336a381f2daa9f800d6d70f77493ba7f)",0,0,0,0,0,0,0,0,0,0,0,0,0,0,0,0,0,0,0,0,0,0,0,0,0,0,0,
"(org.eclipse.collections.impl.jmh.IntIntMapLargeStressTest.kolobokeGet,cbb680f9336a381f2daa9f800d6d70f77493ba7f)",0,0,0,0,0,0,0,0,0,0,0,0,0,0,0,0,0,0,0,0,0,0,0,0,0,0,0,
"(org.eclipse.collections.impl.jmh.GroupByListTest.groupBy_10000_keys_serial_eager_guava,cbb680f9336a381f2daa9f800d6d70f77493ba7f)",0,0,0,0,0,0,0,0,0,0,0,0,0,0,0,0,0,0,0,0,0,0,0,0,0,0,0,
"(org.eclipse.collections.impl.jmh.LongLongMapSmallStressTest.ecPut,cbb680f9336a381f2daa9f800d6d70f77493ba7f)",0,0,0,0,0,0,0,0,0,0,0,0,0,0,0,0,0,0,0,0,0,0,0,0,0,0,0,
"(org.eclipse.collections.impl.jmh.GroupByListTest.groupBy_100_keys_serial_lazy_streams_ec,cbb680f9336a381f2daa9f800d6d70f77493ba7f)",0,0,0,0,0,0,0,0,0,0,0,0,0,0,0,0,0,0,0,0,0,0,0,0,0,0,0,
"(org.eclipse.collections.impl.jmh.AllSatisfyTest.short_circuit_middle_serial_lazy_jdk,cbb680f9336a381f2daa9f800d6d70f77493ba7f)",0,0,0,0,0,0,0,0,0,0,0,0,0,0,0,0,0,0,0,0,0,0,0,0,0,0,0,
"(org.eclipse.collections.impl.jmh.MaxByIntTest.maxByQuantity_serial_lazy_ec,cbb680f9336a381f2daa9f800d6d70f77493ba7f)",0,0,0,0,0,0,0,0,0,0,0,0,0,0,0,0,0,0,0,0,0,0,0,0,0,0,0,
"(org.eclipse.collections.impl.jmh.IntListJMHTest.mapJDKIntStream,cbb680f9336a381f2daa9f800d6d70f77493ba7f)",0,0,0,0,0,0,0,0,0,0,0,0,0,0,0,0,0,0,0,0,0,0,0,0,0,0,0,
"(org.eclipse.collections.impl.jmh.MinByIntTest.minByQuantity_parallel_lazy_direct_methodref_jdk,cbb680f9336a381f2daa9f800d6d70f77493ba7f)",0,0,0,0,0,0,0,0,0,0,0,0,0,0,0,0,0,0,0,0,0,0,0,0,0,0,0,
"(org.eclipse.collections.impl.jmh.GroupByListTest.groupBy_2_keys_serial_lazy_streams_ec,cbb680f9336a381f2daa9f800d6d70f77493ba7f)",0,0,0,0,0,0,0,0,0,0,0,0,0,0,0,0,0,0,0,0,0,0,0,0,0,0,0,
"(org.eclipse.collections.impl.jmh.AggregateByTest.aggregateInPlaceByProduct_parallel_lazy_ec,cbb680f9336a381f2daa9f800d6d70f77493ba7f)",0,0,0,0,0,0,0,0,0,0,0,0,0,0,0,0,0,0,0,0,0,0,0,0,0,0,0,
"(org.eclipse.collections.impl.jmh.CollectIfTest.serial_lazy_jdk,cbb680f9336a381f2daa9f800d6d70f77493ba7f)",0,0,0,0,0,0,0,0,0,0,0,0,0,0,0,0,0,0,0,0,0,0,0,0,0,0,0,
"(org.eclipse.collections.impl.jmh.AnagramListTest.serial_eager_ec,cbb680f9336a381f2daa9f800d6d70f77493ba7f)",0,0,0,0,0,0,0,0,0,0,0,0,0,0,0,0,0,0,0,0,0,0,0,0,0,0,0,
"(org.eclipse.collections.impl.jmh.SumOfIntTest.parallel_lazy_mapToLongSum_streams_ec,cbb680f9336a381f2daa9f800d6d70f77493ba7f)",0,0,0,0,0,0,0,0,0,0,0,0,0,0,0,0,0,0,0,0,0,0,0,0,0,0,0,
"(org.eclipse.collections.impl.jmh.CollectIfTest.parallel_eager_ec,cbb680f9336a381f2daa9f800d6d70f77493ba7f)",0,0,0,0,0,0,0,0,0,0,0,0,0,0,0,0,0,0,0,0,0,0,0,0,0,0,0,
"(org.eclipse.collections.impl.jmh.IntIntMapSmallStressTest.jdkGet,cbb680f9336a381f2daa9f800d6d70f77493ba7f)",0,0,0,0,0,0,0,0,0,0,0,0,0,0,0,0,0,0,0,0,0,0,0,0,0,0,0,
"(org.eclipse.collections.impl.jmh.IntListJMHTest.filterMapSumECOptimizedParallelLazy,cbb680f9336a381f2daa9f800d6d70f77493ba7f)",0,0,0,0,0,0,0,0,0,0,0,0,0,0,0,0,0,0,0,0,0,0,0,0,0,0,0,
"(org.eclipse.collections.impl.jmh.IntListJMHTest.filterMapSumECOptimizedParallelEager,cbb680f9336a381f2daa9f800d6d70f77493ba7f)",0,0,0,0,0,0,0,0,0,0,0,0,0,0,0,0,0,0,0,0,0,0,0,0,0,0,0,
"(org.eclipse.collections.impl.jmh.IntIntMapTest.remove,cbb680f9336a381f2daa9f800d6d70f77493ba7f)",0,0,0,0,0,0,0,0,0,0,0,0,0,0,0,0,0,0,0,0,0,0,0,0,0,0,0,
"(org.eclipse.collections.impl.jmh.AnagramSetTest.serial_eager_scala,cbb680f9336a381f2daa9f800d6d70f77493ba7f)",0,0,0,0,0,0,0,0,0,0,0,0,0,0,0,0,0,0,0,0,0,0,0,0,0,0,0,
"(org.eclipse.collections.impl.jmh.IntListJMHTest.sumECParallelLazy,cbb680f9336a381f2daa9f800d6d70f77493ba7f)",0,0,0,0,0,0,0,0,0,0,0,0,0,0,0,0,0,0,0,0,0,0,0,0,0,0,0,
"(org.eclipse.collections.impl.jmh.CountTest.serial_eager_scala,cbb680f9336a381f2daa9f800d6d70f77493ba7f)",0,0,0,0,0,0,0,0,0,0,0,0,0,0,0,0,0,0,0,0,0,0,0,0,0,0,0,
"(org.eclipse.collections.impl.jmh.AnagramListTest.parallel_eager_ec,cbb680f9336a381f2daa9f800d6d70f77493ba7f)",0,0,0,0,0,0,0,0,0,0,0,0,0,0,0,0,0,0,0,0,0,0,0,0,0,0,0,
"(org.eclipse.collections.impl.jmh.LongLongMapLargeStressTest.kolobokeRemove,cbb680f9336a381f2daa9f800d6d70f77493ba7f)",0,0,0,0,0,0,0,0,0,0,0,0,0,0,0,0,0,0,0,0,0,0,0,0,0,0,0,
"(org.eclipse.collections.impl.jmh.map.ScalaMutableMapGetTest.get,cbb680f9336a381f2daa9f800d6d70f77493ba7f)",0,0,0,0,0,0,0,0,0,0,0,0,0,0,0,0,0,0,0,0,0,0,0,0,0,0,0,
"(org.eclipse.collections.impl.jmh.list.ListIterationTest.parallel_mutable_ec,cbb680f9336a381f2daa9f800d6d70f77493ba7f)",0,0,0,0,0,0,0,0,0,0,0,0,0,0,0,0,0,0,0,0,0,0,0,0,0,0,0,
"(org.eclipse.collections.impl.jmh.SumOfIntTest.parallel_lazy_sumOfInt_ec,cbb680f9336a381f2daa9f800d6d70f77493ba7f)",0,0,0,0,0,0,0,0,0,0,0,0,0,0,0,0,0,0,0,0,0,0,0,0,0,0,0,
"(org.eclipse.collections.impl.jmh.AggregateByTest.aggregateByCategory_parallel_eager_ec,cbb680f9336a381f2daa9f800d6d70f77493ba7f)",0,0,0,0,0,0,0,0,0,0,0,0,0,0,0,0,0,0,0,0,0,0,0,0,0,0,0,
"(org.eclipse.collections.impl.jmh.AggregateByTest.aggregateInPlaceByCategory_parallel_lazy_ec,cbb680f9336a381f2daa9f800d6d70f77493ba7f)",0,0,0,0,0,0,0,0,0,0,0,0,0,0,0,0,0,0,0,0,0,0,0,0,0,0,0,
"(org.eclipse.collections.impl.jmh.IntListJMHTest.mapECParallelLazy,cbb680f9336a381f2daa9f800d6d70f77493ba7f)",0,0,0,0,0,0,0,0,0,0,0,0,0,0,0,0,0,0,0,0,0,0,0,0,0,0,0,
"(org.eclipse.collections.impl.jmh.AllSatisfyTest.process_all_parallel_lazy_jdk,cbb680f9336a381f2daa9f800d6d70f77493ba7f)",0,0,0,0,0,0,0,0,0,0,0,0,0,0,0,0,0,0,0,0,0,0,0,0,0,0,0,
"(org.eclipse.collections.impl.jmh.LongLongMapSmallStressTest.ecGet,cbb680f9336a381f2daa9f800d6d70f77493ba7f)",0,0,0,0,0,0,0,0,0,0,0,0,0,0,0,0,0,0,0,0,0,0,0,0,0,0,0,
"(org.eclipse.collections.impl.jmh.SumOfIntTest.serial_lazy_mapToIntSum_jdk,cbb680f9336a381f2daa9f800d6d70f77493ba7f)",0,0,0,0,0,0,0,0,0,0,0,0,0,0,0,0,0,0,0,0,0,0,0,0,0,0,0,
"(org.eclipse.collections.impl.jmh.FlatCollectTest.serial_eager_ec,cbb680f9336a381f2daa9f800d6d70f77493ba7f)",0,0,0,0,0,0,0,0,0,0,0,0,0,0,0,0,0,0,0,0,0,0,0,0,0,0,0,
"(org.eclipse.collections.impl.jmh.GroupBySetTest.groupBy_100_keys_parallel_lazy_streams_ec,cbb680f9336a381f2daa9f800d6d70f77493ba7f)",0,0,0,0,0,0,0,0,0,0,0,0,0,0,0,0,0,0,0,0,0,0,0,0,0,0,0,
"(org.eclipse.collections.impl.jmh.CountSetTest.serial_eager_ec,cbb680f9336a381f2daa9f800d6d70f77493ba7f)",0,0,0,0,0,0,0,0,0,0,0,0,0,0,0,0,0,0,0,0,0,0,0,0,0,0,0,
"(org.eclipse.collections.impl.jmh.CountSetTest.serial_lazy_streams_ec,cbb680f9336a381f2daa9f800d6d70f77493ba7f)",0,0,0,0,0,0,0,0,0,0,0,0,0,0,0,0,0,0,0,0,0,0,0,0,0,0,0,
"(org.eclipse.collections.impl.jmh.MinByDoubleTest.minByMarketValue_parallel_lazy_ec,cbb680f9336a381f2daa9f800d6d70f77493ba7f)",0,0,0,0,0,0,0,0,0,0,0,0,0,0,0,0,0,0,0,0,0,0,0,0,0,0,0,
"(org.eclipse.collections.impl.jmh.AnagramBagTest.parallel_lazy_streams_ec,cbb680f9336a381f2daa9f800d6d70f77493ba7f)",0,0,0,0,0,0,0,0,0,0,0,0,0,0,0,0,0,0,0,0,0,0,0,0,0,0,0,
"(org.eclipse.collections.impl.jmh.MaxByIntTest.maxByQuantity_serial_lazy_direct_methodref_jdk,cbb680f9336a381f2daa9f800d6d70f77493ba7f)",0,0,0,0,0,0,0,0,0,0,0,0,0,0,0,0,0,0,0,0,0,0,0,0,0,0,0,
"(org.eclipse.collections.impl.jmh.LongLongMapLargeStressTest.ecGet,cbb680f9336a381f2daa9f800d6d70f77493ba7f)",0,0,0,0,0,0,0,0,0,0,0,0,0,0,0,0,0,0,0,0,0,0,0,0,0,0,0,
"(org.eclipse.collections.impl.jmh.MaxByIntTest.maxByQuantity_serial_lazy_collect_methodref_jdk,cbb680f9336a381f2daa9f800d6d70f77493ba7f)",0,0,0,0,0,0,0,0,0,0,0,0,0,0,0,0,0,0,0,0,0,0,0,0,0,0,0,
"(org.eclipse.collections.impl.jmh.SetAddAllTest.ec,cbb680f9336a381f2daa9f800d6d70f77493ba7f)",0,0,0,0,0,0,0,0,0,0,0,0,0,0,0,0,0,0,0,0,0,0,0,0,0,0,0,
"(org.eclipse.collections.impl.jmh.CollectTest.serial_lazy_streams_ec,cbb680f9336a381f2daa9f800d6d70f77493ba7f)",0,0,0,0,0,0,0,0,0,0,0,0,0,0,0,0,0,0,0,0,0,0,0,0,0,0,0,
"(org.eclipse.collections.impl.jmh.IntListJMHTest.sumJDKBoxedParallelStream,cbb680f9336a381f2daa9f800d6d70f77493ba7f)",0,0,0,0,0,0,0,0,0,0,0,0,0,0,0,0,0,0,0,0,0,0,0,0,0,0,0,
"(org.eclipse.collections.impl.jmh.LongLongMapLargeStressTest.kolobokeGet,cbb680f9336a381f2daa9f800d6d70f77493ba7f)",0,0,0,0,0,0,0,0,0,0,0,0,0,0,0,0,0,0,0,0,0,0,0,0,0,0,0,
"(org.eclipse.collections.impl.jmh.SumByDoubleTest.sumByProduct_serial_lazy_streams_ec,cbb680f9336a381f2daa9f800d6d70f77493ba7f)",0,0,0,0,0,0,0,0,0,0,0,0,0,0,0,0,0,0,0,0,0,0,0,0,0,0,0,
"(org.eclipse.collections.impl.jmh.MinTest.serial_lazy_ec,cbb680f9336a381f2daa9f800d6d70f77493ba7f)",0,0,0,0,0,0,0,0,0,0,0,0,0,0,0,0,0,0,0,0,0,0,0,0,0,0,0,
"(org.eclipse.collections.impl.jmh.set.sorted.SortedSetIterationTest.parallel_mutable_scala,cbb680f9336a381f2daa9f800d6d70f77493ba7f)",0,0,0,0,0,0,0,0,0,0,0,0,0,0,0,0,0,0,0,0,0,0,0,0,0,0,0,
"(org.eclipse.collections.impl.jmh.CountTest.serial_lazy_jdk,cbb680f9336a381f2daa9f800d6d70f77493ba7f)",0,0,0,0,0,0,0,0,0,0,0,0,0,0,0,0,0,0,0,0,0,0,0,0,0,0,0,
"(org.eclipse.collections.impl.jmh.CountTest.serial_lazy_streams_ec,cbb680f9336a381f2daa9f800d6d70f77493ba7f)",0,0,0,0,0,0,0,0,0,0,0,0,0,0,0,0,0,0,0,0,0,0,0,0,0,0,0,
"(org.eclipse.collections.impl.jmh.AggregateByTest.aggregateByProduct_serial_lazy_jdk,cbb680f9336a381f2daa9f800d6d70f77493ba7f)",0,0,0,0,0,0,0,0,0,0,0,0,0,0,0,0,0,0,0,0,0,0,0,0,0,0,0,
"(org.eclipse.collections.impl.jmh.AnagramSetTest.parallel_lazy_streams_ec,cbb680f9336a381f2daa9f800d6d70f77493ba7f)",0,0,0,0,0,0,0,0,0,0,0,0,0,0,0,0,0,0,0,0,0,0,0,0,0,0,0,
"(org.eclipse.collections.impl.jmh.RejectTest.serial_eager_ec,cbb680f9336a381f2daa9f800d6d70f77493ba7f)",0,0,0,0,0,0,0,0,0,0,0,0,0,0,0,0,0,0,0,0,0,0,0,0,0,0,0,
"(org.eclipse.collections.impl.jmh.AnagramSetTest.serial_lazy_jdk,cbb680f9336a381f2daa9f800d6d70f77493ba7f)",0,0,0,0,0,0,0,0,0,0,0,0,0,0,0,0,0,0,0,0,0,0,0,0,0,0,0,
"(org.eclipse.collections.impl.jmh.SumByDoubleTest.sumByProduct_serial_eager_ec,cbb680f9336a381f2daa9f800d6d70f77493ba7f)",0,0,0,0,0,0,0,0,0,0,0,0,0,0,0,0,0,0,0,0,0,0,0,0,0,0,0,
"(org.eclipse.collections.impl.jmh.MaxTest.parallel_lazy_reverse_jdk,cbb680f9336a381f2daa9f800d6d70f77493ba7f)",0,0,0,0,0,0,0,0,0,0,0,0,0,0,0,0,0,0,0,0,0,0,0,0,0,0,0,
"(org.eclipse.collections.impl.jmh.CollectIfTest.parallel_lazy_ec,cbb680f9336a381f2daa9f800d6d70f77493ba7f)",0,0,0,0,0,0,0,0,0,0,0,0,0,0,0,0,0,0,0,0,0,0,0,0,0,0,0,
"(org.eclipse.collections.impl.jmh.SumOfIntTest.serial_eager_directSumOfInt_ec,cbb680f9336a381f2daa9f800d6d70f77493ba7f)",0,0,0,0,0,0,0,0,0,0,0,0,0,0,0,0,0,0,0,0,0,0,0,0,0,0,0,
"(org.eclipse.collections.impl.jmh.map.EcImmutableMapGetTest.get,cbb680f9336a381f2daa9f800d6d70f77493ba7f)",0,0,0,0,0,0,0,0,0,0,0,0,0,0,0,0,0,0,0,0,0,0,0,0,0,0,0,
"(org.eclipse.collections.impl.jmh.MaxTest.parallel_lazy_reverse_streams_ec,cbb680f9336a381f2daa9f800d6d70f77493ba7f)",0,0,0,0,0,0,0,0,0,0,0,0,0,0,0,0,0,0,0,0,0,0,0,0,0,0,0,
"(org.eclipse.collections.impl.jmh.IntListJMHTest.filterJDKIntStream,cbb680f9336a381f2daa9f800d6d70f77493ba7f)",0,0,0,0,0,0,0,0,0,0,0,0,0,0,0,0,0,0,0,0,0,0,0,0,0,0,0,
"(org.eclipse.collections.impl.jmh.map.MapGrowthTest.mutableScalaPut,cbb680f9336a381f2daa9f800d6d70f77493ba7f)",0,0,0,0,0,0,0,0,0,0,0,0,0,0,0,0,0,0,0,0,0,0,0,0,0,0,0,
"(org.eclipse.collections.impl.jmh.AllSatisfyTest.short_circuit_middle_parallel_lazy_streams_ec,cbb680f9336a381f2daa9f800d6d70f77493ba7f)",0,0,0,0,0,0,0,0,0,0,0,0,0,0,0,0,0,0,0,0,0,0,0,0,0,0,0,
"(org.eclipse.collections.impl.jmh.AllSatisfyTest.short_circuit_middle_serial_lazy_ec,cbb680f9336a381f2daa9f800d6d70f77493ba7f)",0,0,0,0,0,0,0,0,0,0,0,0,0,0,0,0,0,0,0,0,0,0,0,0,0,0,0,
"(org.eclipse.collections.impl.jmh.SumByBigDecimalTest.sumByBigDecimalAccount_parallel_eager_ec,cbb680f9336a381f2daa9f800d6d70f77493ba7f)",0,0,0,0,0,0,0,0,0,0,0,0,0,0,0,0,0,0,0,0,0,0,0,0,0,0,0,
"(org.eclipse.collections.impl.jmh.FunctionalInterfaceTest.serial_lazy_scala,cbb680f9336a381f2daa9f800d6d70f77493ba7f)",0,0,0,0,0,0,0,0,0,0,0,0,0,0,0,0,0,0,0,0,0,0,0,0,0,0,0,
"(org.eclipse.collections.impl.jmh.SumOfIntTest.parallel_lazy_mapToLongSum_jdk,cbb680f9336a381f2daa9f800d6d70f77493ba7f)",0,0,0,0,0,0,0,0,0,0,0,0,0,0,0,0,0,0,0,0,0,0,0,0,0,0,0,
"(org.eclipse.collections.impl.jmh.CountSetTest.serial_lazy_jdk,cbb680f9336a381f2daa9f800d6d70f77493ba7f)",0,0,0,0,0,0,0,0,0,0,0,0,0,0,0,0,0,0,0,0,0,0,0,0,0,0,0,
"(org.eclipse.collections.impl.jmh.FunctionalInterfaceTest.parallel_eager_ec_hand_coded,cbb680f9336a381f2daa9f800d6d70f77493ba7f)",0,0,0,0,0,0,0,0,0,0,0,0,0,0,0,0,0,0,0,0,0,0,0,0,0,0,0,
"(org.eclipse.collections.impl.jmh.AggregateByTest.aggregateByAccount_parallel_lazy_jdk,cbb680f9336a381f2daa9f800d6d70f77493ba7f)",0,0,0,0,0,0,0,0,0,0,0,0,0,0,0,0,0,0,0,0,0,0,0,0,0,0,0,
"(org.eclipse.collections.impl.jmh.CollectorJoiningTest.parallel_lazy_mapToStringJoining_ec,cbb680f9336a381f2daa9f800d6d70f77493ba7f)",0,0,0,0,0,0,0,0,0,0,0,0,0,0,0,0,0,0,0,0,0,0,0,0,0,0,0,
"(org.eclipse.collections.impl.jmh.AnySatisfyTest.short_circuit_middle_parallel_lazy_streams_ec,cbb680f9336a381f2daa9f800d6d70f77493ba7f)",0,0,0,0,0,0,0,0,0,0,0,0,0,0,0,0,0,0,0,0,0,0,0,0,0,0,0,
"(org.eclipse.collections.impl.jmh.CountTest.serial_eager_ec,cbb680f9336a381f2daa9f800d6d70f77493ba7f)",0,0,0,0,0,0,0,0,0,0,0,0,0,0,0,0,0,0,0,0,0,0,0,0,0,0,0,
"(org.eclipse.collections.impl.jmh.MaxByIntTest.maxByQuantity_parallel_lazy_direct_methodref_jdk,cbb680f9336a381f2daa9f800d6d70f77493ba7f)",0,0,0,0,0,0,0,0,0,0,0,0,0,0,0,0,0,0,0,0,0,0,0,0,0,0,0,
"(org.eclipse.collections.impl.jmh.AnySatisfyTest.process_all_parallel_lazy_scala,cbb680f9336a381f2daa9f800d6d70f77493ba7f)",0,0,0,0,0,0,0,0,0,0,0,0,0,0,0,0,0,0,0,0,0,0,0,0,0,0,0,
"(org.eclipse.collections.impl.jmh.MinTest.serial_lazy_reverse_ec,cbb680f9336a381f2daa9f800d6d70f77493ba7f)",0,0,0,0,0,0,0,0,0,0,0,0,0,0,0,0,0,0,0,0,0,0,0,0,0,0,0,
"(org.eclipse.collections.impl.jmh.NoneSatisfyTest.process_none_serial_lazy_ec,cbb680f9336a381f2daa9f800d6d70f77493ba7f)",0,0,0,0,0,0,0,0,0,0,0,0,0,0,0,0,0,0,0,0,0,0,0,0,0,0,0,
"(org.eclipse.collections.impl.jmh.SummarizeIntTest.serial_eager_collectIntSummaryStatistics_ec,cbb680f9336a381f2daa9f800d6d70f77493ba7f)",0,0,0,0,0,0,0,0,0,0,0,0,0,0,0,0,0,0,0,0,0,0,0,0,0,0,0,
"(org.eclipse.collections.impl.jmh.MaxByIntTest.maxByQuantity_parallel_lazy_ec,cbb680f9336a381f2daa9f800d6d70f77493ba7f)",0,0,0,0,0,0,0,0,0,0,0,0,0,0,0,0,0,0,0,0,0,0,0,0,0,0,0,
"(org.eclipse.collections.impl.jmh.MinByDoubleTest.minByMarketValue_parallel_lazy_collect_lambda_jdk,cbb680f9336a381f2daa9f800d6d70f77493ba7f)",0,0,0,0,0,0,0,0,0,0,0,0,0,0,0,0,0,0,0,0,0,0,0,0,0,0,0,
"(org.eclipse.collections.impl.jmh.MinByDoubleTest.minByMarketValue_serial_lazy_direct_lambda_jdk,cbb680f9336a381f2daa9f800d6d70f77493ba7f)",0,0,0,0,0,0,0,0,0,0,0,0,0,0,0,0,0,0,0,0,0,0,0,0,0,0,0,
"(org.eclipse.collections.impl.jmh.MinTest.parallel_lazy_reverse_streams_ec,cbb680f9336a381f2daa9f800d6d70f77493ba7f)",0,0,0,0,0,0,0,0,0,0,0,0,0,0,0,0,0,0,0,0,0,0,0,0,0,0,0,
"(org.eclipse.collections.impl.jmh.RejectTest.serial_lazy_jdk_lambda_negate,cbb680f9336a381f2daa9f800d6d70f77493ba7f)",0,0,0,0,0,0,0,0,0,0,0,0,0,0,0,0,0,0,0,0,0,0,0,0,0,0,0,
"(org.eclipse.collections.impl.jmh.RejectTest.serial_eager_ec_select_predicates_not,cbb680f9336a381f2daa9f800d6d70f77493ba7f)",0,0,0,0,0,0,0,0,0,0,0,0,0,0,0,0,0,0,0,0,0,0,0,0,0,0,0,
"(org.eclipse.collections.impl.jmh.SumByBigDecimalTest.sumByBigDecimalProduct_serial_eager_ec,cbb680f9336a381f2daa9f800d6d70f77493ba7f)",0,0,0,0,0,0,0,0,0,0,0,0,0,0,0,0,0,0,0,0,0,0,0,0,0,0,0,
"(org.eclipse.collections.impl.jmh.MinByIntTest.minByQuantity_serial_eager_ec,cbb680f9336a381f2daa9f800d6d70f77493ba7f)",0,0,0,0,0,0,0,0,0,0,0,0,0,0,0,0,0,0,0,0,0,0,0,0,0,0,0,
"(org.eclipse.collections.impl.jmh.LongIntMapTest.presizedPut,cbb680f9336a381f2daa9f800d6d70f77493ba7f)",0,0,0,0,0,0,0,0,0,0,0,0,0,0,0,0,0,0,0,0,0,0,0,0,0,0,0,
"(org.eclipse.collections.impl.jmh.IntListJMHTest.filterMapSumECParallelLazy,cbb680f9336a381f2daa9f800d6d70f77493ba7f)",0,0,0,0,0,0,0,0,0,0,0,0,0,0,0,0,0,0,0,0,0,0,0,0,0,0,0,
"(org.eclipse.collections.impl.jmh.MinTest.parallel_lazy_jdk,cbb680f9336a381f2daa9f800d6d70f77493ba7f)",0,0,0,0,0,0,0,0,0,0,0,0,0,0,0,0,0,0,0,0,0,0,0,0,0,0,0,
"(org.eclipse.collections.impl.jmh.AnagramBagTest.serial_lazy_jdk,cbb680f9336a381f2daa9f800d6d70f77493ba7f)",0,0,0,0,0,0,0,0,0,0,0,0,0,0,0,0,0,0,0,0,0,0,0,0,0,0,0,
"(org.eclipse.collections.impl.jmh.GroupByListTest.groupBy_10000_keys_serial_eager_scala,cbb680f9336a381f2daa9f800d6d70f77493ba7f)",0,0,0,0,0,0,0,0,0,0,0,0,0,0,0,0,0,0,0,0,0,0,0,0,0,0,0,
"(org.eclipse.collections.impl.jmh.GroupBySetTest.groupBy_2_keys_serial_lazy_streams_ec,cbb680f9336a381f2daa9f800d6d70f77493ba7f)",0,0,0,0,0,0,0,0,0,0,0,0,0,0,0,0,0,0,0,0,0,0,0,0,0,0,0,
"(org.eclipse.collections.impl.jmh.IntIntMapLargeStressTest.jdkPut,cbb680f9336a381f2daa9f800d6d70f77493ba7f)",0,0,0,0,0,0,0,0,0,0,0,0,0,0,0,0,0,0,0,0,0,0,0,0,0,0,0,
"(org.eclipse.collections.impl.jmh.MaxTest.serial_eager_reverse_ec,cbb680f9336a381f2daa9f800d6d70f77493ba7f)",0,0,0,0,0,0,0,0,0,0,0,0,0,0,0,0,0,0,0,0,0,0,0,0,0,0,0,
"(org.eclipse.collections.impl.jmh.FunctionalInterfaceTest.serial_lazy_jdk,cbb680f9336a381f2daa9f800d6d70f77493ba7f)",0,0,0,0,0,0,0,0,0,0,0,0,0,0,0,0,0,0,0,0,0,0,0,0,0,0,0,
"(org.eclipse.collections.impl.jmh.IntIntMapLargeStressTest.ecPut,cbb680f9336a381f2daa9f800d6d70f77493ba7f)",0,0,0,0,0,0,0,0,0,0,0,0,0,0,0,0,0,0,0,0,0,0,0,0,0,0,0,
"(org.eclipse.collections.impl.jmh.SumOfDoubleTest.serial_eager_collectDoubleSum_ec,cbb680f9336a381f2daa9f800d6d70f77493ba7f)",0,0,0,0,0,0,0,0,0,0,0,0,0,0,0,0,0,0,0,0,0,0,0,0,0,0,0,
"(org.eclipse.collections.impl.jmh.SelectTest.serial_lazy_streams_ec,cbb680f9336a381f2daa9f800d6d70f77493ba7f)",0,0,0,0,0,0,0,0,0,0,0,0,0,0,0,0,0,0,0,0,0,0,0,0,0,0,0,
"(org.eclipse.collections.impl.jmh.MaxTest.serial_lazy_reverse_jdk,cbb680f9336a381f2daa9f800d6d70f77493ba7f)",0,0,0,0,0,0,0,0,0,0,0,0,0,0,0,0,0,0,0,0,0,0,0,0,0,0,0,
"(org.eclipse.collections.impl.jmh.CollectTest.parallel_eager_fixed_pool_ec,cbb680f9336a381f2daa9f800d6d70f77493ba7f)",0,0,0,0,0,0,0,0,0,0,0,0,0,0,0,0,0,0,0,0,0,0,0,0,0,0,0,
"(org.eclipse.collections.impl.jmh.AnySatisfyTest.short_circuit_middle_serial_lazy_jdk,cbb680f9336a381f2daa9f800d6d70f77493ba7f)",0,0,0,0,0,0,0,0,0,0,0,0,0,0,0,0,0,0,0,0,0,0,0,0,0,0,0,
"(org.eclipse.collections.impl.jmh.IntListJMHTest.filterMapSumECBoxedLazy,cbb680f9336a381f2daa9f800d6d70f77493ba7f)",0,0,0,0,0,0,0,0,0,0,0,0,0,0,0,0,0,0,0,0,0,0,0,0,0,0,0,
"(org.eclipse.collections.impl.jmh.BagAddAllTest.guava,cbb680f9336a381f2daa9f800d6d70f77493ba7f)",0,0,0,0,0,0,0,0,0,0,0,0,0,0,0,0,0,0,0,0,0,0,0,0,0,0,0,
"(org.eclipse.collections.impl.jmh.SelectTest.serial_eager_ec,cbb680f9336a381f2daa9f800d6d70f77493ba7f)",0,0,0,0,0,0,0,0,0,0,0,0,0,0,0,0,0,0,0,0,0,0,0,0,0,0,0,
"(org.eclipse.collections.impl.jmh.list.ListIterationTest.serial_mutable_ec,cbb680f9336a381f2daa9f800d6d70f77493ba7f)",0,0,0,0,0,0,0,0,0,0,0,0,0,0,0,0,0,0,0,0,0,0,0,0,0,0,0,
"(org.eclipse.collections.impl.jmh.AnySatisfyTest.process_all_parallel_lazy_jdk,cbb680f9336a381f2daa9f800d6d70f77493ba7f)",0,0,0,0,0,0,0,0,0,0,0,0,0,0,0,0,0,0,0,0,0,0,0,0,0,0,0,
"(org.eclipse.collections.impl.jmh.set.sorted.SortedSetIterationTest.parallel_immutable_scala,cbb680f9336a381f2daa9f800d6d70f77493ba7f)",0,0,0,0,0,0,0,0,0,0,0,0,0,0,0,0,0,0,0,0,0,0,0,0,0,0,0,
"(org.eclipse.collections.impl.jmh.NoneSatisfyTest.process_all_parallel_lazy_ec,cbb680f9336a381f2daa9f800d6d70f77493ba7f)",0,0,0,0,0,0,0,0,0,0,0,0,0,0,0,0,0,0,0,0,0,0,0,0,0,0,0,
"(org.eclipse.collections.impl.jmh.CollectTest.serial_lazy_scala,cbb680f9336a381f2daa9f800d6d70f77493ba7f)",0,0,0,0,0,0,0,0,0,0,0,0,0,0,0,0,0,0,0,0,0,0,0,0,0,0,0,
"(org.eclipse.collections.impl.jmh.IntListJMHTest.filterECPrimitiveLazy,cbb680f9336a381f2daa9f800d6d70f77493ba7f)",0,0,0,0,0,0,0,0,0,0,0,0,0,0,0,0,0,0,0,0,0,0,0,0,0,0,0,
"(org.eclipse.collections.impl.jmh.IntListJMHTest.sumECBoxedLazy,cbb680f9336a381f2daa9f800d6d70f77493ba7f)",0,0,0,0,0,0,0,0,0,0,0,0,0,0,0,0,0,0,0,0,0,0,0,0,0,0,0,
"(org.eclipse.collections.impl.jmh.AllSatisfyTest.short_circuit_middle_serial_eager_ec,cbb680f9336a381f2daa9f800d6d70f77493ba7f)",0,0,0,0,0,0,0,0,0,0,0,0,0,0,0,0,0,0,0,0,0,0,0,0,0,0,0,
"(org.eclipse.collections.impl.jmh.MaxByDoubleTest.maxByMarketValue_serial_lazy_direct_methodref_jdk,cbb680f9336a381f2daa9f800d6d70f77493ba7f)",0,0,0,0,0,0,0,0,0,0,0,0,0,0,0,0,0,0,0,0,0,0,0,0,0,0,0,
"(org.eclipse.collections.impl.jmh.AggregateByTest.aggregateByProduct_parallel_lazy_streams_ec,cbb680f9336a381f2daa9f800d6d70f77493ba7f)",0,0,0,0,0,0,0,0,0,0,0,0,0,0,0,0,0,0,0,0,0,0,0,0,0,0,0,
"(org.eclipse.collections.impl.jmh.SelectTest.parallel_lazy_ec,cbb680f9336a381f2daa9f800d6d70f77493ba7f)",0,0,0,0,0,0,0,0,0,0,0,0,0,0,0,0,0,0,0,0,0,0,0,0,0,0,0,
"(org.eclipse.collections.impl.jmh.AnagramBagTest.serial_eager_ec,cbb680f9336a381f2daa9f800d6d70f77493ba7f)",0,0,0,0,0,0,0,0,0,0,0,0,0,0,0,0,0,0,0,0,0,0,0,0,0,0,0,
"(org.eclipse.collections.impl.jmh.AnagramSetTest.parallel_eager_ec,cbb680f9336a381f2daa9f800d6d70f77493ba7f)",0,0,0,0,0,0,0,0,0,0,0,0,0,0,0,0,0,0,0,0,0,0,0,0,0,0,0,
"(org.eclipse.collections.impl.jmh.CollectorJoiningTest.serial_eager_makeString_ec,cbb680f9336a381f2daa9f800d6d70f77493ba7f)",0,0,0,0,0,0,0,0,0,0,0,0,0,0,0,0,0,0,0,0,0,0,0,0,0,0,0,
"(org.eclipse.collections.impl.jmh.AnySatisfyTest.short_circuit_middle_serial_lazy_streams_ec,cbb680f9336a381f2daa9f800d6d70f77493ba7f)",0,0,0,0,0,0,0,0,0,0,0,0,0,0,0,0,0,0,0,0,0,0,0,0,0,0,0,
"(org.eclipse.collections.impl.jmh.SumByDoubleTest.sumByCategory_serial_eager_ec,cbb680f9336a381f2daa9f800d6d70f77493ba7f)",0,0,0,0,0,0,0,0,0,0,0,0,0,0,0,0,0,0,0,0,0,0,0,0,0,0,0,
"(org.eclipse.collections.impl.jmh.GroupBySetTest.groupBy_100_keys_parallel_lazy_ec,cbb680f9336a381f2daa9f800d6d70f77493ba7f)",0,0,0,0,0,0,0,0,0,0,0,0,0,0,0,0,0,0,0,0,0,0,0,0,0,0,0,
"(org.eclipse.collections.impl.jmh.SumOfDoubleTest.serial_lazy_collectDoubleSum_streams_ec,cbb680f9336a381f2daa9f800d6d70f77493ba7f)",0,0,0,0,0,0,0,0,0,0,0,0,0,0,0,0,0,0,0,0,0,0,0,0,0,0,0,
"(org.eclipse.collections.impl.jmh.AnagramBagTest.parallel_eager_ec,cbb680f9336a381f2daa9f800d6d70f77493ba7f)",0,0,0,0,0,0,0,0,0,0,0,0,0,0,0,0,0,0,0,0,0,0,0,0,0,0,0,
"(org.eclipse.collections.impl.jmh.GroupBySetTest.groupBy_10000_keys_serial_eager_scala,cbb680f9336a381f2daa9f800d6d70f77493ba7f)",0,0,0,0,0,0,0,0,0,0,0,0,0,0,0,0,0,0,0,0,0,0,0,0,0,0,0,
"(org.eclipse.collections.impl.jmh.IntListJMHTest.sumJDKIntStream,cbb680f9336a381f2daa9f800d6d70f77493ba7f)",0,0,0,0,0,0,0,0,0,0,0,0,0,0,0,0,0,0,0,0,0,0,0,0,0,0,0,
"(org.eclipse.collections.impl.jmh.MinByIntTest.minByQuantity_serial_lazy_collect_methodref_jdk,cbb680f9336a381f2daa9f800d6d70f77493ba7f)",0,0,0,0,0,0,0,0,0,0,0,0,0,0,0,0,0,0,0,0,0,0,0,0,0,0,0,
"(org.eclipse.collections.impl.jmh.BagAddAllTest.ec,cbb680f9336a381f2daa9f800d6d70f77493ba7f)",0,0,0,0,0,0,0,0,0,0,0,0,0,0,0,0,0,0,0,0,0,0,0,0,0,0,0,
"(org.eclipse.collections.impl.jmh.SummarizeIntTest.parallel_lazy_mapToIntSum_streams_ec,cbb680f9336a381f2daa9f800d6d70f77493ba7f)",0,0,0,0,0,0,0,0,0,0,0,0,0,0,0,0,0,0,0,0,0,0,0,0,0,0,0,
"(org.eclipse.collections.impl.jmh.list.ListIterationTest.serial_immutable_ec,cbb680f9336a381f2daa9f800d6d70f77493ba7f)",0,0,0,0,0,0,0,0,0,0,0,0,0,0,0,0,0,0,0,0,0,0,0,0,0,0,0,
"(org.eclipse.collections.impl.jmh.RejectTest.serial_lazy_streams_ec_lambda_not,cbb680f9336a381f2daa9f800d6d70f77493ba7f)",0,0,0,0,0,0,0,0,0,0,0,0,0,0,0,0,0,0,0,0,0,0,0,0,0,0,0,
"(org.eclipse.collections.impl.jmh.AnySatisfyTest.process_all_parallel_lazy_ec,cbb680f9336a381f2daa9f800d6d70f77493ba7f)",0,0,0,0,0,0,0,0,0,0,0,0,0,0,0,0,0,0,0,0,0,0,0,0,0,0,0,
"(org.eclipse.collections.impl.jmh.MaxTest.serial_eager_ec,cbb680f9336a381f2daa9f800d6d70f77493ba7f)",0,0,0,0,0,0,0,0,0,0,0,0,0,0,0,0,0,0,0,0,0,0,0,0,0,0,0,
"(org.eclipse.collections.impl.jmh.GroupBySetTest.groupBy_10000_keys_parallel_lazy_streams_ec,cbb680f9336a381f2daa9f800d6d70f77493ba7f)",0,0,0,0,0,0,0,0,0,0,0,0,0,0,0,0,0,0,0,0,0,0,0,0,0,0,0,
"(org.eclipse.collections.impl.jmh.MinByDoubleTest.minByMarketValue_serial_lazy_direct_methodref_jdk,cbb680f9336a381f2daa9f800d6d70f77493ba7f)",0,0,0,0,0,0,0,0,0,0,0,0,0,0,0,0,0,0,0,0,0,0,0,0,0,0,0,
"(org.eclipse.collections.impl.jmh.MinByDoubleTest.minByMarketValue_serial_eager_ec,cbb680f9336a381f2daa9f800d6d70f77493ba7f)",0,0,0,0,0,0,0,0,0,0,0,0,0,0,0,0,0,0,0,0,0,0,0,0,0,0,0,
"(org.eclipse.collections.impl.jmh.NoneSatisfyTest.process_all_parallel_lazy_jdk,cbb680f9336a381f2daa9f800d6d70f77493ba7f)",0,0,0,0,0,0,0,0,0,0,0,0,0,0,0,0,0,0,0,0,0,0,0,0,0,0,0,
"(org.eclipse.collections.impl.jmh.NoneSatisfyTest.process_none_serial_lazy_streams_ec,cbb680f9336a381f2daa9f800d6d70f77493ba7f)",0,0,0,0,0,0,0,0,0,0,0,0,0,0,0,0,0,0,0,0,0,0,0,0,0,0,0,
"(org.eclipse.collections.impl.jmh.MinByIntTest.minByQuantity_serial_lazy_direct_methodref_jdk,cbb680f9336a381f2daa9f800d6d70f77493ba7f)",0,0,0,0,0,0,0,0,0,0,0,0,0,0,0,0,0,0,0,0,0,0,0,0,0,0,0,
"(org.eclipse.collections.impl.jmh.AnySatisfyTest.process_all_serial_lazy_scala,cbb680f9336a381f2daa9f800d6d70f77493ba7f)",0,0,0,0,0,0,0,0,0,0,0,0,0,0,0,0,0,0,0,0,0,0,0,0,0,0,0,
"(org.eclipse.collections.impl.jmh.LongLongMapSmallStressTest.kolobokeRemove,cbb680f9336a381f2daa9f800d6d70f77493ba7f)",0,0,0,0,0,0,0,0,0,0,0,0,0,0,0,0,0,0,0,0,0,0,0,0,0,0,0,
"(org.eclipse.collections.impl.jmh.RejectTest.serial_lazy_ec,cbb680f9336a381f2daa9f800d6d70f77493ba7f)",0,0,0,0,0,0,0,0,0,0,0,0,0,0,0,0,0,0,0,0,0,0,0,0,0,0,0,
"(org.eclipse.collections.impl.jmh.MinByDoubleTest.minByMarketValue_parallel_lazy_direct_lambda_jdk,cbb680f9336a381f2daa9f800d6d70f77493ba7f)",0,0,0,0,0,0,0,0,0,0,0,0,0,0,0,0,0,0,0,0,0,0,0,0,0,0,0,
"(org.eclipse.collections.impl.jmh.GroupBySetTest.groupBy_100_keys_serial_eager_scala,cbb680f9336a381f2daa9f800d6d70f77493ba7f)",0,0,0,0,0,0,0,0,0,0,0,0,0,0,0,0,0,0,0,0,0,0,0,0,0,0,0,
"(org.eclipse.collections.impl.jmh.AnagramListTest.serial_lazy_jdk,cbb680f9336a381f2daa9f800d6d70f77493ba7f)",0,0,0,0,0,0,0,0,0,0,0,0,0,0,0,0,0,0,0,0,0,0,0,0,0,0,0,
"(org.eclipse.collections.impl.jmh.FlatCollectTest.serial_lazy_streams_ec,cbb680f9336a381f2daa9f800d6d70f77493ba7f)",0,0,0,0,0,0,0,0,0,0,0,0,0,0,0,0,0,0,0,0,0,0,0,0,0,0,0,
"(org.eclipse.collections.impl.jmh.SetAddAllTest.jdk,cbb680f9336a381f2daa9f800d6d70f77493ba7f)",0,0,0,0,0,0,0,0,0,0,0,0,0,0,0,0,0,0,0,0,0,0,0,0,0,0,0,
"(org.eclipse.collections.impl.jmh.AnySatisfyTest.process_all_serial_eager_ec,cbb680f9336a381f2daa9f800d6d70f77493ba7f)",0,0,0,0,0,0,0,0,0,0,0,0,0,0,0,0,0,0,0,0,0,0,0,0,0,0,0,
"(org.eclipse.collections.impl.jmh.IntIntMapSmallStressTest.kolobokePut,cbb680f9336a381f2daa9f800d6d70f77493ba7f)",0,0,0,0,0,0,0,0,0,0,0,0,0,0,0,0,0,0,0,0,0,0,0,0,0,0,0,
"(org.eclipse.collections.impl.jmh.SummarizeIntTest.parallel_lazy_mapToIntSum_jdk,cbb680f9336a381f2daa9f800d6d70f77493ba7f)",0,0,0,0,0,0,0,0,0,0,0,0,0,0,0,0,0,0,0,0,0,0,0,0,0,0,0,
"(org.eclipse.collections.impl.jmh.IntListJMHTest.filterMapSumJDKIntStream,cbb680f9336a381f2daa9f800d6d70f77493ba7f)",0,0,0,0,0,0,0,0,0,0,0,0,0,0,0,0,0,0,0,0,0,0,0,0,0,0,0,
"(org.eclipse.collections.impl.jmh.IntListJMHTest.mapECPrimitiveEager,cbb680f9336a381f2daa9f800d6d70f77493ba7f)",0,0,0,0,0,0,0,0,0,0,0,0,0,0,0,0,0,0,0,0,0,0,0,0,0,0,0,
"(org.eclipse.collections.impl.jmh.SummarizeIntTest.serial_eager_summarizeInt_ec,cbb680f9336a381f2daa9f800d6d70f77493ba7f)",0,0,0,0,0,0,0,0,0,0,0,0,0,0,0,0,0,0,0,0,0,0,0,0,0,0,0,
"(org.eclipse.collections.impl.jmh.GroupBySetTest.groupBy_2_keys_parallel_lazy_jdk,cbb680f9336a381f2daa9f800d6d70f77493ba7f)",0,0,0,0,0,0,0,0,0,0,0,0,0,0,0,0,0,0,0,0,0,0,0,0,0,0,0,
"(org.eclipse.collections.impl.jmh.SumOfIntTest.serial_lazy_mapToLongSum_streams_ec,cbb680f9336a381f2daa9f800d6d70f77493ba7f)",0,0,0,0,0,0,0,0,0,0,0,0,0,0,0,0,0,0,0,0,0,0,0,0,0,0,0,
"(org.eclipse.collections.impl.jmh.MinByDoubleTest.minByMarketValue_parallel_lazy_direct_methodref_jdk,cbb680f9336a381f2daa9f800d6d70f77493ba7f)",0,0,0,0,0,0,0,0,0,0,0,0,0,0,0,0,0,0,0,0,0,0,0,0,0,0,0,
"(org.eclipse.collections.impl.jmh.AllSatisfyTest.process_all_serial_lazy_jdk,cbb680f9336a381f2daa9f800d6d70f77493ba7f)",0,0,0,0,0,0,0,0,0,0,0,0,0,0,0,0,0,0,0,0,0,0,0,0,0,0,0,
"(org.eclipse.collections.impl.jmh.CountTest.parallel_lazy_scala,cbb680f9336a381f2daa9f800d6d70f77493ba7f)",0,0,0,0,0,0,0,0,0,0,0,0,0,0,0,0,0,0,0,0,0,0,0,0,0,0,0,
"(org.eclipse.collections.impl.jmh.MinByDoubleTest.minByMarketValue_serial_lazy_ec,cbb680f9336a381f2daa9f800d6d70f77493ba7f)",0,0,0,0,0,0,0,0,0,0,0,0,0,0,0,0,0,0,0,0,0,0,0,0,0,0,0,
"(org.eclipse.collections.impl.jmh.MinByIntTest.minByQuantity_parallel_lazy_ec,cbb680f9336a381f2daa9f800d6d70f77493ba7f)",0,0,0,0,0,0,0,0,0,0,0,0,0,0,0,0,0,0,0,0,0,0,0,0,0,0,0,
"(org.eclipse.collections.impl.jmh.ListEqualTest.jdk,cbb680f9336a381f2daa9f800d6d70f77493ba7f)",0,0,0,0,0,0,0,0,0,0,0,0,0,0,0,0,0,0,0,0,0,0,0,0,0,0,0,
"(org.eclipse.collections.impl.jmh.AnagramSetTest.serial_lazy_scala,cbb680f9336a381f2daa9f800d6d70f77493ba7f)",0,0,0,0,0,0,0,0,0,0,0,0,0,0,0,0,0,0,0,0,0,0,0,0,0,0,0,
"(org.eclipse.collections.impl.jmh.AllSatisfyTest.process_all_parallel_lazy_ec,cbb680f9336a381f2daa9f800d6d70f77493ba7f)",0,0,0,0,0,0,0,0,0,0,0,0,0,0,0,0,0,0,0,0,0,0,0,0,0,0,0,
"(org.eclipse.collections.impl.jmh.FunctionalInterfaceTest.parallel_lazy_jdk,cbb680f9336a381f2daa9f800d6d70f77493ba7f)",0,0,0,0,0,0,0,0,0,0,0,0,0,0,0,0,0,0,0,0,0,0,0,0,0,0,0,
"(org.eclipse.collections.impl.jmh.SelectTest.parallel_lazy_streams_ec,cbb680f9336a381f2daa9f800d6d70f77493ba7f)",0,0,0,0,0,0,0,0,0,0,0,0,0,0,0,0,0,0,0,0,0,0,0,0,0,0,0,
"(org.eclipse.collections.impl.jmh.IntListJMHTest.filterMapSumECPrimitiveLazy,cbb680f9336a381f2daa9f800d6d70f77493ba7f)",0,0,0,0,0,0,0,0,0,0,0,0,0,0,0,0,0,0,0,0,0,0,0,0,0,0,0,
"(org.eclipse.collections.impl.jmh.IntListJMHTest.filterMapSumJDKBoxedStream,cbb680f9336a381f2daa9f800d6d70f77493ba7f)",0,0,0,0,0,0,0,0,0,0,0,0,0,0,0,0,0,0,0,0,0,0,0,0,0,0,0,
"(org.eclipse.collections.impl.jmh.MinTest.serial_lazy_intstream_streams_ec,cbb680f9336a381f2daa9f800d6d70f77493ba7f)",0,0,0,0,0,0,0,0,0,0,0,0,0,0,0,0,0,0,0,0,0,0,0,0,0,0,0,
"(org.eclipse.collections.impl.jmh.MinTest.serial_lazy_streams_ec,cbb680f9336a381f2daa9f800d6d70f77493ba7f)",0,0,0,0,0,0,0,0,0,0,0,0,0,0,0,0,0,0,0,0,0,0,0,0,0,0,0,
"(org.eclipse.collections.impl.jmh.AllSatisfyTest.process_all_serial_lazy_streams_ec,cbb680f9336a381f2daa9f800d6d70f77493ba7f)",0,0,0,0,0,0,0,0,0,0,0,0,0,0,0,0,0,0,0,0,0,0,0,0,0,0,0,
"(org.eclipse.collections.impl.jmh.map.HppcMutableMapGetTest.get,cbb680f9336a381f2daa9f800d6d70f77493ba7f)",0,0,0,0,0,0,0,0,0,0,0,0,0,0,0,0,0,0,0,0,0,0,0,0,0,0,0,
"(org.eclipse.collections.impl.jmh.LongLongMapLargeStressTest.ecRemove,cbb680f9336a381f2daa9f800d6d70f77493ba7f)",0,0,0,0,0,0,0,0,0,0,0,0,0,0,0,0,0,0,0,0,0,0,0,0,0,0,0,
"(org.eclipse.collections.impl.jmh.CountTest.parallel_lazy_ec,cbb680f9336a381f2daa9f800d6d70f77493ba7f)",0,0,0,0,0,0,0,0,0,0,0,0,0,0,0,0,0,0,0,0,0,0,0,0,0,0,0,
"(org.eclipse.collections.impl.jmh.SumOfDoubleTest.parallel_lazy_collectDoubleSum_streams_ec,cbb680f9336a381f2daa9f800d6d70f77493ba7f)",0,0,0,0,0,0,0,0,0,0,0,0,0,0,0,0,0,0,0,0,0,0,0,0,0,0,0,
"(org.eclipse.collections.impl.jmh.set.sorted.SortedSetIterationTest.serial_immutable_scala,cbb680f9336a381f2daa9f800d6d70f77493ba7f)",0,0,0,0,0,0,0,0,0,0,0,0,0,0,0,0,0,0,0,0,0,0,0,0,0,0,0,
"(org.eclipse.collections.impl.jmh.IntListJMHTest.filterMapSumJDKIntStreamParallel,cbb680f9336a381f2daa9f800d6d70f77493ba7f)",0,0,0,0,0,0,0,0,0,0,0,0,0,0,0,0,0,0,0,0,0,0,0,0,0,0,0,
"(org.eclipse.collections.impl.jmh.IntIntMapLargeStressTest.ecRemove,cbb680f9336a381f2daa9f800d6d70f77493ba7f)",0,0,0,0,0,0,0,0,0,0,0,0,0,0,0,0,0,0,0,0,0,0,0,0,0,0,0,
"(org.eclipse.collections.impl.jmh.CollectIfTest.parallel_lazy_jdk,cbb680f9336a381f2daa9f800d6d70f77493ba7f)",0,0,0,0,0,0,0,0,0,0,0,0,0,0,0,0,0,0,0,0,0,0,0,0,0,0,0,
"(org.eclipse.collections.impl.jmh.SumByDoubleTest.sumByCategory_parallel_eager_ec,cbb680f9336a381f2daa9f800d6d70f77493ba7f)",0,0,0,0,0,0,0,0,0,0,0,0,0,0,0,0,0,0,0,0,0,0,0,0,0,0,0,
"(org.eclipse.collections.impl.jmh.IntListJMHTest.filterECBoxedEager,cbb680f9336a381f2daa9f800d6d70f77493ba7f)",0,0,0,0,0,0,0,0,0,0,0,0,0,0,0,0,0,0,0,0,0,0,0,0,0,0,0,
"(org.eclipse.collections.impl.jmh.SumOfIntTest.serial_lazy_mapToIntSum_streams_ec,cbb680f9336a381f2daa9f800d6d70f77493ba7f)",0,0,0,0,0,0,0,0,0,0,0,0,0,0,0,0,0,0,0,0,0,0,0,0,0,0,0,
"(org.eclipse.collections.impl.jmh.SumOfIntTest.serial_lazy_mapToLongSum_jdk,cbb680f9336a381f2daa9f800d6d70f77493ba7f)",0,0,0,0,0,0,0,0,0,0,0,0,0,0,0,0,0,0,0,0,0,0,0,0,0,0,0,
"(org.eclipse.collections.impl.jmh.GroupByListTest.groupBy_2_keys_serial_eager_scala,cbb680f9336a381f2daa9f800d6d70f77493ba7f)",0,0,0,0,0,0,0,0,0,0,0,0,0,0,0,0,0,0,0,0,0,0,0,0,0,0,0,
"(org.eclipse.collections.impl.jmh.MaxByDoubleTest.maxByMarketValue_parallel_lazy_collect_methodref_jdk,cbb680f9336a381f2daa9f800d6d70f77493ba7f)",0,0,0,0,0,0,0,0,0,0,0,0,0,0,0,0,0,0,0,0,0,0,0,0,0,0,0,
"(org.eclipse.collections.impl.jmh.NoneSatisfyTest.short_circuit_middle_serial_lazy_streams_ec,cbb680f9336a381f2daa9f800d6d70f77493ba7f)",0,0,0,0,0,0,0,0,0,0,0,0,0,0,0,0,0,0,0,0,0,0,0,0,0,0,0,
"(org.eclipse.collections.impl.jmh.IntListJMHTest.filterECBoxedLazy,cbb680f9336a381f2daa9f800d6d70f77493ba7f)",0,0,0,0,0,0,0,0,0,0,0,0,0,0,0,0,0,0,0,0,0,0,0,0,0,0,0,
"(org.eclipse.collections.impl.jmh.MinTest.parallel_lazy_ec,cbb680f9336a381f2daa9f800d6d70f77493ba7f)",0,0,0,0,0,0,0,0,0,0,0,0,0,0,0,0,0,0,0,0,0,0,0,0,0,0,0,
"(org.eclipse.collections.impl.jmh.GroupBySetTest.groupBy_2_keys_serial_lazy_jdk,cbb680f9336a381f2daa9f800d6d70f77493ba7f)",0,0,0,0,0,0,0,0,0,0,0,0,0,0,0,0,0,0,0,0,0,0,0,0,0,0,0,
"(org.eclipse.collections.impl.jmh.map.ChainMapPutTest.jdk,cbb680f9336a381f2daa9f800d6d70f77493ba7f)",0,0,0,0,0,0,0,0,0,0,0,0,0,0,0,0,0,0,0,0,0,0,0,0,0,0,0,
"(org.eclipse.collections.impl.jmh.SummarizeIntTest.serial_lazy_collectIntSummaryStatistics_ec,cbb680f9336a381f2daa9f800d6d70f77493ba7f)",0,0,0,0,0,0,0,0,0,0,0,0,0,0,0,0,0,0,0,0,0,0,0,0,0,0,0,
"(org.eclipse.collections.impl.jmh.LongIntMapTest.get,cbb680f9336a381f2daa9f800d6d70f77493ba7f)",0,0,0,0,0,0,0,0,0,0,0,0,0,0,0,0,0,0,0,0,0,0,0,0,0,0,0,
"(org.eclipse.collections.impl.jmh.map.EcMutableMapGetTest.get,cbb680f9336a381f2daa9f800d6d70f77493ba7f)",0,0,0,0,0,0,0,0,0,0,0,0,0,0,0,0,0,0,0,0,0,0,0,0,0,0,0,
"(org.eclipse.collections.impl.jmh.AnySatisfyTest.process_all_parallel_lazy_streams_ec,cbb680f9336a381f2daa9f800d6d70f77493ba7f)",0,0,0,0,0,0,0,0,0,0,0,0,0,0,0,0,0,0,0,0,0,0,0,0,0,0,0,
"(org.eclipse.collections.impl.jmh.AggregateByTest.aggregateInPlaceByProduct_parallel_eager_ec,cbb680f9336a381f2daa9f800d6d70f77493ba7f)",0,0,0,0,0,0,0,0,0,0,0,0,0,0,0,0,0,0,0,0,0,0,0,0,0,0,0,
"(org.eclipse.collections.impl.jmh.AnySatisfyTest.short_circuit_middle_parallel_lazy_ec,cbb680f9336a381f2daa9f800d6d70f77493ba7f)",0,0,0,0,0,0,0,0,0,0,0,0,0,0,0,0,0,0,0,0,0,0,0,0,0,0,0,
"(org.eclipse.collections.impl.jmh.CollectTest.parallel_lazy_ec,cbb680f9336a381f2daa9f800d6d70f77493ba7f)",0,0,0,0,0,0,0,0,0,0,0,0,0,0,0,0,0,0,0,0,0,0,0,0,0,0,0,
"(org.eclipse.collections.impl.jmh.LongIntMapTest.copyTest,cbb680f9336a381f2daa9f800d6d70f77493ba7f)",0,0,0,0,0,0,0,0,0,0,0,0,0,0,0,0,0,0,0,0,0,0,0,0,0,0,0,
"(org.eclipse.collections.impl.jmh.MaxByIntTest.maxByQuantity_parallel_lazy_collect_lambda_jdk,cbb680f9336a381f2daa9f800d6d70f77493ba7f)",0,0,0,0,0,0,0,0,0,0,0,0,0,0,0,0,0,0,0,0,0,0,0,0,0,0,0,
"(org.eclipse.collections.impl.jmh.AggregateByTest.aggregateInPlaceByAccount_parallel_eager_ec,cbb680f9336a381f2daa9f800d6d70f77493ba7f)",0,0,0,0,0,0,0,0,0,0,0,0,0,0,0,0,0,0,0,0,0,0,0,0,0,0,0,
"(org.eclipse.collections.impl.jmh.AggregateByTest.aggregateByCategory_parallel_lazy_jdk,cbb680f9336a381f2daa9f800d6d70f77493ba7f)",0,0,0,0,0,0,0,0,0,0,0,0,0,0,0,0,0,0,0,0,0,0,0,0,0,0,0,
"(org.eclipse.collections.impl.jmh.IntListJMHTest.mapECParallelEager,cbb680f9336a381f2daa9f800d6d70f77493ba7f)",0,0,0,0,0,0,0,0,0,0,0,0,0,0,0,0,0,0,0,0,0,0,0,0,0,0,0,
"(org.eclipse.collections.impl.jmh.AnySatisfyTest.short_circuit_middle_serial_lazy_ec,cbb680f9336a381f2daa9f800d6d70f77493ba7f)",0,0,0,0,0,0,0,0,0,0,0,0,0,0,0,0,0,0,0,0,0,0,0,0,0,0,0,
"(org.eclipse.collections.impl.jmh.CountSetTest.parallel_lazy_scala,cbb680f9336a381f2daa9f800d6d70f77493ba7f)",0,0,0,0,0,0,0,0,0,0,0,0,0,0,0,0,0,0,0,0,0,0,0,0,0,0,0,
"(org.eclipse.collections.impl.jmh.IntListJMHTest.mapECBoxedLazy,cbb680f9336a381f2daa9f800d6d70f77493ba7f)",0,0,0,0,0,0,0,0,0,0,0,0,0,0,0,0,0,0,0,0,0,0,0,0,0,0,0,
"(org.eclipse.collections.impl.jmh.SummarizeIntTest.serial_lazy_mapToIntSum_streams_ec,cbb680f9336a381f2daa9f800d6d70f77493ba7f)",0,0,0,0,0,0,0,0,0,0,0,0,0,0,0,0,0,0,0,0,0,0,0,0,0,0,0,
"(org.eclipse.collections.impl.jmh.AllSatisfyTest.process_all_serial_eager_ec,cbb680f9336a381f2daa9f800d6d70f77493ba7f)",0,0,0,0,0,0,0,0,0,0,0,0,0,0,0,0,0,0,0,0,0,0,0,0,0,0,0,
"(org.eclipse.collections.impl.jmh.AnagramSetTest.serial_eager_ec,cbb680f9336a381f2daa9f800d6d70f77493ba7f)",0,0,0,0,0,0,0,0,0,0,0,0,0,0,0,0,0,0,0,0,0,0,0,0,0,0,0,
"(org.eclipse.collections.impl.jmh.SumOfIntTest.serial_eager_collectIntSum_ec,cbb680f9336a381f2daa9f800d6d70f77493ba7f)",0,0,0,0,0,0,0,0,0,0,0,0,0,0,0,0,0,0,0,0,0,0,0,0,0,0,0,
"(org.eclipse.collections.impl.jmh.CollectTest.serial_eager_scala,cbb680f9336a381f2daa9f800d6d70f77493ba7f)",0,0,0,0,0,0,0,0,0,0,0,0,0,0,0,0,0,0,0,0,0,0,0,0,0,0,0,
"(org.eclipse.collections.impl.jmh.IntListJMHTest.mapECBoxedEager,cbb680f9336a381f2daa9f800d6d70f77493ba7f)",0,0,0,0,0,0,0,0,0,0,0,0,0,0,0,0,0,0,0,0,0,0,0,0,0,0,0,
"(org.eclipse.collections.impl.jmh.PartitionTest.serial_lazy_jdk,cbb680f9336a381f2daa9f800d6d70f77493ba7f)",0,0,0,0,0,0,0,0,0,0,0,0,0,0,0,0,0,0,0,0,0,0,0,0,0,0,0,
"(org.eclipse.collections.impl.jmh.IntIntMapSmallStressTest.jdkPut,cbb680f9336a381f2daa9f800d6d70f77493ba7f)",0,0,0,0,0,0,0,0,0,0,0,0,0,0,0,0,0,0,0,0,0,0,0,0,0,0,0,
"(org.eclipse.collections.impl.jmh.MaxByDoubleTest.maxByMarketValue_parallel_lazy_ec,cbb680f9336a381f2daa9f800d6d70f77493ba7f)",0,0,0,0,0,0,0,0,0,0,0,0,0,0,0,0,0,0,0,0,0,0,0,0,0,0,0,
"(org.eclipse.collections.impl.jmh.IntIntMapLargeStressTest.ecGet,cbb680f9336a381f2daa9f800d6d70f77493ba7f)",0,0,0,0,0,0,0,0,0,0,0,0,0,0,0,0,0,0,0,0,0,0,0,0,0,0,0,
"(org.eclipse.collections.impl.jmh.SummarizeIntTest.serial_eager_summaryStatistics_intList,cbb680f9336a381f2daa9f800d6d70f77493ba7f)",0,0,0,0,0,0,0,0,0,0,0,0,0,0,0,0,0,0,0,0,0,0,0,0,0,0,0,
"(org.eclipse.collections.impl.jmh.IntListJMHTest.mapJDKBoxedStream,cbb680f9336a381f2daa9f800d6d70f77493ba7f)",0,0,0,0,0,0,0,0,0,0,0,0,0,0,0,0,0,0,0,0,0,0,0,0,0,0,0,
"(org.eclipse.collections.impl.jmh.MinByDoubleTest.minByMarketValue_serial_lazy_collect_methodref_jdk,cbb680f9336a381f2daa9f800d6d70f77493ba7f)",0,0,0,0,0,0,0,0,0,0,0,0,0,0,0,0,0,0,0,0,0,0,0,0,0,0,0,
"(org.eclipse.collections.impl.jmh.MaxByDoubleTest.maxByMarketValue_parallel_lazy_direct_lambda_jdk,cbb680f9336a381f2daa9f800d6d70f77493ba7f)",0,0,0,0,0,0,0,0,0,0,0,0,0,0,0,0,0,0,0,0,0,0,0,0,0,0,0,
"(org.eclipse.collections.impl.jmh.AggregateByTest.aggregateByCategory_serial_lazy_ec,cbb680f9336a381f2daa9f800d6d70f77493ba7f)",0,0,0,0,1,1,0,0,2,0,0,0,0,0,0,0,0,0,0,0,0,0,0,0,0,0,4,
"(org.eclipse.collections.impl.jmh.IntIntMapSmallStressTest.jdkRemove,cbb680f9336a381f2daa9f800d6d70f77493ba7f)",0,0,0,0,0,0,0,0,0,0,0,0,0,0,0,0,0,0,0,0,0,0,0,0,0,0,0,
"(org.eclipse.collections.impl.jmh.GroupByListTest.groupBy_10000_keys_serial_lazy_streams_ec,cbb680f9336a381f2daa9f800d6d70f77493ba7f)",0,0,0,0,0,0,0,0,0,0,0,0,0,0,0,0,0,0,0,0,0,0,0,0,0,0,0,
"(org.eclipse.collections.impl.jmh.MinTest.parallel_lazy_reverse_ec,cbb680f9336a381f2daa9f800d6d70f77493ba7f)",0,0,0,0,0,0,0,0,0,0,0,0,0,0,0,0,0,0,0,0,0,0,0,0,0,0,0,
"(org.eclipse.collections.impl.jmh.AnagramBagTest.parallel_lazy_jdk,cbb680f9336a381f2daa9f800d6d70f77493ba7f)",0,0,0,0,0,0,0,0,0,0,0,0,0,0,0,0,0,0,0,0,0,0,0,0,0,0,0,
"(org.eclipse.collections.impl.jmh.RejectTest.serial_lazy_jdk_lambda_not,cbb680f9336a381f2daa9f800d6d70f77493ba7f)",0,0,0,0,0,0,0,0,0,0,0,0,0,0,0,0,0,0,0,0,0,0,0,0,0,0,0,
"(org.eclipse.collections.impl.jmh.SumByDoubleTest.sumByAccount_parallel_lazy_jdk,cbb680f9336a381f2daa9f800d6d70f77493ba7f)",0,0,0,0,0,0,0,0,0,0,0,0,0,0,0,0,0,0,0,0,0,0,0,0,0,0,0,
"(org.eclipse.collections.impl.jmh.CollectorJoiningTest.serial_eager_primitiveMakeString_ec,cbb680f9336a381f2daa9f800d6d70f77493ba7f)",0,0,0,0,0,0,0,0,0,0,0,0,0,0,0,0,0,0,0,0,0,0,0,0,0,0,0,
"(org.eclipse.collections.impl.jmh.set.sorted.SortedSetContainsTest.contains_immutable_ec,cbb680f9336a381f2daa9f800d6d70f77493ba7f)",0,0,0,0,0,0,0,0,0,0,0,0,0,0,0,0,0,0,0,0,0,0,0,0,0,0,0,
"(org.eclipse.collections.impl.jmh.IntListJMHTest.filterMapSumECPrimitiveEager,cbb680f9336a381f2daa9f800d6d70f77493ba7f)",0,0,0,0,0,0,0,0,0,0,0,0,0,0,0,0,0,0,0,0,0,0,0,0,0,0,0,
"(org.eclipse.collections.impl.jmh.NoneSatisfyTest.short_circuit_middle_parallel_lazy_ec,cbb680f9336a381f2daa9f800d6d70f77493ba7f)",0,0,0,0,0,0,0,0,0,0,0,0,0,0,0,0,0,0,0,0,0,0,0,0,0,0,0,
"(org.eclipse.collections.impl.jmh.NoneSatisfyTest.short_circuit_middle_serial_eager_ec,cbb680f9336a381f2daa9f800d6d70f77493ba7f)",0,0,0,0,0,0,0,0,0,0,0,0,0,0,0,0,0,0,0,0,0,0,0,0,0,0,0,
"(org.eclipse.collections.impl.jmh.MaxTest.serial_lazy_ec,cbb680f9336a381f2daa9f800d6d70f77493ba7f)",0,0,0,0,0,0,0,0,0,0,0,0,0,0,0,0,0,0,0,0,0,0,0,0,0,0,0,
"(org.eclipse.collections.impl.jmh.SumOfIntTest.parallel_lazy_mapToIntSum_streams_ec,cbb680f9336a381f2daa9f800d6d70f77493ba7f)",0,0,0,0,0,0,0,0,0,0,0,0,0,0,0,0,0,0,0,0,0,0,0,0,0,0,0,
"(org.eclipse.collections.impl.jmh.MinByIntTest.minByQuantity_serial_lazy_collect_lambda_jdk,cbb680f9336a381f2daa9f800d6d70f77493ba7f)",0,0,0,0,0,0,0,0,0,0,0,0,0,0,0,0,0,0,0,0,0,0,0,0,0,0,0,
"(org.eclipse.collections.impl.jmh.GroupBySetTest.groupBy_10000_keys_parallel_lazy_jdk,cbb680f9336a381f2daa9f800d6d70f77493ba7f)",0,0,0,0,0,0,0,0,0,0,0,0,0,0,0,0,0,0,0,0,0,0,0,0,0,0,0,
"(org.eclipse.collections.impl.jmh.CollectTest.serial_eager_ec,cbb680f9336a381f2daa9f800d6d70f77493ba7f)",0,0,0,0,0,0,0,0,0,0,0,0,0,0,0,0,0,0,0,0,0,0,0,0,0,0,0,
"(org.eclipse.collections.impl.jmh.CountSetTest.parallel_lazy_jdk,cbb680f9336a381f2daa9f800d6d70f77493ba7f)",0,0,0,0,0,0,0,0,0,0,0,0,0,0,0,0,0,0,0,0,0,0,0,0,0,0,0,
"(org.eclipse.collections.impl.jmh.IntListJMHTest.filterJDKIntStreamParallelToEC,cbb680f9336a381f2daa9f800d6d70f77493ba7f)",0,0,0,0,0,0,0,0,0,0,0,0,0,0,0,0,0,0,0,0,0,0,0,0,0,0,0,
"(org.eclipse.collections.impl.jmh.list.ListIterationTest.parallel_immutable_ec,cbb680f9336a381f2daa9f800d6d70f77493ba7f)",0,0,0,0,0,0,0,0,0,0,0,0,0,0,0,0,0,0,0,0,0,0,0,0,0,0,0,
"(org.eclipse.collections.impl.jmh.LongIntMapTest.put,cbb680f9336a381f2daa9f800d6d70f77493ba7f)",0,0,0,0,0,0,0,0,0,0,0,0,0,0,0,0,0,0,0,0,0,0,0,0,0,0,0,
"(org.eclipse.collections.impl.jmh.AnySatisfyTest.process_all_serial_lazy_jdk,cbb680f9336a381f2daa9f800d6d70f77493ba7f)",0,0,0,0,0,0,0,0,0,0,0,0,0,0,0,0,0,0,0,0,0,0,0,0,0,0,0,
"(org.eclipse.collections.impl.jmh.FunctionalInterfaceSetTest.parallel_lazy_ec,cbb680f9336a381f2daa9f800d6d70f77493ba7f)",0,0,0,0,0,0,0,0,0,0,0,0,0,0,0,0,0,0,0,0,0,0,0,0,0,0,0,
"(org.eclipse.collections.impl.jmh.IntListJMHTest.mapECPrimitiveLazy,cbb680f9336a381f2daa9f800d6d70f77493ba7f)",0,0,0,0,0,0,0,0,0,0,0,0,0,0,0,0,0,0,0,0,0,0,0,0,0,0,0,
"(org.eclipse.collections.impl.jmh.AllSatisfyTest.short_circuit_middle_parallel_lazy_ec,cbb680f9336a381f2daa9f800d6d70f77493ba7f)",0,0,0,0,0,0,0,0,0,0,0,0,0,0,0,0,0,0,0,0,0,0,0,0,0,0,0,
"(org.eclipse.collections.impl.jmh.list.ListIterationTest.serial_mutable_scala,cbb680f9336a381f2daa9f800d6d70f77493ba7f)",0,0,0,0,0,0,0,0,0,0,0,0,0,0,0,0,0,0,0,0,0,0,0,0,0,0,0,
"(org.eclipse.collections.impl.jmh.PartitionTest.serial_eager_ec,cbb680f9336a381f2daa9f800d6d70f77493ba7f)",0,0,0,0,0,0,0,0,0,0,0,0,0,0,0,0,0,0,0,0,0,0,0,0,0,0,0,
"(org.eclipse.collections.impl.jmh.IntListJMHTest.filterECParallelLazy,cbb680f9336a381f2daa9f800d6d70f77493ba7f)",0,0,0,0,0,0,0,0,0,0,0,0,0,0,0,0,0,0,0,0,0,0,0,0,0,0,0,
"(org.eclipse.collections.impl.jmh.AggregateByTest.aggregateByCategory_serial_lazy_jdk,cbb680f9336a381f2daa9f800d6d70f77493ba7f)",0,0,0,0,0,0,0,0,0,0,0,0,0,0,0,0,0,0,0,0,0,0,0,0,0,0,0,
"(org.eclipse.collections.impl.jmh.AnagramListTest.serial_lazy_streams_ec,cbb680f9336a381f2daa9f800d6d70f77493ba7f)",0,0,0,0,0,0,0,0,0,0,0,0,0,0,0,0,0,0,0,0,0,0,0,0,0,0,0,
"(org.eclipse.collections.impl.jmh.GroupBySetTest.groupBy_2_keys_serial_eager_scala,cbb680f9336a381f2daa9f800d6d70f77493ba7f)",0,0,0,0,0,0,0,0,0,0,0,0,0,0,0,0,0,0,0,0,0,0,0,0,0,0,0,
"(org.eclipse.collections.impl.jmh.map.TroveMapPutTest.trove,cbb680f9336a381f2daa9f800d6d70f77493ba7f)",0,0,0,0,0,0,0,0,0,0,0,0,0,0,0,0,0,0,0,0,0,0,0,0,0,0,0,
"(org.eclipse.collections.impl.jmh.FlatCollectTest.serial_lazy_ec,cbb680f9336a381f2daa9f800d6d70f77493ba7f)",0,0,0,0,0,0,0,0,0,0,0,0,0,0,0,0,0,0,0,0,0,0,0,0,0,0,0,
"(org.eclipse.collections.impl.jmh.GroupBySetTest.groupBy_10000_keys_serial_lazy_streams_ec,cbb680f9336a381f2daa9f800d6d70f77493ba7f)",0,0,0,0,0,0,0,0,0,0,0,0,0,0,0,0,0,0,0,0,0,0,0,0,0,0,0,
"(org.eclipse.collections.impl.jmh.map.KolobokeMutableMapGetTest.get,cbb680f9336a381f2daa9f800d6d70f77493ba7f)",0,0,0,0,0,0,0,0,0,0,0,0,0,0,0,0,0,0,0,0,0,0,0,0,0,0,0,
"(org.eclipse.collections.impl.jmh.GroupBySetTest.groupBy_10000_keys_parallel_lazy_scala,cbb680f9336a381f2daa9f800d6d70f77493ba7f)",0,0,0,0,0,0,0,0,0,0,0,0,0,0,0,0,0,0,0,0,0,0,0,0,0,0,0,
"(org.eclipse.collections.impl.jmh.map.ChainMapPutTest.scala,cbb680f9336a381f2daa9f800d6d70f77493ba7f)",0,0,0,0,0,0,0,0,0,0,0,0,0,0,0,0,0,0,0,0,0,0,0,0,0,0,0,
"(org.eclipse.collections.impl.jmh.FunctionalInterfaceTest.parallel_lazy_scala,cbb680f9336a381f2daa9f800d6d70f77493ba7f)",0,0,0,0,0,0,0,0,0,0,0,0,0,0,0,0,0,0,0,0,0,0,0,0,0,0,0,
"(org.eclipse.collections.impl.jmh.FunctionalInterfaceTest.serial_eager_ec,cbb680f9336a381f2daa9f800d6d70f77493ba7f)",0,0,0,0,0,0,0,0,0,0,0,0,0,0,0,0,0,0,0,0,0,0,0,0,0,0,0,
"(org.eclipse.collections.impl.jmh.SumByDoubleTest.sumByAccount_serial_eager_ec,cbb680f9336a381f2daa9f800d6d70f77493ba7f)",0,0,0,0,0,0,0,0,0,0,0,0,0,0,0,0,0,0,0,0,0,0,0,0,0,0,0,
"(org.eclipse.collections.impl.jmh.SumByDoubleTest.sumByProduct_parallel_lazy_jdk,cbb680f9336a381f2daa9f800d6d70f77493ba7f)",0,0,0,0,0,0,0,0,0,0,0,0,0,0,0,0,0,0,0,0,0,0,0,0,0,0,0,
"(org.eclipse.collections.impl.jmh.SumOfDoubleTest.parallel_lazy_collectDoubleSum_jdk,cbb680f9336a381f2daa9f800d6d70f77493ba7f)",0,0,0,0,0,0,0,0,0,0,0,0,0,0,0,0,0,0,0,0,0,0,0,0,0,0,0,
"(org.eclipse.collections.impl.jmh.map.TroveMutableMapGetTest.get,cbb680f9336a381f2daa9f800d6d70f77493ba7f)",0,0,0,0,0,0,0,0,0,0,0,0,0,0,0,0,0,0,0,0,0,0,0,0,0,0,0,
"(org.eclipse.collections.impl.jmh.MinTest.parallel_lazy_intstream_jdk,cbb680f9336a381f2daa9f800d6d70f77493ba7f)",0,0,0,0,0,0,0,0,0,0,0,0,0,0,0,0,0,0,0,0,0,0,0,0,0,0,0,
"(org.eclipse.collections.impl.jmh.SumOfIntTest.serial_eager_sum_intList,cbb680f9336a381f2daa9f800d6d70f77493ba7f)",0,0,0,0,0,0,0,0,0,0,0,0,0,0,0,0,0,0,0,0,0,0,0,0,0,0,0,
"(org.eclipse.collections.impl.jmh.IntListJMHTest.sumJDKIntStreamParallel,cbb680f9336a381f2daa9f800d6d70f77493ba7f)",0,0,0,0,0,0,0,0,0,0,0,0,0,0,0,0,0,0,0,0,0,0,0,0,0,0,0,
"(org.eclipse.collections.impl.jmh.set.sorted.SortedSetIterationTest.parallel_mutable_ec,cbb680f9336a381f2daa9f800d6d70f77493ba7f)",0,0,0,0,0,0,0,0,0,0,0,0,0,0,0,0,0,0,0,0,0,0,0,0,0,0,0,
"(org.eclipse.collections.impl.jmh.MaxByDoubleTest.maxByMarketValue_serial_lazy_collect_lambda_jdk,cbb680f9336a381f2daa9f800d6d70f77493ba7f)",0,0,0,0,0,0,0,0,0,0,0,0,0,0,0,0,0,0,0,0,0,0,0,0,0,0,0,
"(org.eclipse.collections.impl.jmh.NoneSatisfyTest.process_none_serial_lazy_jdk,cbb680f9336a381f2daa9f800d6d70f77493ba7f)",0,0,0,0,0,0,0,0,0,0,0,0,0,0,0,0,0,0,0,0,0,0,0,0,0,0,0,
"(org.eclipse.collections.impl.jmh.GroupByListTest.groupBy_100_keys_serial_lazy_scala,cbb680f9336a381f2daa9f800d6d70f77493ba7f)",0,0,0,0,0,0,0,0,0,0,0,0,0,0,0,0,0,0,0,0,0,0,0,0,0,0,0,
"(org.eclipse.collections.impl.jmh.LongLongMapSmallStressTest.ecRemove,cbb680f9336a381f2daa9f800d6d70f77493ba7f)",0,0,0,0,0,0,0,0,0,0,0,0,0,0,0,0,0,0,0,0,0,0,0,0,0,0,0,
"(org.eclipse.collections.impl.jmh.map.MapGrowthTest.mutableEcPut,cbb680f9336a381f2daa9f800d6d70f77493ba7f)",0,0,0,0,0,0,0,0,0,0,0,0,0,0,0,0,0,0,0,0,0,0,0,0,0,0,0,
"(org.eclipse.collections.impl.jmh.FunctionalInterfaceSetTest.serial_eager_ec,cbb680f9336a381f2daa9f800d6d70f77493ba7f)",0,0,0,0,0,0,0,0,0,0,0,0,0,0,0,0,0,0,0,0,0,0,0,0,0,0,0,
"(org.eclipse.collections.impl.jmh.MaxByDoubleTest.maxByMarketValue_serial_eager_ec,cbb680f9336a381f2daa9f800d6d70f77493ba7f)",0,0,0,0,0,0,0,0,0,0,0,0,0,0,0,0,0,0,0,0,0,0,0,0,0,0,0,
"(org.eclipse.collections.impl.jmh.MaxByIntTest.maxByQuantity_parallel_lazy_collect_methodref_jdk,cbb680f9336a381f2daa9f800d6d70f77493ba7f)",0,0,0,0,0,0,0,0,0,0,0,0,0,0,0,0,0,0,0,0,0,0,0,0,0,0,0,
"(org.eclipse.collections.impl.jmh.CollectorJoiningTest.serial_eager_collectToStringJoining_ec,cbb680f9336a381f2daa9f800d6d70f77493ba7f)",0,0,0,0,0,0,0,0,0,0,0,0,0,0,0,0,0,0,0,0,0,0,0,0,0,0,0,
"(org.eclipse.collections.impl.jmh.GroupByListTest.groupBy_100_keys_serial_eager_scala,cbb680f9336a381f2daa9f800d6d70f77493ba7f)",0,0,0,0,0,0,0,0,0,0,0,0,0,0,0,0,0,0,0,0,0,0,0,0,0,0,0,
"(org.eclipse.collections.impl.jmh.SummarizeIntTest.serial_lazy_summarizeInt_ec,cbb680f9336a381f2daa9f800d6d70f77493ba7f)",0,0,0,0,0,0,0,0,0,0,0,0,0,0,0,0,0,0,0,0,0,0,0,0,0,0,0,
"(org.eclipse.collections.impl.jmh.map.MapGrowthTest.immutableScalaPut,cbb680f9336a381f2daa9f800d6d70f77493ba7f)",0,0,0,0,0,0,0,0,0,0,0,0,0,0,0,0,0,0,0,0,0,0,0,0,0,0,0,
"(org.eclipse.collections.impl.jmh.GroupByListTest.groupBy_2_keys_serial_lazy_jdk,cbb680f9336a381f2daa9f800d6d70f77493ba7f)",0,0,0,0,0,0,0,0,0,0,0,0,0,0,0,0,0,0,0,0,0,0,0,0,0,0,0,
"(org.eclipse.collections.impl.jmh.MaxByDoubleTest.maxByMarketValue_serial_lazy_collect_methodref_jdk,cbb680f9336a381f2daa9f800d6d70f77493ba7f)",0,0,0,0,0,0,0,0,0,0,0,0,0,0,0,0,0,0,0,0,0,0,0,0,0,0,0,
"(org.eclipse.collections.impl.jmh.SumByDoubleTest.sumByProduct_serial_lazy_jdk,cbb680f9336a381f2daa9f800d6d70f77493ba7f)",0,0,0,0,0,0,0,0,0,0,0,0,0,0,0,0,0,0,0,0,0,0,0,0,0,0,0,
"(org.eclipse.collections.impl.jmh.IntListJMHTest.filterJDKIntStreamParallel,cbb680f9336a381f2daa9f800d6d70f77493ba7f)",0,0,0,0,0,0,0,0,0,0,0,0,0,0,0,0,0,0,0,0,0,0,0,0,0,0,0,
"(org.eclipse.collections.impl.jmh.AggregateByTest.aggregateByProduct_parallel_eager_ec,cbb680f9336a381f2daa9f800d6d70f77493ba7f)",0,0,0,0,0,0,0,0,0,0,0,0,0,0,0,0,0,0,0,0,0,0,0,0,0,0,0,
"(org.eclipse.collections.impl.jmh.AnagramSetTest.serial_lazy_streams_ec,cbb680f9336a381f2daa9f800d6d70f77493ba7f)",0,0,0,0,0,0,0,0,0,0,0,0,0,0,0,0,0,0,0,0,0,0,0,0,0,0,0,
"(org.eclipse.collections.impl.jmh.MaxTest.serial_lazy_jdk,cbb680f9336a381f2daa9f800d6d70f77493ba7f)",0,0,0,0,0,0,0,0,0,0,0,0,0,0,0,0,0,0,0,0,0,0,0,0,0,0,0,
"(org.eclipse.collections.impl.jmh.AnagramBagTest.parallel_lazy_ec,cbb680f9336a381f2daa9f800d6d70f77493ba7f)",0,0,0,0,0,0,0,0,0,0,0,0,0,0,0,0,0,0,0,0,0,0,0,0,0,0,0,
"(org.eclipse.collections.impl.jmh.GroupByListTest.groupBy_2_keys_serial_lazy_ec,cbb680f9336a381f2daa9f800d6d70f77493ba7f)",0,0,0,0,0,0,0,0,0,0,0,0,0,0,0,0,0,0,0,0,0,0,0,0,0,0,0,
"(org.eclipse.collections.impl.jmh.CollectIfTest.serial_lazy_ec,cbb680f9336a381f2daa9f800d6d70f77493ba7f)",0,0,0,0,0,0,0,0,0,0,0,0,0,0,0,0,0,0,0,0,0,0,0,0,0,0,0,
"(org.eclipse.collections.impl.jmh.AggregateByTest.aggregateByProduct_parallel_lazy_ec,cbb680f9336a381f2daa9f800d6d70f77493ba7f)",0,0,0,0,0,0,0,0,0,0,0,0,0,0,0,0,0,0,0,0,0,0,0,0,0,0,0,
"(org.eclipse.collections.impl.jmh.SumByDoubleTest.sumByAccount_serial_lazy_jdk,cbb680f9336a381f2daa9f800d6d70f77493ba7f)",0,0,0,0,0,0,0,0,0,0,0,0,0,0,0,0,0,0,0,0,0,0,0,0,0,0,0,
"(org.eclipse.collections.impl.jmh.AnySatisfyTest.process_all_serial_lazy_streams_ec,cbb680f9336a381f2daa9f800d6d70f77493ba7f)",0,0,0,0,0,0,0,0,0,0,0,0,0,0,0,0,0,0,0,0,0,0,0,0,0,0,0,
"(org.eclipse.collections.impl.jmh.GroupBySetTest.groupBy_unordered_lists_10000_keys_serial_eager_guava,cbb680f9336a381f2daa9f800d6d70f77493ba7f)",0,0,0,0,0,0,0,0,0,0,0,0,0,0,0,0,0,0,0,0,0,0,0,0,0,0,0,
"(org.eclipse.collections.impl.jmh.MaxByIntTest.maxByQuantity_serial_lazy_collect_lambda_jdk,cbb680f9336a381f2daa9f800d6d70f77493ba7f)",0,0,0,0,0,0,0,0,0,0,0,0,0,0,0,0,0,0,0,0,0,0,0,0,0,0,0,
"(org.eclipse.collections.impl.jmh.FunctionalInterfaceTest.serial_eager_scala,cbb680f9336a381f2daa9f800d6d70f77493ba7f)",0,0,0,0,0,0,0,0,0,0,0,0,0,0,0,0,0,0,0,0,0,0,0,0,0,0,0,
"(org.eclipse.collections.impl.jmh.MinTest.serial_lazy_jdk,cbb680f9336a381f2daa9f800d6d70f77493ba7f)",0,0,0,0,0,0,0,0,0,0,0,0,0,0,0,0,0,0,0,0,0,0,0,0,0,0,0,
"(org.eclipse.collections.impl.jmh.IntIntMapLargeStressTest.kolobokeRemove,cbb680f9336a381f2daa9f800d6d70f77493ba7f)",0,0,0,0,0,0,0,0,0,0,0,0,0,0,0,0,0,0,0,0,0,0,0,0,0,0,0,
"(org.eclipse.collections.impl.jmh.SelectTest.parallel_lazy_jdk,cbb680f9336a381f2daa9f800d6d70f77493ba7f)",0,0,0,0,0,0,0,0,0,0,0,0,0,0,0,0,0,0,0,0,0,0,0,0,0,0,0,
"(org.eclipse.collections.impl.jmh.IntListJMHTest.sumECBoxedEager,cbb680f9336a381f2daa9f800d6d70f77493ba7f)",0,0,0,0,0,0,0,0,0,0,0,0,0,0,0,0,0,0,0,0,0,0,0,0,0,0,0,
"(org.eclipse.collections.impl.jmh.IntIntMapSmallStressTest.kolobokeRemove,cbb680f9336a381f2daa9f800d6d70f77493ba7f)",0,0,0,0,0,0,0,0,0,0,0,0,0,0,0,0,0,0,0,0,0,0,0,0,0,0,0,
"(org.eclipse.collections.impl.jmh.GroupBySetTest.groupBy_unordered_lists_10000_keys_serial_lazy_ec,cbb680f9336a381f2daa9f800d6d70f77493ba7f)",0,0,0,0,0,0,0,0,0,0,0,0,0,0,0,0,0,0,0,0,0,0,0,0,0,0,0,
"(org.eclipse.collections.impl.jmh.SumOfIntTest.parallel_lazy_mapToIntSum_jdk,cbb680f9336a381f2daa9f800d6d70f77493ba7f)",0,0,0,0,0,0,0,0,0,0,0,0,0,0,0,0,0,0,0,0,0,0,0,0,0,0,0,
"(org.eclipse.collections.impl.jmh.GroupBySetTest.groupBy_100_keys_parallel_lazy_scala,cbb680f9336a381f2daa9f800d6d70f77493ba7f)",0,0,0,0,0,0,0,0,0,0,0,0,0,0,0,0,0,0,0,0,0,0,0,0,0,0,0,
"(org.eclipse.collections.impl.jmh.AggregateByTest.aggregateInPlaceByCategory_parallel_eager_ec,cbb680f9336a381f2daa9f800d6d70f77493ba7f)",0,0,0,0,0,0,0,0,0,0,0,0,0,0,0,0,0,0,0,0,0,0,0,0,0,0,0,
"(org.eclipse.collections.impl.jmh.AggregateByTest.aggregateByAccount_serial_lazy_ec,cbb680f9336a381f2daa9f800d6d70f77493ba7f)",0,0,0,0,1,1,0,0,2,0,0,0,0,0,0,0,0,0,0,0,0,0,0,0,0,0,4,
"(org.eclipse.collections.impl.jmh.CollectIfTest.parallel_lazy_streams_ec,cbb680f9336a381f2daa9f800d6d70f77493ba7f)",0,0,0,0,0,0,0,0,0,0,0,0,0,0,0,0,0,0,0,0,0,0,0,0,0,0,0,
"(org.eclipse.collections.impl.jmh.GroupBySetTest.groupBy_10000_keys_parallel_lazy_ec,cbb680f9336a381f2daa9f800d6d70f77493ba7f)",0,0,0,0,0,0,0,0,0,0,0,0,0,0,0,0,0,0,0,0,0,0,0,0,0,0,0,
"(org.eclipse.collections.impl.jmh.set.sorted.SortedSetIterationTest.parallel_immutable_ec,cbb680f9336a381f2daa9f800d6d70f77493ba7f)",0,0,0,0,0,0,0,0,0,0,0,0,0,0,0,0,0,0,0,0,0,0,0,0,0,0,0,
"(org.eclipse.collections.impl.jmh.ListAddAllTest.jdk,cbb680f9336a381f2daa9f800d6d70f77493ba7f)",0,0,0,0,0,0,0,0,0,0,0,0,0,0,0,0,0,0,0,0,0,0,0,0,0,0,0,
"(org.eclipse.collections.impl.jmh.SumOfDoubleTest.serial_eager_directSumOfDouble_ec,cbb680f9336a381f2daa9f800d6d70f77493ba7f)",0,0,0,0,0,0,0,0,0,0,0,0,0,0,0,0,0,0,0,0,0,0,0,0,0,0,0,
"(org.eclipse.collections.impl.jmh.AnagramBagTest.parallel_eager_forkjoin_ec,cbb680f9336a381f2daa9f800d6d70f77493ba7f)",0,0,0,0,0,0,0,0,0,0,0,0,0,0,0,0,0,0,0,0,0,0,0,0,0,0,0,
"(org.eclipse.collections.impl.jmh.CountSetTest.serial_lazy_scala,cbb680f9336a381f2daa9f800d6d70f77493ba7f)",0,0,0,0,0,0,0,0,0,0,0,0,0,0,0,0,0,0,0,0,0,0,0,0,0,0,0,
"(org.eclipse.collections.impl.jmh.GroupByListTest.groupBy_10000_keys_serial_eager_ec,cbb680f9336a381f2daa9f800d6d70f77493ba7f)",0,0,0,0,0,0,0,0,0,0,0,0,0,0,0,0,0,0,0,0,0,0,0,0,0,0,0,
"(org.eclipse.collections.impl.jmh.CollectTest.serial_lazy_jdk,cbb680f9336a381f2daa9f800d6d70f77493ba7f)",0,0,0,0,0,0,0,0,0,0,0,0,0,0,0,0,0,0,0,0,0,0,0,0,0,0,0,
"(org.eclipse.collections.impl.jmh.AnySatisfyTest.short_circuit_middle_parallel_lazy_scala,cbb680f9336a381f2daa9f800d6d70f77493ba7f)",0,0,0,0,0,0,0,0,0,0,0,0,0,0,0,0,0,0,0,0,0,0,0,0,0,0,0,
"(org.eclipse.collections.impl.jmh.MinByIntTest.minByQuantity_serial_lazy_ec,cbb680f9336a381f2daa9f800d6d70f77493ba7f)",0,0,0,0,0,0,0,0,0,0,0,0,0,0,0,0,0,0,0,0,0,0,0,0,0,0,0,
"(org.eclipse.collections.impl.jmh.IntIntMapSmallStressTest.ecPut,cbb680f9336a381f2daa9f800d6d70f77493ba7f)",0,0,0,0,0,0,0,0,0,0,0,0,0,0,0,0,0,0,0,0,0,0,0,0,0,0,0,
"(org.eclipse.collections.impl.jmh.IntListJMHTest.filterMapSumECBoxedEager,cbb680f9336a381f2daa9f800d6d70f77493ba7f)",0,0,0,0,0,0,0,0,0,0,0,0,0,0,0,0,0,0,0,0,0,0,0,0,0,0,0,
"(org.eclipse.collections.impl.jmh.SumByDoubleTest.sumByCategory_parallel_lazy_jdk,cbb680f9336a381f2daa9f800d6d70f77493ba7f)",0,0,0,0,0,0,0,0,0,0,0,0,0,0,0,0,0,0,0,0,0,0,0,0,0,0,0,
"(org.eclipse.collections.impl.jmh.SelectTest.parallel_eager_ec,cbb680f9336a381f2daa9f800d6d70f77493ba7f)",0,0,0,0,0,0,0,0,0,0,0,0,0,0,0,0,0,0,0,0,0,0,0,0,0,0,0,
"(org.eclipse.collections.impl.jmh.set.sorted.SortedSetIterationTest.serial_mutable_ec,cbb680f9336a381f2daa9f800d6d70f77493ba7f)",0,0,0,0,0,0,0,0,0,0,0,0,0,0,0,0,0,0,0,0,0,0,0,0,0,0,0,
"(org.eclipse.collections.impl.jmh.CountSetTest.parallel_lazy_streams_ec,cbb680f9336a381f2daa9f800d6d70f77493ba7f)",0,0,0,0,0,0,0,0,0,0,0,0,0,0,0,0,0,0,0,0,0,0,0,0,0,0,0,
"(org.eclipse.collections.impl.jmh.set.sorted.SortedSetIterationTest.serial_immutable_ec,cbb680f9336a381f2daa9f800d6d70f77493ba7f)",0,0,0,0,0,0,0,0,0,0,0,0,0,0,0,0,0,0,0,0,0,0,0,0,0,0,0,
"(org.eclipse.collections.impl.jmh.CollectorJoiningTest.parallel_lazy_makeString_ec,cbb680f9336a381f2daa9f800d6d70f77493ba7f)",0,0,0,0,0,0,0,0,0,0,0,0,0,0,0,0,0,0,0,0,0,0,0,0,0,0,0,
"(org.eclipse.collections.impl.jmh.AggregateByTest.aggregateInPlaceByAccount_parallel_lazy_ec,cbb680f9336a381f2daa9f800d6d70f77493ba7f)",0,0,0,0,0,0,0,0,0,0,0,0,0,0,0,0,0,0,0,0,0,0,0,0,0,0,0,
"(org.eclipse.collections.impl.jmh.MinByIntTest.minByQuantity_serial_lazy_direct_lambda_jdk,cbb680f9336a381f2daa9f800d6d70f77493ba7f)",0,0,0,0,0,0,0,0,0,0,0,0,0,0,0,0,0,0,0,0,0,0,0,0,0,0,0,
"(org.eclipse.collections.impl.jmh.CollectorJoiningTest.serial_lazy_mapToStringJoining_jdk,cbb680f9336a381f2daa9f800d6d70f77493ba7f)",0,0,0,0,0,0,0,0,0,0,0,0,0,0,0,0,0,0,0,0,0,0,0,0,0,0,0,
"(org.eclipse.collections.impl.jmh.GroupByListTest.groupBy_100_keys_serial_lazy_jdk,cbb680f9336a381f2daa9f800d6d70f77493ba7f)",0,0,0,0,0,0,0,0,0,0,0,0,0,0,0,0,0,0,0,0,0,0,0,0,0,0,0,
"(org.eclipse.collections.impl.jmh.SumByDoubleTest.sumByAccount_parallel_eager_ec,cbb680f9336a381f2daa9f800d6d70f77493ba7f)",0,0,0,0,0,0,0,0,0,0,0,0,0,0,0,0,0,0,0,0,0,0,0,0,0,0,0,
"(org.eclipse.collections.impl.jmh.FunctionalInterfaceTest.serial_lazy_ec,cbb680f9336a381f2daa9f800d6d70f77493ba7f)",0,0,0,0,0,0,0,0,0,0,0,0,0,0,0,0,0,0,0,0,0,0,0,0,0,0,0,
"(org.eclipse.collections.impl.jmh.SumByBigDecimalTest.sumByBigDecimalCategory_serial_eager_ec,cbb680f9336a381f2daa9f800d6d70f77493ba7f)",0,0,0,0,0,0,0,0,0,0,0,0,0,0,0,0,0,0,0,0,0,0,0,0,0,0,0,
"(org.eclipse.collections.impl.jmh.CollectTest.parallel_lazy_scala,cbb680f9336a381f2daa9f800d6d70f77493ba7f)",0,0,0,0,0,0,0,0,0,0,0,0,0,0,0,0,0,0,0,0,0,0,0,0,0,0,0,
"(org.eclipse.collections.impl.jmh.NoneSatisfyTest.short_circuit_middle_serial_lazy_ec,cbb680f9336a381f2daa9f800d6d70f77493ba7f)",0,0,0,0,0,0,0,0,0,0,0,0,0,0,0,0,0,0,0,0,0,0,0,0,0,0,0,
"(org.eclipse.collections.impl.jmh.IntIntMapSmallStressTest.kolobokeGet,cbb680f9336a381f2daa9f800d6d70f77493ba7f)",0,0,0,0,0,0,0,0,0,0,0,0,0,0,0,0,0,0,0,0,0,0,0,0,0,0,0,
"(org.eclipse.collections.impl.jmh.IntListJMHTest.filterECParallelEager,cbb680f9336a381f2daa9f800d6d70f77493ba7f)",0,0,0,0,0,0,0,0,0,0,0,0,0,0,0,0,0,0,0,0,0,0,0,0,0,0,0,
"(org.eclipse.collections.impl.jmh.CollectTest.serial_lazy_ec,cbb680f9336a381f2daa9f800d6d70f77493ba7f)",0,0,0,0,0,0,0,0,0,0,0,0,0,0,0,0,0,0,0,0,0,0,0,0,0,0,0,
"(org.eclipse.collections.impl.jmh.LongIntMapTest.remove,cbb680f9336a381f2daa9f800d6d70f77493ba7f)",0,0,0,0,0,0,0,0,0,0,0,0,0,0,0,0,0,0,0,0,0,0,0,0,0,0,0,
"(org.eclipse.collections.impl.jmh.AnagramBagTest.serial_lazy_streams_ec,cbb680f9336a381f2daa9f800d6d70f77493ba7f)",0,0,0,0,0,0,0,0,0,0,0,0,0,0,0,0,0,0,0,0,0,0,0,0,0,0,0,
"(org.eclipse.collections.impl.jmh.CountSetTest.serial_lazy_ec,cbb680f9336a381f2daa9f800d6d70f77493ba7f)",0,0,0,0,0,0,0,0,0,0,0,0,0,0,0,0,0,0,0,0,0,0,0,0,0,0,0,
"(org.eclipse.collections.impl.jmh.CollectIfTest.serial_lazy_streams_ec,cbb680f9336a381f2daa9f800d6d70f77493ba7f)",0,0,0,0,0,0,0,0,0,0,0,0,0,0,0,0,0,0,0,0,0,0,0,0,0,0,0,
"(org.eclipse.collections.impl.jmh.CountSetTest.parallel_lazy_ec,cbb680f9336a381f2daa9f800d6d70f77493ba7f)",0,0,0,0,0,0,0,0,0,0,0,0,0,0,0,0,0,0,0,0,0,0,0,0,0,0,0,
"(org.eclipse.collections.impl.jmh.map.ScalaImmutableMapGetTest.get,cbb680f9336a381f2daa9f800d6d70f77493ba7f)",0,0,0,0,0,0,0,0,0,0,0,0,0,0,0,0,0,0,0,0,0,0,0,0,0,0,0,
"(org.eclipse.collections.impl.jmh.AnySatisfyTest.short_circuit_middle_serial_eager_scala,cbb680f9336a381f2daa9f800d6d70f77493ba7f)",0,0,0,0,0,0,0,0,0,0,0,0,0,0,0,0,0,0,0,0,0,0,0,0,0,0,0,
"(org.eclipse.collections.impl.jmh.map.ChainMapPutTest.ec,cbb680f9336a381f2daa9f800d6d70f77493ba7f)",0,0,0,0,0,0,0,0,0,0,0,0,0,0,0,0,0,0,0,0,0,0,0,0,0,0,0,
"(org.eclipse.collections.impl.jmh.AggregateByTest.aggregateByAccount_parallel_eager_ec,cbb680f9336a381f2daa9f800d6d70f77493ba7f)",0,0,0,0,0,0,0,0,0,0,0,0,0,0,0,0,0,0,0,0,0,0,0,0,0,0,0,
"(org.eclipse.collections.impl.jmh.FunctionalInterfaceTest.parallel_lazy_ec_hand_coded,cbb680f9336a381f2daa9f800d6d70f77493ba7f)",0,0,0,0,0,0,0,0,0,0,0,0,0,0,0,0,0,0,0,0,0,0,0,0,0,0,0,
"(org.eclipse.collections.impl.jmh.SumByDoubleTest.sumByProduct_parallel_lazy_streams_ec,cbb680f9336a381f2daa9f800d6d70f77493ba7f)",0,0,0,0,0,0,0,0,0,0,0,0,0,0,0,0,0,0,0,0,0,0,0,0,0,0,0,
"(org.eclipse.collections.impl.jmh.AnagramListTest.parallel_lazy_streams_ec,cbb680f9336a381f2daa9f800d6d70f77493ba7f)",0,0,0,0,0,0,0,0,0,0,0,0,0,0,0,0,0,0,0,0,0,0,0,0,0,0,0,
"(org.eclipse.collections.impl.jmh.CountSetTest.serial_eager_scala,cbb680f9336a381f2daa9f800d6d70f77493ba7f)",0,0,0,0,0,0,0,0,0,0,0,0,0,0,0,0,0,0,0,0,0,0,0,0,0,0,0,
"(org.eclipse.collections.impl.jmh.LongLongMapLargeStressTest.ecPut,cbb680f9336a381f2daa9f800d6d70f77493ba7f)",0,0,0,0,0,0,0,0,0,0,0,0,0,0,0,0,0,0,0,0,0,0,0,0,0,0,0,
"(org.eclipse.collections.impl.jmh.GroupBySetTest.groupBy_10000_keys_serial_lazy_jdk,cbb680f9336a381f2daa9f800d6d70f77493ba7f)",0,0,0,0,0,0,0,0,0,0,0,0,0,0,0,0,0,0,0,0,0,0,0,0,0,0,0,
"(org.eclipse.collections.impl.jmh.GroupBySetTest.groupBy_100_keys_serial_lazy_jdk,cbb680f9336a381f2daa9f800d6d70f77493ba7f)",0,0,0,0,0,0,0,0,0,0,0,0,0,0,0,0,0,0,0,0,0,0,0,0,0,0,0,
"(org.eclipse.collections.impl.jmh.MaxTest.parallel_lazy_ec,cbb680f9336a381f2daa9f800d6d70f77493ba7f)",0,0,0,0,0,0,0,0,0,0,0,0,0,0,0,0,0,0,0,0,0,0,0,0,0,0,0,
"(org.eclipse.collections.impl.jmh.AggregateByTest.aggregateByAccount_parallel_lazy_streams_ec,cbb680f9336a381f2daa9f800d6d70f77493ba7f)",0,0,0,0,0,0,0,0,0,0,0,0,0,0,0,0,0,0,0,0,0,0,0,0,0,0,0,
"(org.eclipse.collections.impl.jmh.GroupBySetTest.groupBy_100_keys_parallel_lazy_jdk,cbb680f9336a381f2daa9f800d6d70f77493ba7f)",0,0,0,0,0,0,0,0,0,0,0,0,0,0,0,0,0,0,0,0,0,0,0,0,0,0,0,
"(org.eclipse.collections.impl.jmh.AnySatisfyTest.short_circuit_middle_serial_eager_ec,cbb680f9336a381f2daa9f800d6d70f77493ba7f)",0,0,0,0,0,0,0,0,0,0,0,0,0,0,0,0,0,0,0,0,0,0,0,0,0,0,0,
"(org.eclipse.collections.impl.jmh.AllSatisfyTest.short_circuit_middle_serial_lazy_streams_ec,cbb680f9336a381f2daa9f800d6d70f77493ba7f)",0,0,0,0,0,0,0,0,0,0,0,0,0,0,0,0,0,0,0,0,0,0,0,0,0,0,0,
"(org.eclipse.collections.impl.jmh.GroupByListTest.groupBy_10000_keys_serial_lazy_scala,cbb680f9336a381f2daa9f800d6d70f77493ba7f)",0,0,0,0,0,0,0,0,0,0,0,0,0,0,0,0,0,0,0,0,0,0,0,0,0,0,0,
"(org.eclipse.collections.impl.jmh.GroupByListTest.groupBy_100_keys_serial_lazy_ec,cbb680f9336a381f2daa9f800d6d70f77493ba7f)",0,0,0,0,0,0,0,0,0,0,0,0,0,0,0,0,0,0,0,0,0,0,0,0,0,0,0,
"(org.eclipse.collections.impl.jmh.GroupBySetTest.groupBy_unordered_lists_100_keys_serial_lazy_ec,cbb680f9336a381f2daa9f800d6d70f77493ba7f)",0,0,0,0,0,0,0,0,0,0,0,0,0,0,0,0,0,0,0,0,0,0,0,0,0,0,0,
"(org.eclipse.collections.impl.jmh.MinByIntTest.minByQuantity_parallel_lazy_collect_lambda_jdk,cbb680f9336a381f2daa9f800d6d70f77493ba7f)",0,0,0,0,0,0,0,0,0,0,0,0,0,0,0,0,0,0,0,0,0,0,0,0,0,0,0,
"(org.eclipse.collections.impl.jmh.NoneSatisfyTest.process_none_serial_eager_ec,cbb680f9336a381f2daa9f800d6d70f77493ba7f)",0,0,0,0,0,0,0,0,0,0,0,0,0,0,0,0,0,0,0,0,0,0,0,0,0,0,0,
"(org.eclipse.collections.impl.jmh.CountTest.parallel_lazy_jdk,cbb680f9336a381f2daa9f800d6d70f77493ba7f)",0,0,0,0,0,0,0,0,0,0,0,0,0,0,0,0,0,0,0,0,0,0,0,0,0,0,0,
"(org.eclipse.collections.impl.jmh.PartitionTest.serial_lazy_streams_ec,cbb680f9336a381f2daa9f800d6d70f77493ba7f)",0,0,0,0,0,0,0,0,0,0,0,0,0,0,0,0,0,0,0,0,0,0,0,0,0,0,0,
"(org.eclipse.collections.impl.jmh.SumByBigDecimalTest.sumByBigDecimalCategory_parallel_eager_ec,cbb680f9336a381f2daa9f800d6d70f77493ba7f)",0,0,0,0,0,0,0,0,0,0,0,0,0,0,0,0,0,0,0,0,0,0,0,0,0,0,0,
"(org.eclipse.collections.impl.jmh.IntIntMapLargeStressTest.kolobokePut,cbb680f9336a381f2daa9f800d6d70f77493ba7f)",0,0,0,0,0,0,0,0,0,0,0,0,0,0,0,0,0,0,0,0,0,0,0,0,0,0,0,
"(org.eclipse.collections.impl.jmh.MaxByDoubleTest.maxByMarketValue_serial_lazy_ec,cbb680f9336a381f2daa9f800d6d70f77493ba7f)",0,0,0,0,0,0,0,0,0,0,0,0,0,0,0,0,0,0,0,0,0,0,0,0,0,0,0,
"(org.eclipse.collections.impl.jmh.MinTest.parallel_lazy_streams_ec,cbb680f9336a381f2daa9f800d6d70f77493ba7f)",0,0,0,0,0,0,0,0,0,0,0,0,0,0,0,0,0,0,0,0,0,0,0,0,0,0,0,
"(org.eclipse.collections.impl.jmh.CollectTest.parallel_lazy_streams_ec,cbb680f9336a381f2daa9f800d6d70f77493ba7f)",0,0,0,0,0,0,0,0,0,0,0,0,0,0,0,0,0,0,0,0,0,0,0,0,0,0,0,
"(org.eclipse.collections.impl.jmh.CountTest.serial_lazy_scala,cbb680f9336a381f2daa9f800d6d70f77493ba7f)",0,0,0,0,0,0,0,0,0,0,0,0,0,0,0,0,0,0,0,0,0,0,0,0,0,0,0,
"(org.eclipse.collections.impl.jmh.MaxTest.parallel_lazy_reverse_ec,cbb680f9336a381f2daa9f800d6d70f77493ba7f)",0,0,0,0,0,0,0,0,0,0,0,0,0,0,0,0,0,0,0,0,0,0,0,0,0,0,0,
"(org.eclipse.collections.impl.jmh.MinByDoubleTest.minByMarketValue_parallel_lazy_collect_methodref_jdk,cbb680f9336a381f2daa9f800d6d70f77493ba7f)",0,0,0,0,0,0,0,0,0,0,0,0,0,0,0,0,0,0,0,0,0,0,0,0,0,0,0,
"(org.eclipse.collections.impl.jmh.MinTest.serial_lazy_intstream_jdk,cbb680f9336a381f2daa9f800d6d70f77493ba7f)",0,0,0,0,0,0,0,0,0,0,0,0,0,0,0,0,0,0,0,0,0,0,0,0,0,0,0,
"(org.eclipse.collections.impl.jmh.PartitionTest.serial_lazy_ec,cbb680f9336a381f2daa9f800d6d70f77493ba7f)",0,0,0,0,0,0,0,0,0,0,0,0,0,0,0,0,0,0,0,0,0,0,0,0,0,0,0,
"(org.eclipse.collections.impl.jmh.SelectTest.serial_lazy_ec,cbb680f9336a381f2daa9f800d6d70f77493ba7f)",0,0,0,0,0,0,0,0,0,0,0,0,0,0,0,0,0,0,0,0,0,0,0,0,0,0,0,
"(org.eclipse.collections.impl.jmh.SumOfIntTest.serial_lazy_collectIntSum_ec,cbb680f9336a381f2daa9f800d6d70f77493ba7f)",0,0,0,0,0,0,0,0,0,0,0,0,0,0,0,0,0,0,0,0,0,0,0,0,0,0,0,
"(org.eclipse.collections.impl.jmh.AnySatisfyTest.short_circuit_middle_parallel_lazy_jdk,cbb680f9336a381f2daa9f800d6d70f77493ba7f)",0,0,0,0,0,0,0,0,0,0,0,0,0,0,0,0,0,0,0,0,0,0,0,0,0,0,0,
"(org.eclipse.collections.impl.jmh.MaxByDoubleTest.maxByMarketValue_serial_lazy_direct_lambda_jdk,cbb680f9336a381f2daa9f800d6d70f77493ba7f)",0,0,0,0,0,0,0,0,0,0,0,0,0,0,0,0,0,0,0,0,0,0,0,0,0,0,0,
"(org.eclipse.collections.impl.jmh.CountTest.serial_lazy_ec,cbb680f9336a381f2daa9f800d6d70f77493ba7f)",0,0,0,0,0,0,0,0,0,0,0,0,0,0,0,0,0,0,0,0,0,0,0,0,0,0,0,
"(org.eclipse.collections.impl.jmh.GroupBySetTest.groupBy_100_keys_serial_lazy_streams_ec,cbb680f9336a381f2daa9f800d6d70f77493ba7f)",0,0,0,0,0,0,0,0,0,0,0,0,0,0,0,0,0,0,0,0,0,0,0,0,0,0,0,
"(org.eclipse.collections.impl.jmh.SumByDoubleTest.sumByCategory_serial_lazy_streams_ec,cbb680f9336a381f2daa9f800d6d70f77493ba7f)",0,0,0,0,0,0,0,0,0,0,0,0,0,0,0,0,0,0,0,0,0,0,0,0,0,0,0,
"(org.eclipse.collections.impl.jmh.ListEqualTest.ec,cbb680f9336a381f2daa9f800d6d70f77493ba7f)",0,0,0,0,0,0,0,0,0,0,0,0,0,0,0,0,0,0,0,0,0,0,0,0,0,0,0,
"(org.eclipse.collections.impl.jmh.AnagramSetTest.parallel_lazy_jdk,cbb680f9336a381f2daa9f800d6d70f77493ba7f)",0,0,0,0,0,0,0,0,0,0,0,0,0,0,0,0,0,0,0,0,0,0,0,0,0,0,0,
"(org.eclipse.collections.impl.jmh.SumByBigDecimalTest.sumByBigDecimalAccount_serial_eager_ec,cbb680f9336a381f2daa9f800d6d70f77493ba7f)",0,0,0,0,0,0,0,0,0,0,0,0,0,0,0,0,0,0,0,0,0,0,0,0,0,0,0,
"(org.eclipse.collections.impl.jmh.CountSetTest.parallel_eager_ec,cbb680f9336a381f2daa9f800d6d70f77493ba7f)",0,0,0,0,0,0,0,0,0,0,0,0,0,0,0,0,0,0,0,0,0,0,0,0,0,0,0,
"(org.eclipse.collections.impl.jmh.MaxByIntTest.maxByQuantity_serial_eager_ec,cbb680f9336a381f2daa9f800d6d70f77493ba7f)",0,0,0,0,0,0,0,0,0,0,0,0,0,0,0,0,0,0,0,0,0,0,0,0,0,0,0,
"(org.eclipse.collections.impl.jmh.SumByDoubleTest.sumByAccount_parallel_lazy_streams_ec,cbb680f9336a381f2daa9f800d6d70f77493ba7f)",0,0,0,0,0,0,0,0,0,0,0,0,0,0,0,0,0,0,0,0,0,0,0,0,0,0,0,
"(org.eclipse.collections.impl.jmh.set.sorted.SortedSetContainsTest.contains_mutable_scala,cbb680f9336a381f2daa9f800d6d70f77493ba7f)",0,0,0,0,0,0,0,0,0,0,0,0,0,0,0,0,0,0,0,0,0,0,0,0,0,0,0,
"(org.eclipse.collections.impl.jmh.map.KolobokeMapPutTest.koloboke,cbb680f9336a381f2daa9f800d6d70f77493ba7f)",0,0,0,0,0,0,0,0,0,0,0,0,0,0,0,0,0,0,0,0,0,0,0,0,0,0,0,
"(org.eclipse.collections.impl.jmh.SumOfDoubleTest.serial_lazy_directSumOfDouble_ec,4326a12534ac0418531e858dcd0cce992e730639)",0,0,0,0,0,0,0,0,0,0,0,0,0,0,0,0,0,0,0,0,0,0,0,0,0,0,0,
"(org.eclipse.collections.impl.jmh.IntIntMapSmallStressTest.ecGet,4326a12534ac0418531e858dcd0cce992e730639)",0,0,0,0,0,0,0,0,0,0,0,0,0,0,0,0,0,0,0,0,0,0,0,0,0,0,0,
"(org.eclipse.collections.impl.jmh.IntListJMHTest.filterMapSumJDKBoxedParallelStream,4326a12534ac0418531e858dcd0cce992e730639)",0,0,0,0,0,0,0,0,0,0,0,0,0,0,0,0,0,0,0,0,0,0,0,0,0,0,0,
"(org.eclipse.collections.impl.jmh.FunctionalInterfaceTest.parallel_lazy_ec,4326a12534ac0418531e858dcd0cce992e730639)",0,0,0,0,0,0,0,0,0,0,0,0,0,0,0,0,0,0,0,0,0,0,0,0,0,0,0,
"(org.eclipse.collections.impl.jmh.SummarizeIntTest.serial_lazy_mapToIntSum_jdk,4326a12534ac0418531e858dcd0cce992e730639)",0,0,0,0,0,0,0,0,0,0,0,0,0,0,0,0,0,0,0,0,0,0,0,0,0,0,0,
"(org.eclipse.collections.impl.jmh.LongLongMapSmallStressTest.kolobokeGet,4326a12534ac0418531e858dcd0cce992e730639)",0,0,0,0,0,0,0,0,0,0,0,0,0,0,0,0,0,0,0,0,0,0,0,0,0,0,0,
"(org.eclipse.collections.impl.jmh.IntListJMHTest.mapJDKIntStreamParallel,4326a12534ac0418531e858dcd0cce992e730639)",0,0,0,0,0,0,0,0,0,0,0,0,0,0,0,0,0,0,0,0,0,0,0,0,0,0,0,
"(org.eclipse.collections.impl.jmh.SumOfDoubleTest.serial_lazy_collectDoubleSum_jdk,4326a12534ac0418531e858dcd0cce992e730639)",0,0,0,0,0,0,0,0,0,0,0,0,0,0,0,0,0,0,0,0,0,0,0,0,0,0,0,
"(org.eclipse.collections.impl.jmh.set.sorted.SortedSetContainsTest.contains_mutable_ec,4326a12534ac0418531e858dcd0cce992e730639)",0,0,0,0,0,0,0,0,0,0,0,0,0,0,0,0,0,0,0,0,0,0,0,0,0,0,0,
"(org.eclipse.collections.impl.jmh.MinByDoubleTest.minByMarketValue_serial_lazy_collect_lambda_jdk,4326a12534ac0418531e858dcd0cce992e730639)",0,0,0,0,0,0,0,0,0,0,0,0,0,0,0,0,0,0,0,0,0,0,0,0,0,0,0,
"(org.eclipse.collections.impl.jmh.GroupByListTest.groupBy_100_keys_serial_eager_guava,4326a12534ac0418531e858dcd0cce992e730639)",0,0,0,0,0,0,0,0,0,0,0,0,0,0,0,0,0,0,0,0,0,0,0,0,0,0,0,
"(org.eclipse.collections.impl.jmh.AnagramSetTest.parallel_lazy_ec,4326a12534ac0418531e858dcd0cce992e730639)",0,0,0,0,0,0,0,0,0,0,0,0,0,0,0,0,0,0,0,0,0,0,0,0,0,0,0,
"(org.eclipse.collections.impl.jmh.MaxByIntTest.maxByQuantity_parallel_lazy_direct_lambda_jdk,4326a12534ac0418531e858dcd0cce992e730639)",0,0,0,0,0,0,0,0,0,0,0,0,0,0,0,0,0,0,0,0,0,0,0,0,0,0,0,
"(org.eclipse.collections.impl.jmh.MinTest.serial_eager_ec,4326a12534ac0418531e858dcd0cce992e730639)",0,0,0,0,0,0,0,0,0,0,0,0,0,0,0,0,0,0,0,0,0,0,0,0,0,0,0,
"(org.eclipse.collections.impl.jmh.GroupBySetTest.groupBy_2_keys_parallel_lazy_ec,4326a12534ac0418531e858dcd0cce992e730639)",0,0,0,0,0,0,0,0,0,0,0,0,0,0,0,0,0,0,0,0,0,0,0,0,0,0,0,
"(org.eclipse.collections.impl.jmh.AggregateByTest.aggregateByAccount_parallel_lazy_ec,4326a12534ac0418531e858dcd0cce992e730639)",0,0,0,0,0,0,0,0,0,0,0,0,0,0,0,0,0,0,0,0,0,0,0,0,0,0,0,
"(org.eclipse.collections.impl.jmh.IntListJMHTest.filterJDKBoxedParallelStream,4326a12534ac0418531e858dcd0cce992e730639)",0,0,0,0,0,0,0,0,0,0,0,0,0,0,0,0,0,0,0,0,0,0,0,0,0,0,0,
"(org.eclipse.collections.impl.jmh.CollectTest.parallel_lazy_jdk,4326a12534ac0418531e858dcd0cce992e730639)",0,0,0,0,0,0,0,0,0,0,0,0,0,0,0,0,0,0,0,0,0,0,0,0,0,0,0,
"(org.eclipse.collections.impl.jmh.IntIntMapTest.put,4326a12534ac0418531e858dcd0cce992e730639)",0,0,0,0,0,0,0,0,0,0,0,0,0,0,0,0,0,0,0,0,0,0,0,0,0,0,0,
"(org.eclipse.collections.impl.jmh.RejectTest.serial_lazy_streams_ec_lambda_negate,4326a12534ac0418531e858dcd0cce992e730639)",0,0,0,0,0,0,0,0,0,0,0,0,0,0,0,0,0,0,0,0,0,0,0,0,0,0,0,
"(org.eclipse.collections.impl.jmh.AggregateByTest.aggregateByProduct_serial_lazy_ec,4326a12534ac0418531e858dcd0cce992e730639)",0,0,0,0,0,0,0,0,0,0,0,0,0,0,0,0,0,0,0,0,0,0,0,0,0,0,0,
"(org.eclipse.collections.impl.jmh.IntListJMHTest.sumJDKBoxedStream,4326a12534ac0418531e858dcd0cce992e730639)",0,0,0,0,0,0,0,0,0,0,0,0,0,0,0,0,0,0,0,0,0,0,0,0,0,0,0,
"(org.eclipse.collections.impl.jmh.IntIntMapLargeStressTest.jdkGet,4326a12534ac0418531e858dcd0cce992e730639)",0,0,0,0,0,0,0,0,0,0,0,0,0,0,0,0,0,0,0,0,0,0,0,0,0,0,0,
"(org.eclipse.collections.impl.jmh.GroupByListTest.groupBy_100_keys_serial_eager_ec,4326a12534ac0418531e858dcd0cce992e730639)",0,0,0,0,0,0,0,0,0,0,0,0,0,0,0,0,0,0,0,0,0,0,0,0,0,0,0,
"(org.eclipse.collections.impl.jmh.AggregateByTest.aggregateByProduct_serial_eager_ec,4326a12534ac0418531e858dcd0cce992e730639)",0,0,0,0,0,0,0,0,0,0,0,0,0,0,0,0,0,0,0,0,0,0,0,0,0,0,0,
"(org.eclipse.collections.impl.jmh.MaxTest.serial_lazy_intstream_jdk,4326a12534ac0418531e858dcd0cce992e730639)",0,0,0,0,0,0,0,0,0,0,0,0,0,0,0,0,0,0,0,0,0,0,0,0,0,0,0,
"(org.eclipse.collections.impl.jmh.FlatCollectTest.serial_lazy_jdk,4326a12534ac0418531e858dcd0cce992e730639)",0,0,0,0,0,0,0,0,0,0,0,0,0,0,0,0,0,0,0,0,0,0,0,0,0,0,0,
"(org.eclipse.collections.impl.jmh.CollectorJoiningTest.serial_lazy_mapToStringJoining_ec,4326a12534ac0418531e858dcd0cce992e730639)",0,0,0,0,0,0,0,0,0,0,0,0,0,0,0,0,0,0,0,0,0,0,0,0,0,0,0,
"(org.eclipse.collections.impl.jmh.GroupBySetTest.groupBy_unordered_lists_2_keys_serial_eager_guava,4326a12534ac0418531e858dcd0cce992e730639)",0,0,0,0,0,0,0,0,0,0,0,0,0,0,0,0,0,0,0,0,0,0,0,0,0,0,0,
"(org.eclipse.collections.impl.jmh.AnagramListTest.parallel_eager_forkjoin_ec,4326a12534ac0418531e858dcd0cce992e730639)",0,0,0,0,0,0,0,0,0,0,0,0,0,0,0,0,0,0,0,0,0,0,0,0,0,0,0,
"(org.eclipse.collections.impl.jmh.AnySatisfyTest.process_all_serial_lazy_ec,4326a12534ac0418531e858dcd0cce992e730639)",0,0,0,0,0,0,0,0,0,0,0,0,0,0,0,0,0,0,0,0,0,0,0,0,0,0,0,
"(org.eclipse.collections.impl.jmh.FunctionalInterfaceSetTest.serial_lazy_jdk,4326a12534ac0418531e858dcd0cce992e730639)",0,0,0,0,0,0,0,0,0,0,0,0,0,0,0,0,0,0,0,0,0,0,0,0,0,0,0,
"(org.eclipse.collections.impl.jmh.MaxByIntTest.maxByQuantity_serial_lazy_direct_lambda_jdk,4326a12534ac0418531e858dcd0cce992e730639)",0,0,0,0,0,0,0,0,0,0,0,0,0,0,0,0,0,0,0,0,0,0,0,0,0,0,0,
"(org.eclipse.collections.impl.jmh.MaxTest.parallel_lazy_intstream_jdk,4326a12534ac0418531e858dcd0cce992e730639)",0,0,0,0,0,0,0,0,0,0,0,0,0,0,0,0,0,0,0,0,0,0,0,0,0,0,0,
"(org.eclipse.collections.impl.jmh.SumOfDoubleTest.serial_lazy_collectDoubleSum_ec,4326a12534ac0418531e858dcd0cce992e730639)",0,0,0,0,0,0,0,0,0,0,0,0,0,0,0,0,0,0,0,0,0,0,0,0,0,0,0,
"(org.eclipse.collections.impl.jmh.AggregateByTest.aggregateByCategory_serial_eager_ec,4326a12534ac0418531e858dcd0cce992e730639)",0,0,0,0,0,0,0,0,0,0,0,0,0,0,0,0,0,0,0,0,0,0,0,0,0,0,0,
"(org.eclipse.collections.impl.jmh.CollectorJoiningTest.parallel_lazy_mapToStringJoining_jdk,4326a12534ac0418531e858dcd0cce992e730639)",0,0,0,0,0,0,0,0,0,0,0,0,0,0,0,0,0,0,0,0,0,0,0,0,0,0,0,
"(org.eclipse.collections.impl.jmh.IntIntMapTest.get,4326a12534ac0418531e858dcd0cce992e730639)",0,0,0,0,0,0,0,0,0,0,0,0,0,0,0,0,0,0,0,0,0,0,0,0,0,0,0,
"(org.eclipse.collections.impl.jmh.AggregateByTest.aggregateInPlaceByProduct_serial_eager_ec,4326a12534ac0418531e858dcd0cce992e730639)",0,0,0,0,0,0,0,0,0,0,0,0,0,0,0,0,0,0,0,0,0,0,0,0,0,0,0,
"(org.eclipse.collections.impl.jmh.LongLongMapLargeStressTest.kolobokePut,4326a12534ac0418531e858dcd0cce992e730639)",0,0,0,0,0,0,0,0,0,0,0,0,0,0,0,0,0,0,0,0,0,0,0,0,0,0,0,
"(org.eclipse.collections.impl.jmh.MaxTest.serial_lazy_reverse_ec,4326a12534ac0418531e858dcd0cce992e730639)",0,0,0,0,0,0,0,0,0,0,0,0,0,0,0,0,0,0,0,0,0,0,0,0,0,0,0,
"(org.eclipse.collections.impl.jmh.GroupBySetTest.groupBy_2_keys_serial_lazy_scala,4326a12534ac0418531e858dcd0cce992e730639)",0,0,0,0,0,0,0,0,0,0,0,0,0,0,0,0,0,0,0,0,0,0,0,0,0,0,0,
"(org.eclipse.collections.impl.jmh.GroupByListTest.groupBy_2_keys_serial_eager_guava,4326a12534ac0418531e858dcd0cce992e730639)",0,0,0,0,0,0,0,0,0,0,0,0,0,0,0,0,0,0,0,0,0,0,0,0,0,0,0,
"(org.eclipse.collections.impl.jmh.AnySatisfyTest.short_circuit_middle_serial_lazy_scala,4326a12534ac0418531e858dcd0cce992e730639)",0,0,0,0,0,0,0,0,0,0,0,0,0,0,0,0,0,0,0,0,0,0,0,0,0,0,0,
"(org.eclipse.collections.impl.jmh.GroupBySetTest.groupBy_2_keys_parallel_lazy_scala,4326a12534ac0418531e858dcd0cce992e730639)",0,0,0,0,0,0,0,0,0,0,0,0,0,0,0,0,0,0,0,0,0,0,0,0,0,0,0,
"(org.eclipse.collections.impl.jmh.FunctionalInterfaceTest.parallel_eager_ec,4326a12534ac0418531e858dcd0cce992e730639)",0,0,0,0,0,0,0,0,0,0,0,0,0,0,0,0,0,0,0,0,0,0,0,0,0,0,0,
"(org.eclipse.collections.impl.jmh.AggregateByTest.aggregateByProduct_serial_lazy_streams_ec,4326a12534ac0418531e858dcd0cce992e730639)",0,0,0,0,0,0,0,0,0,0,0,0,0,0,0,0,0,0,0,0,0,0,0,0,0,0,0,
"(org.eclipse.collections.impl.jmh.FunctionalInterfaceTest.serial_eager_ec_hand_coded,4326a12534ac0418531e858dcd0cce992e730639)",0,0,0,0,0,0,0,0,0,0,0,0,0,0,0,0,0,0,0,0,0,0,0,0,0,0,0,
"(org.eclipse.collections.impl.jmh.IntListJMHTest.mapJDKIntStreamToEC,4326a12534ac0418531e858dcd0cce992e730639)",0,0,0,0,0,0,0,0,0,0,0,0,0,0,0,0,0,0,0,0,0,0,0,0,0,0,0,
"(org.eclipse.collections.impl.jmh.SumByDoubleTest.sumByAccount_serial_lazy_streams_ec,4326a12534ac0418531e858dcd0cce992e730639)",0,0,0,0,0,0,0,0,0,0,0,0,0,0,0,0,0,0,0,0,0,0,0,0,0,0,0,
"(org.eclipse.collections.impl.jmh.AllSatisfyTest.short_circuit_middle_parallel_lazy_jdk,4326a12534ac0418531e858dcd0cce992e730639)",0,0,0,0,0,0,0,0,0,0,0,0,0,0,0,0,0,0,0,0,0,0,0,0,0,0,0,
"(org.eclipse.collections.impl.jmh.map.JdkMutableMapGetTest.get,4326a12534ac0418531e858dcd0cce992e730639)",0,0,0,0,0,0,0,0,0,0,0,0,0,0,0,0,0,0,0,0,0,0,0,0,0,0,0,
"(org.eclipse.collections.impl.jmh.GroupBySetTest.groupBy_unordered_lists_100_keys_serial_eager_guava,4326a12534ac0418531e858dcd0cce992e730639)",0,0,0,0,0,0,0,0,0,0,0,0,0,0,0,0,0,0,0,0,0,0,0,0,0,0,0,
"(org.eclipse.collections.impl.jmh.IntListJMHTest.mapJDKIntStreamParallelToEC,4326a12534ac0418531e858dcd0cce992e730639)",0,0,0,0,0,0,0,0,0,0,0,0,0,0,0,0,0,0,0,0,0,0,0,0,0,0,0,
"(org.eclipse.collections.impl.jmh.AggregateByTest.aggregateInPlaceByCategory_serial_eager_ec,4326a12534ac0418531e858dcd0cce992e730639)",0,0,0,0,0,0,0,0,0,0,0,0,0,0,0,0,0,0,0,0,0,0,0,0,0,0,0,
"(org.eclipse.collections.impl.jmh.MaxTest.parallel_lazy_streams_ec,4326a12534ac0418531e858dcd0cce992e730639)",0,0,0,0,0,0,0,0,0,0,0,0,0,0,0,0,0,0,0,0,0,0,0,0,0,0,0,
"(org.eclipse.collections.impl.jmh.SumOfDoubleTest.parallel_lazy_directSumOfDouble_ec,4326a12534ac0418531e858dcd0cce992e730639)",0,0,0,0,0,0,0,0,0,0,0,0,0,0,0,0,0,0,0,0,0,0,0,0,0,0,0,
"(org.eclipse.collections.impl.jmh.GroupBySetTest.groupBy_10000_keys_serial_lazy_scala,4326a12534ac0418531e858dcd0cce992e730639)",0,0,0,0,0,0,0,0,0,0,0,0,0,0,0,0,0,0,0,0,0,0,0,0,0,0,0,
"(org.eclipse.collections.impl.jmh.GroupBySetTest.groupBy_100_keys_serial_eager_ec,4326a12534ac0418531e858dcd0cce992e730639)",0,0,0,0,0,0,0,0,0,0,0,0,0,0,0,0,0,0,0,0,0,0,0,0,0,0,0,
"(org.eclipse.collections.impl.jmh.SumOfIntTest.serial_lazy_sumOfInt_ec,4326a12534ac0418531e858dcd0cce992e730639)",0,0,0,0,0,0,0,0,0,0,0,0,0,0,0,0,0,0,0,0,0,0,0,0,0,0,0,
"(org.eclipse.collections.impl.jmh.MinTest.serial_eager_reverse_ec,4326a12534ac0418531e858dcd0cce992e730639)",0,0,0,0,0,0,0,0,0,0,0,0,0,0,0,0,0,0,0,0,0,0,0,0,0,0,0,
"(org.eclipse.collections.impl.jmh.AggregateByTest.aggregateByProduct_parallel_lazy_jdk,4326a12534ac0418531e858dcd0cce992e730639)",0,0,0,0,0,0,0,0,0,0,0,0,0,0,0,0,0,0,0,0,0,0,0,0,0,0,0,
"(org.eclipse.collections.impl.jmh.AggregateByTest.aggregateByAccount_serial_eager_ec,4326a12534ac0418531e858dcd0cce992e730639)",0,0,0,0,0,0,0,0,0,0,0,0,0,0,0,0,0,0,0,0,0,0,0,0,0,0,0,
"(org.eclipse.collections.impl.jmh.AggregateByTest.aggregateInPlaceByAccount_serial_eager_ec,4326a12534ac0418531e858dcd0cce992e730639)",0,0,0,0,0,0,0,0,0,0,0,0,0,0,0,0,0,0,0,0,0,0,0,0,0,0,0,
"(org.eclipse.collections.impl.jmh.GroupBySetTest.groupBy_100_keys_serial_lazy_scala,4326a12534ac0418531e858dcd0cce992e730639)",0,0,0,0,0,0,0,0,0,0,0,0,0,0,0,0,0,0,0,0,0,0,0,0,0,0,0,
"(org.eclipse.collections.impl.jmh.map.ChainMapPutTest.hppc,4326a12534ac0418531e858dcd0cce992e730639)",0,0,0,0,0,0,0,0,0,0,0,0,0,0,0,0,0,0,0,0,0,0,0,0,0,0,0,
"(org.eclipse.collections.impl.jmh.SelectTest.serial_lazy_jdk,4326a12534ac0418531e858dcd0cce992e730639)",0,0,0,0,0,0,0,0,0,0,0,0,0,0,0,0,0,0,0,0,0,0,0,0,0,0,0,
"(org.eclipse.collections.impl.jmh.MaxTest.parallel_lazy_jdk,4326a12534ac0418531e858dcd0cce992e730639)",0,0,0,0,0,0,0,0,0,0,0,0,0,0,0,0,0,0,0,0,0,0,0,0,0,0,0,
"(org.eclipse.collections.impl.jmh.AnySatisfyTest.process_all_serial_eager_scala,4326a12534ac0418531e858dcd0cce992e730639)",0,0,0,0,0,0,0,0,0,0,0,0,0,0,0,0,0,0,0,0,0,0,0,0,0,0,0,
"(org.eclipse.collections.impl.jmh.SumByBigDecimalTest.sumByBigDecimalProduct_parallel_eager_ec,4326a12534ac0418531e858dcd0cce992e730639)",0,0,0,0,0,0,0,0,0,0,0,0,0,0,0,0,0,0,0,0,0,0,0,0,0,0,0,
"(org.eclipse.collections.impl.jmh.CollectTest.parallel_eager_ec,4326a12534ac0418531e858dcd0cce992e730639)",0,0,0,0,0,0,0,0,0,0,0,0,0,0,0,0,0,0,0,0,0,0,0,0,0,0,0,
"(org.eclipse.collections.impl.jmh.FunctionalInterfaceSetTest.parallel_lazy_jdk,4326a12534ac0418531e858dcd0cce992e730639)",0,0,0,0,0,0,0,0,0,0,0,0,0,0,0,0,0,0,0,0,0,0,0,0,0,0,0,
"(org.eclipse.collections.impl.jmh.GroupByListTest.groupBy_2_keys_serial_lazy_scala,4326a12534ac0418531e858dcd0cce992e730639)",0,0,0,0,0,0,0,0,0,0,0,0,0,0,0,0,0,0,0,0,0,0,0,0,0,0,0,
"(org.eclipse.collections.impl.jmh.GroupBySetTest.groupBy_10000_keys_serial_eager_ec,4326a12534ac0418531e858dcd0cce992e730639)",0,0,0,0,0,0,0,0,0,0,0,0,0,0,0,0,0,0,0,0,0,0,0,0,0,0,0,
"(org.eclipse.collections.impl.jmh.MinTest.parallel_lazy_reverse_jdk,4326a12534ac0418531e858dcd0cce992e730639)",0,0,0,0,0,0,0,0,0,0,0,0,0,0,0,0,0,0,0,0,0,0,0,0,0,0,0,
"(org.eclipse.collections.impl.jmh.MinTest.serial_lazy_reverse_streams_ec,4326a12534ac0418531e858dcd0cce992e730639)",0,0,0,0,0,0,0,0,0,0,0,0,0,0,0,0,0,0,0,0,0,0,0,0,0,0,0,
"(org.eclipse.collections.impl.jmh.IntListJMHTest.filterJDKBoxedStream,4326a12534ac0418531e858dcd0cce992e730639)",0,0,0,0,0,0,0,0,0,0,0,0,0,0,0,0,0,0,0,0,0,0,0,0,0,0,0,
"(org.eclipse.collections.impl.jmh.FunctionalInterfaceTest.parallel_lazy_scala_hand_coded,4326a12534ac0418531e858dcd0cce992e730639)",0,0,0,0,0,0,0,0,0,0,0,0,0,0,0,0,0,0,0,0,0,0,0,0,0,0,0,
"(org.eclipse.collections.impl.jmh.IntListJMHTest.filterJDKIntStreamToEC,4326a12534ac0418531e858dcd0cce992e730639)",0,0,0,0,0,0,0,0,0,0,0,0,0,0,0,0,0,0,0,0,0,0,0,0,0,0,0,
"(org.eclipse.collections.impl.jmh.SumByDoubleTest.sumByProduct_parallel_eager_ec,4326a12534ac0418531e858dcd0cce992e730639)",0,0,0,0,0,0,0,0,0,0,0,0,0,0,0,0,0,0,0,0,0,0,0,0,0,0,0,
"(org.eclipse.collections.impl.jmh.MaxByDoubleTest.maxByMarketValue_parallel_lazy_collect_lambda_jdk,4326a12534ac0418531e858dcd0cce992e730639)",0,0,0,0,0,0,0,0,0,0,0,0,0,0,0,0,0,0,0,0,0,0,0,0,0,0,0,
"(org.eclipse.collections.impl.jmh.LongLongMapSmallStressTest.kolobokePut,4326a12534ac0418531e858dcd0cce992e730639)",0,0,0,0,0,0,0,0,0,0,0,0,0,0,0,0,0,0,0,0,0,0,0,0,0,0,0,
"(org.eclipse.collections.impl.jmh.GroupBySetTest.groupBy_2_keys_parallel_lazy_streams_ec,4326a12534ac0418531e858dcd0cce992e730639)",0,0,0,0,0,0,0,0,0,0,0,0,0,0,0,0,0,0,0,0,0,0,0,0,0,0,0,
"(org.eclipse.collections.impl.jmh.NoneSatisfyTest.short_circuit_middle_serial_lazy_jdk,4326a12534ac0418531e858dcd0cce992e730639)",0,0,0,0,0,0,0,0,0,0,0,0,0,0,0,0,0,0,0,0,0,0,0,0,0,0,0,
"(org.eclipse.collections.impl.jmh.IntListJMHTest.filterECPrimitiveEager,4326a12534ac0418531e858dcd0cce992e730639)",0,0,0,0,0,0,0,0,0,0,0,0,0,0,0,0,0,0,0,0,0,0,0,0,0,0,0,
"(org.eclipse.collections.impl.jmh.NoneSatisfyTest.short_circuit_middle_parallel_lazy_jdk,4326a12534ac0418531e858dcd0cce992e730639)",0,0,0,0,0,0,0,0,0,0,0,0,0,0,0,0,0,0,0,0,0,0,0,0,0,0,0,
"(org.eclipse.collections.impl.jmh.IntIntMapTest.presizedPut,4326a12534ac0418531e858dcd0cce992e730639)",0,0,0,0,0,0,0,0,0,0,0,0,0,0,0,0,0,0,0,0,0,0,0,0,0,0,0,
"(org.eclipse.collections.impl.jmh.AnagramListTest.parallel_lazy_jdk,4326a12534ac0418531e858dcd0cce992e730639)",0,0,0,0,0,0,0,0,0,0,0,0,0,0,0,0,0,0,0,0,0,0,0,0,0,0,0,
"(org.eclipse.collections.impl.jmh.CountTest.parallel_lazy_streams_ec,4326a12534ac0418531e858dcd0cce992e730639)",0,0,0,0,0,0,0,0,0,0,0,0,0,0,0,0,0,0,0,0,0,0,0,0,0,0,0,
"(org.eclipse.collections.impl.jmh.IntListJMHTest.sumECPrimitiveEager,4326a12534ac0418531e858dcd0cce992e730639)",0,0,0,0,0,0,0,0,0,0,0,0,0,0,0,0,0,0,0,0,0,0,0,0,0,0,0,
"(org.eclipse.collections.impl.jmh.IntIntMapSmallStressTest.ecRemove,4326a12534ac0418531e858dcd0cce992e730639)",0,0,0,0,0,0,0,0,0,0,0,0,0,0,0,0,0,0,0,0,0,0,0,0,0,0,0,
"(org.eclipse.collections.impl.jmh.SumByDoubleTest.sumByCategory_serial_lazy_jdk,4326a12534ac0418531e858dcd0cce992e730639)",0,0,0,0,0,0,0,0,0,0,0,0,0,0,0,0,0,0,0,0,0,0,0,0,0,0,0,
"(org.eclipse.collections.impl.jmh.list.ListIterationTest.parallel_mutable_scala,4326a12534ac0418531e858dcd0cce992e730639)",0,0,0,0,0,0,0,0,0,0,0,0,0,0,0,0,0,0,0,0,0,0,0,0,0,0,0,
"(org.eclipse.collections.impl.jmh.SumByDoubleTest.sumByCategory_parallel_lazy_streams_ec,4326a12534ac0418531e858dcd0cce992e730639)",0,0,0,0,0,0,0,0,0,0,0,0,0,0,0,0,0,0,0,0,0,0,0,0,0,0,0,
"(org.eclipse.collections.impl.jmh.MinByIntTest.minByQuantity_parallel_lazy_direct_lambda_jdk,4326a12534ac0418531e858dcd0cce992e730639)",0,0,0,0,0,0,0,0,0,0,0,0,0,0,0,0,0,0,0,0,0,0,0,0,0,0,0,
"(org.eclipse.collections.impl.jmh.set.sorted.SortedSetContainsTest.contains_immutable_scala,4326a12534ac0418531e858dcd0cce992e730639)",0,0,0,0,0,0,0,0,0,0,0,0,0,0,0,0,0,0,0,0,0,0,0,0,0,0,0,
"(org.eclipse.collections.impl.jmh.IntListJMHTest.sumECPrimitiveLazy,4326a12534ac0418531e858dcd0cce992e730639)",0,0,0,0,0,0,0,0,0,0,0,0,0,0,0,0,0,0,0,0,0,0,0,0,0,0,0,
"(org.eclipse.collections.impl.jmh.MinTest.serial_lazy_reverse_jdk,4326a12534ac0418531e858dcd0cce992e730639)",0,0,0,0,0,0,0,0,0,0,0,0,0,0,0,0,0,0,0,0,0,0,0,0,0,0,0,
"(org.eclipse.collections.impl.jmh.MinTest.parallel_lazy_intstream_streams_ec,4326a12534ac0418531e858dcd0cce992e730639)",0,0,0,0,0,0,0,0,0,0,0,0,0,0,0,0,0,0,0,0,0,0,0,0,0,0,0,
"(org.eclipse.collections.impl.jmh.AggregateByTest.aggregateByCategory_parallel_lazy_ec,4326a12534ac0418531e858dcd0cce992e730639)",0,0,0,0,0,0,0,0,0,0,0,0,0,0,0,0,0,0,0,0,0,0,0,0,0,0,0,
"(org.eclipse.collections.impl.jmh.CollectorJoiningTest.serial_lazy_collectToStringJoining_ec,4326a12534ac0418531e858dcd0cce992e730639)",0,0,0,0,0,0,0,0,0,0,0,0,0,0,0,0,0,0,0,0,0,0,0,0,0,0,0,
"(org.eclipse.collections.impl.jmh.MaxTest.parallel_lazy_intstream_streams_ec,4326a12534ac0418531e858dcd0cce992e730639)",0,0,0,0,0,0,0,0,0,0,0,0,0,0,0,0,0,0,0,0,0,0,0,0,0,0,0,
"(org.eclipse.collections.impl.jmh.AggregateByTest.aggregateByAccount_serial_lazy_jdk,4326a12534ac0418531e858dcd0cce992e730639)",0,0,0,0,0,0,0,0,0,0,0,0,0,0,0,0,0,0,0,0,0,0,0,0,0,0,0,
"(org.eclipse.collections.impl.jmh.FunctionalInterfaceSetTest.serial_lazy_ec,4326a12534ac0418531e858dcd0cce992e730639)",0,0,0,0,0,0,0,0,0,0,0,0,0,0,0,0,0,0,0,0,0,0,0,0,0,0,0,
"(org.eclipse.collections.impl.jmh.set.sorted.SortedSetIterationTest.serial_mutable_scala,4326a12534ac0418531e858dcd0cce992e730639)",0,0,0,0,0,0,0,0,0,0,0,0,0,0,0,0,0,0,0,0,0,0,0,0,0,0,0,
"(org.eclipse.collections.impl.jmh.GroupByListTest.groupBy_10000_keys_serial_lazy_ec,4326a12534ac0418531e858dcd0cce992e730639)",0,0,0,0,0,0,0,0,0,0,0,0,0,0,0,0,0,0,0,0,0,0,0,0,0,0,0,
"(org.eclipse.collections.impl.jmh.MaxTest.serial_lazy_reverse_streams_ec,4326a12534ac0418531e858dcd0cce992e730639)",0,0,0,0,0,0,0,0,0,0,0,0,0,0,0,0,0,0,0,0,0,0,0,0,0,0,0,
"(org.eclipse.collections.impl.jmh.IntListJMHTest.sumECParallelEager,4326a12534ac0418531e858dcd0cce992e730639)",0,0,0,0,0,0,0,0,0,0,0,0,0,0,0,0,0,0,0,0,0,0,0,0,0,0,0,
"(org.eclipse.collections.impl.jmh.AnagramSetTest.parallel_lazy_scala,4326a12534ac0418531e858dcd0cce992e730639)",0,0,0,0,0,0,0,0,0,0,0,0,0,0,0,0,0,0,0,0,0,0,0,0,0,0,0,
"(org.eclipse.collections.impl.jmh.MaxByDoubleTest.maxByMarketValue_parallel_lazy_direct_methodref_jdk,4326a12534ac0418531e858dcd0cce992e730639)",0,0,0,0,0,0,0,0,0,0,0,0,0,0,0,0,0,0,0,0,0,0,0,0,0,0,0,
"(org.eclipse.collections.impl.jmh.map.ScalaAnyRefMapGetTest.get,4326a12534ac0418531e858dcd0cce992e730639)",0,0,0,0,0,0,0,0,0,0,0,0,0,0,0,0,0,0,0,0,0,0,0,0,0,0,0,
"(org.eclipse.collections.impl.jmh.map.ScalaAnyRefMapPutTest.scalaAnyRef,4326a12534ac0418531e858dcd0cce992e730639)",0,0,0,0,0,0,0,0,0,0,0,0,0,0,0,0,0,0,0,0,0,0,0,0,0,0,0,
"(org.eclipse.collections.impl.jmh.CollectIfTest.serial_eager_ec,4326a12534ac0418531e858dcd0cce992e730639)",0,0,0,0,0,0,0,0,0,0,0,0,0,0,0,0,0,0,0,0,0,0,0,0,0,0,0,
"(org.eclipse.collections.impl.jmh.AllSatisfyTest.process_all_parallel_lazy_streams_ec,4326a12534ac0418531e858dcd0cce992e730639)",0,0,0,0,0,0,0,0,0,0,0,0,0,0,0,0,0,0,0,0,0,0,0,0,0,0,0,
"(org.eclipse.collections.impl.jmh.ListAddAllTest.ec,4326a12534ac0418531e858dcd0cce992e730639)",0,0,0,0,0,0,0,0,0,0,0,0,0,0,0,0,0,0,0,0,0,0,0,0,0,0,0,
"(org.eclipse.collections.impl.jmh.AggregateByTest.aggregateByCategory_parallel_lazy_streams_ec,4326a12534ac0418531e858dcd0cce992e730639)",0,0,0,0,0,0,0,0,0,0,0,0,0,0,0,0,0,0,0,0,0,0,0,0,0,0,0,
"(org.eclipse.collections.impl.jmh.CountTest.parallel_eager_ec,4326a12534ac0418531e858dcd0cce992e730639)",0,0,0,0,0,0,0,0,0,0,0,0,0,0,0,0,0,0,0,0,0,0,0,0,0,0,0,
"(org.eclipse.collections.impl.jmh.IntIntMapLargeStressTest.jdkRemove,4326a12534ac0418531e858dcd0cce992e730639)",0,0,0,0,0,0,0,0,0,0,0,0,0,0,0,0,0,0,0,0,0,0,0,0,0,0,0,
"(org.eclipse.collections.impl.jmh.AggregateByTest.aggregateByCategory_serial_lazy_streams_ec,4326a12534ac0418531e858dcd0cce992e730639)",0,0,0,0,0,0,0,0,0,0,0,0,0,0,0,0,0,0,0,0,0,0,0,0,0,0,0,
"(org.eclipse.collections.impl.jmh.AnagramSetTest.parallel_eager_forkjoin_ec,4326a12534ac0418531e858dcd0cce992e730639)",0,0,0,0,0,0,0,0,0,0,0,0,0,0,0,0,0,0,0,0,0,0,0,0,0,0,0,
"(org.eclipse.collections.impl.jmh.MinByIntTest.minByQuantity_parallel_lazy_collect_methodref_jdk,4326a12534ac0418531e858dcd0cce992e730639)",0,0,0,0,0,0,0,0,0,0,0,0,0,0,0,0,0,0,0,0,0,0,0,0,0,0,0,
"(org.eclipse.collections.impl.jmh.AggregateByTest.aggregateByAccount_serial_lazy_streams_ec,4326a12534ac0418531e858dcd0cce992e730639)",0,0,0,0,0,0,0,0,0,0,0,0,0,0,0,0,0,0,0,0,0,0,0,0,0,0,0,
"(org.eclipse.collections.impl.jmh.IntListJMHTest.mapJDKBoxedParallelStream,4326a12534ac0418531e858dcd0cce992e730639)",0,0,0,0,0,0,0,0,0,0,0,0,0,0,0,0,0,0,0,0,0,0,0,0,0,0,0,
"(org.eclipse.collections.impl.jmh.GroupBySetTest.groupBy_2_keys_serial_eager_ec,4326a12534ac0418531e858dcd0cce992e730639)",0,0,0,0,0,0,0,0,0,0,0,0,0,0,0,0,0,0,0,0,0,0,0,0,0,0,0,
"(org.eclipse.collections.impl.jmh.GroupByListTest.groupBy_10000_keys_serial_lazy_jdk,4326a12534ac0418531e858dcd0cce992e730639)",0,0,0,0,0,0,0,0,0,0,0,0,0,0,0,0,0,0,0,0,0,0,0,0,0,0,0,
"(org.eclipse.collections.impl.jmh.GroupByListTest.groupBy_2_keys_serial_eager_ec,4326a12534ac0418531e858dcd0cce992e730639)",0,0,0,0,0,0,0,0,0,0,0,0,0,0,0,0,0,0,0,0,0,0,0,0,0,0,0,
"(org.eclipse.collections.impl.jmh.GroupBySetTest.groupBy_unordered_lists_2_keys_serial_lazy_ec,4326a12534ac0418531e858dcd0cce992e730639)",0,0,0,0,0,0,0,0,0,0,0,0,0,0,0,0,0,0,0,0,0,0,0,0,0,0,0,
"(org.eclipse.collections.impl.jmh.MaxTest.serial_lazy_intstream_streams_ec,4326a12534ac0418531e858dcd0cce992e730639)",0,0,0,0,0,0,0,0,0,0,0,0,0,0,0,0,0,0,0,0,0,0,0,0,0,0,0,
"(org.eclipse.collections.impl.jmh.AllSatisfyTest.process_all_serial_lazy_ec,4326a12534ac0418531e858dcd0cce992e730639)",0,0,0,0,0,0,0,0,0,0,0,0,0,0,0,0,0,0,0,0,0,0,0,0,0,0,0,
"(org.eclipse.collections.impl.jmh.IntIntMapLargeStressTest.kolobokeGet,4326a12534ac0418531e858dcd0cce992e730639)",0,0,0,0,0,0,0,0,0,0,0,0,0,0,0,0,0,0,0,0,0,0,0,0,0,0,0,
"(org.eclipse.collections.impl.jmh.GroupByListTest.groupBy_10000_keys_serial_eager_guava,4326a12534ac0418531e858dcd0cce992e730639)",0,0,0,0,0,0,0,0,0,0,0,0,0,0,0,0,0,0,0,0,0,0,0,0,0,0,0,
"(org.eclipse.collections.impl.jmh.LongLongMapSmallStressTest.ecPut,4326a12534ac0418531e858dcd0cce992e730639)",0,0,0,0,0,0,0,0,0,0,0,0,0,0,0,0,0,0,0,0,0,0,0,0,0,0,0,
"(org.eclipse.collections.impl.jmh.GroupByListTest.groupBy_100_keys_serial_lazy_streams_ec,4326a12534ac0418531e858dcd0cce992e730639)",0,0,0,0,0,0,0,0,0,0,0,0,0,0,0,0,0,0,0,0,0,0,0,0,0,0,0,
"(org.eclipse.collections.impl.jmh.AllSatisfyTest.short_circuit_middle_serial_lazy_jdk,4326a12534ac0418531e858dcd0cce992e730639)",0,0,0,0,0,0,0,0,0,0,0,0,0,0,0,0,0,0,0,0,0,0,0,0,0,0,0,
"(org.eclipse.collections.impl.jmh.MaxByIntTest.maxByQuantity_serial_lazy_ec,4326a12534ac0418531e858dcd0cce992e730639)",0,0,0,0,0,0,0,0,0,0,0,0,0,0,0,0,0,0,0,0,0,0,0,0,0,0,0,
"(org.eclipse.collections.impl.jmh.IntListJMHTest.mapJDKIntStream,4326a12534ac0418531e858dcd0cce992e730639)",0,0,0,0,0,0,0,0,0,0,0,0,0,0,0,0,0,0,0,0,0,0,0,0,0,0,0,
"(org.eclipse.collections.impl.jmh.MinByIntTest.minByQuantity_parallel_lazy_direct_methodref_jdk,4326a12534ac0418531e858dcd0cce992e730639)",0,0,0,0,0,0,0,0,0,0,0,0,0,0,0,0,0,0,0,0,0,0,0,0,0,0,0,
"(org.eclipse.collections.impl.jmh.GroupByListTest.groupBy_2_keys_serial_lazy_streams_ec,4326a12534ac0418531e858dcd0cce992e730639)",0,0,0,0,0,0,0,0,0,0,0,0,0,0,0,0,0,0,0,0,0,0,0,0,0,0,0,
"(org.eclipse.collections.impl.jmh.AggregateByTest.aggregateInPlaceByProduct_parallel_lazy_ec,4326a12534ac0418531e858dcd0cce992e730639)",0,0,0,0,0,0,0,0,0,0,0,0,0,0,0,0,0,0,0,0,0,0,0,0,0,0,0,
"(org.eclipse.collections.impl.jmh.CollectIfTest.serial_lazy_jdk,4326a12534ac0418531e858dcd0cce992e730639)",0,0,0,0,0,0,0,0,0,0,0,0,0,0,0,0,0,0,0,0,0,0,0,0,0,0,0,
"(org.eclipse.collections.impl.jmh.AnagramListTest.serial_eager_ec,4326a12534ac0418531e858dcd0cce992e730639)",0,0,0,0,0,0,0,0,0,0,0,0,0,0,0,0,0,0,0,0,0,0,0,0,0,0,0,
"(org.eclipse.collections.impl.jmh.SumOfIntTest.parallel_lazy_mapToLongSum_streams_ec,4326a12534ac0418531e858dcd0cce992e730639)",0,0,0,0,0,0,0,0,0,0,0,0,0,0,0,0,0,0,0,0,0,0,0,0,0,0,0,
"(org.eclipse.collections.impl.jmh.CollectIfTest.parallel_eager_ec,4326a12534ac0418531e858dcd0cce992e730639)",0,0,0,0,0,0,0,0,0,0,0,0,0,0,0,0,0,0,0,0,0,0,0,0,0,0,0,
"(org.eclipse.collections.impl.jmh.IntIntMapSmallStressTest.jdkGet,4326a12534ac0418531e858dcd0cce992e730639)",0,0,0,0,0,0,0,0,0,0,0,0,0,0,0,0,0,0,0,0,0,0,0,0,0,0,0,
"(org.eclipse.collections.impl.jmh.IntListJMHTest.filterMapSumECOptimizedParallelLazy,4326a12534ac0418531e858dcd0cce992e730639)",0,0,0,0,0,0,0,0,0,0,0,0,0,0,0,0,0,0,0,0,0,0,0,0,0,0,0,
"(org.eclipse.collections.impl.jmh.IntListJMHTest.filterMapSumECOptimizedParallelEager,4326a12534ac0418531e858dcd0cce992e730639)",0,0,0,0,0,0,0,0,0,0,0,0,0,0,0,0,0,0,0,0,0,0,0,0,0,0,0,
"(org.eclipse.collections.impl.jmh.IntIntMapTest.remove,4326a12534ac0418531e858dcd0cce992e730639)",0,0,0,0,0,0,0,0,0,0,0,0,0,0,0,0,0,0,0,0,0,0,0,0,0,0,0,
"(org.eclipse.collections.impl.jmh.AnagramSetTest.serial_eager_scala,4326a12534ac0418531e858dcd0cce992e730639)",0,0,0,0,0,0,0,0,0,0,0,0,0,0,0,0,0,0,0,0,0,0,0,0,0,0,0,
"(org.eclipse.collections.impl.jmh.IntListJMHTest.sumECParallelLazy,4326a12534ac0418531e858dcd0cce992e730639)",0,0,0,0,0,0,0,0,0,0,0,0,0,0,0,0,0,0,0,0,0,0,0,0,0,0,0,
"(org.eclipse.collections.impl.jmh.CountTest.serial_eager_scala,4326a12534ac0418531e858dcd0cce992e730639)",0,0,0,0,0,0,0,0,0,0,0,0,0,0,0,0,0,0,0,0,0,0,0,0,0,0,0,
"(org.eclipse.collections.impl.jmh.AnagramListTest.parallel_eager_ec,4326a12534ac0418531e858dcd0cce992e730639)",0,0,0,0,0,0,0,0,0,0,0,0,0,0,0,0,0,0,0,0,0,0,0,0,0,0,0,
"(org.eclipse.collections.impl.jmh.LongLongMapLargeStressTest.kolobokeRemove,4326a12534ac0418531e858dcd0cce992e730639)",0,0,0,0,0,0,0,0,0,0,0,0,0,0,0,0,0,0,0,0,0,0,0,0,0,0,0,
"(org.eclipse.collections.impl.jmh.map.ScalaMutableMapGetTest.get,4326a12534ac0418531e858dcd0cce992e730639)",0,0,0,0,0,0,0,0,0,0,0,0,0,0,0,0,0,0,0,0,0,0,0,0,0,0,0,
"(org.eclipse.collections.impl.jmh.list.ListIterationTest.parallel_mutable_ec,4326a12534ac0418531e858dcd0cce992e730639)",0,0,0,0,0,0,0,0,0,0,0,0,0,0,0,0,0,0,0,0,0,0,0,0,0,0,0,
"(org.eclipse.collections.impl.jmh.SumOfIntTest.parallel_lazy_sumOfInt_ec,4326a12534ac0418531e858dcd0cce992e730639)",0,0,0,0,0,0,0,0,0,0,0,0,0,0,0,0,0,0,0,0,0,0,0,0,0,0,0,
"(org.eclipse.collections.impl.jmh.AggregateByTest.aggregateByCategory_parallel_eager_ec,4326a12534ac0418531e858dcd0cce992e730639)",0,0,0,0,0,0,0,0,0,0,0,0,0,0,0,0,0,0,0,0,0,0,0,0,0,0,0,
"(org.eclipse.collections.impl.jmh.AggregateByTest.aggregateInPlaceByCategory_parallel_lazy_ec,4326a12534ac0418531e858dcd0cce992e730639)",0,0,0,0,0,0,0,0,0,0,0,0,0,0,0,0,0,0,0,0,0,0,0,0,0,0,0,
"(org.eclipse.collections.impl.jmh.IntListJMHTest.mapECParallelLazy,4326a12534ac0418531e858dcd0cce992e730639)",0,0,0,0,0,0,0,0,0,0,0,0,0,0,0,0,0,0,0,0,0,0,0,0,0,0,0,
"(org.eclipse.collections.impl.jmh.AllSatisfyTest.process_all_parallel_lazy_jdk,4326a12534ac0418531e858dcd0cce992e730639)",0,0,0,0,0,0,0,0,0,0,0,0,0,0,0,0,0,0,0,0,0,0,0,0,0,0,0,
"(org.eclipse.collections.impl.jmh.LongLongMapSmallStressTest.ecGet,4326a12534ac0418531e858dcd0cce992e730639)",0,0,0,0,0,0,0,0,0,0,0,0,0,0,0,0,0,0,0,0,0,0,0,0,0,0,0,
"(org.eclipse.collections.impl.jmh.SumOfIntTest.serial_lazy_mapToIntSum_jdk,4326a12534ac0418531e858dcd0cce992e730639)",0,0,0,0,0,0,0,0,0,0,0,0,0,0,0,0,0,0,0,0,0,0,0,0,0,0,0,
"(org.eclipse.collections.impl.jmh.FlatCollectTest.serial_eager_ec,4326a12534ac0418531e858dcd0cce992e730639)",0,0,0,0,0,0,0,0,0,0,0,0,0,0,0,0,0,0,0,0,0,0,0,0,0,0,0,
"(org.eclipse.collections.impl.jmh.GroupBySetTest.groupBy_100_keys_parallel_lazy_streams_ec,4326a12534ac0418531e858dcd0cce992e730639)",0,0,0,0,0,0,0,0,0,0,0,0,0,0,0,0,0,0,0,0,0,0,0,0,0,0,0,
"(org.eclipse.collections.impl.jmh.CountSetTest.serial_eager_ec,4326a12534ac0418531e858dcd0cce992e730639)",0,0,0,0,0,0,0,0,0,0,0,0,0,0,0,0,0,0,0,0,0,0,0,0,0,0,0,
"(org.eclipse.collections.impl.jmh.CountSetTest.serial_lazy_streams_ec,4326a12534ac0418531e858dcd0cce992e730639)",0,0,0,0,0,0,0,0,0,0,0,0,0,0,0,0,0,0,0,0,0,0,0,0,0,0,0,
"(org.eclipse.collections.impl.jmh.MinByDoubleTest.minByMarketValue_parallel_lazy_ec,4326a12534ac0418531e858dcd0cce992e730639)",0,0,0,0,0,0,0,0,0,0,0,0,0,0,0,0,0,0,0,0,0,0,0,0,0,0,0,
"(org.eclipse.collections.impl.jmh.AnagramBagTest.parallel_lazy_streams_ec,4326a12534ac0418531e858dcd0cce992e730639)",0,0,0,0,0,0,0,0,0,0,0,0,0,0,0,0,0,0,0,0,0,0,0,0,0,0,0,
"(org.eclipse.collections.impl.jmh.MaxByIntTest.maxByQuantity_serial_lazy_direct_methodref_jdk,4326a12534ac0418531e858dcd0cce992e730639)",0,0,0,0,0,0,0,0,0,0,0,0,0,0,0,0,0,0,0,0,0,0,0,0,0,0,0,
"(org.eclipse.collections.impl.jmh.LongLongMapLargeStressTest.ecGet,4326a12534ac0418531e858dcd0cce992e730639)",0,0,0,0,0,0,0,0,0,0,0,0,0,0,0,0,0,0,0,0,0,0,0,0,0,0,0,
"(org.eclipse.collections.impl.jmh.MaxByIntTest.maxByQuantity_serial_lazy_collect_methodref_jdk,4326a12534ac0418531e858dcd0cce992e730639)",0,0,0,0,0,0,0,0,0,0,0,0,0,0,0,0,0,0,0,0,0,0,0,0,0,0,0,
"(org.eclipse.collections.impl.jmh.SetAddAllTest.ec,4326a12534ac0418531e858dcd0cce992e730639)",0,0,0,0,0,0,0,0,0,0,0,0,0,0,0,0,0,0,0,0,0,0,0,0,0,0,0,
"(org.eclipse.collections.impl.jmh.CollectTest.serial_lazy_streams_ec,4326a12534ac0418531e858dcd0cce992e730639)",0,0,0,0,0,0,0,0,0,0,0,0,0,0,0,0,0,0,0,0,0,0,0,0,0,0,0,
"(org.eclipse.collections.impl.jmh.IntListJMHTest.sumJDKBoxedParallelStream,4326a12534ac0418531e858dcd0cce992e730639)",0,0,0,0,0,0,0,0,0,0,0,0,0,0,0,0,0,0,0,0,0,0,0,0,0,0,0,
"(org.eclipse.collections.impl.jmh.LongLongMapLargeStressTest.kolobokeGet,4326a12534ac0418531e858dcd0cce992e730639)",0,0,0,0,0,0,0,0,0,0,0,0,0,0,0,0,0,0,0,0,0,0,0,0,0,0,0,
"(org.eclipse.collections.impl.jmh.SumByDoubleTest.sumByProduct_serial_lazy_streams_ec,4326a12534ac0418531e858dcd0cce992e730639)",0,0,0,0,0,0,0,0,0,0,0,0,0,0,0,0,0,0,0,0,0,0,0,0,0,0,0,
"(org.eclipse.collections.impl.jmh.MinTest.serial_lazy_ec,4326a12534ac0418531e858dcd0cce992e730639)",0,0,0,0,0,0,0,0,0,0,0,0,0,0,0,0,0,0,0,0,0,0,0,0,0,0,0,
"(org.eclipse.collections.impl.jmh.set.sorted.SortedSetIterationTest.parallel_mutable_scala,4326a12534ac0418531e858dcd0cce992e730639)",0,0,0,0,0,0,0,0,0,0,0,0,0,0,0,0,0,0,0,0,0,0,0,0,0,0,0,
"(org.eclipse.collections.impl.jmh.CountTest.serial_lazy_jdk,4326a12534ac0418531e858dcd0cce992e730639)",0,0,0,0,0,0,0,0,0,0,0,0,0,0,0,0,0,0,0,0,0,0,0,0,0,0,0,
"(org.eclipse.collections.impl.jmh.CountTest.serial_lazy_streams_ec,4326a12534ac0418531e858dcd0cce992e730639)",0,0,0,0,0,0,0,0,0,0,0,0,0,0,0,0,0,0,0,0,0,0,0,0,0,0,0,
"(org.eclipse.collections.impl.jmh.AggregateByTest.aggregateByProduct_serial_lazy_jdk,4326a12534ac0418531e858dcd0cce992e730639)",0,0,0,0,0,0,0,0,0,0,0,0,0,0,0,0,0,0,0,0,0,0,0,0,0,0,0,
"(org.eclipse.collections.impl.jmh.AnagramSetTest.parallel_lazy_streams_ec,4326a12534ac0418531e858dcd0cce992e730639)",0,0,0,0,0,0,0,0,0,0,0,0,0,0,0,0,0,0,0,0,0,0,0,0,0,0,0,
"(org.eclipse.collections.impl.jmh.RejectTest.serial_eager_ec,4326a12534ac0418531e858dcd0cce992e730639)",0,0,0,0,0,0,0,0,0,0,0,0,0,0,0,0,0,0,0,0,0,0,0,0,0,0,0,
"(org.eclipse.collections.impl.jmh.AnagramSetTest.serial_lazy_jdk,4326a12534ac0418531e858dcd0cce992e730639)",0,0,0,0,0,0,0,0,0,0,0,0,0,0,0,0,0,0,0,0,0,0,0,0,0,0,0,
"(org.eclipse.collections.impl.jmh.SumByDoubleTest.sumByProduct_serial_eager_ec,4326a12534ac0418531e858dcd0cce992e730639)",0,0,0,0,0,0,0,0,0,0,0,0,0,0,0,0,0,0,0,0,0,0,0,0,0,0,0,
"(org.eclipse.collections.impl.jmh.MaxTest.parallel_lazy_reverse_jdk,4326a12534ac0418531e858dcd0cce992e730639)",0,0,0,0,0,0,0,0,0,0,0,0,0,0,0,0,0,0,0,0,0,0,0,0,0,0,0,
"(org.eclipse.collections.impl.jmh.CollectIfTest.parallel_lazy_ec,4326a12534ac0418531e858dcd0cce992e730639)",0,0,0,0,0,0,0,0,0,0,0,0,0,0,0,0,0,0,0,0,0,0,0,0,0,0,0,
"(org.eclipse.collections.impl.jmh.SumOfIntTest.serial_eager_directSumOfInt_ec,4326a12534ac0418531e858dcd0cce992e730639)",0,0,0,0,0,0,0,0,0,0,0,0,0,0,0,0,0,0,0,0,0,0,0,0,0,0,0,
"(org.eclipse.collections.impl.jmh.map.EcImmutableMapGetTest.get,4326a12534ac0418531e858dcd0cce992e730639)",0,0,0,0,0,0,0,0,0,0,0,0,0,0,0,0,0,0,0,0,0,0,0,0,0,0,0,
"(org.eclipse.collections.impl.jmh.MaxTest.parallel_lazy_reverse_streams_ec,4326a12534ac0418531e858dcd0cce992e730639)",0,0,0,0,0,0,0,0,0,0,0,0,0,0,0,0,0,0,0,0,0,0,0,0,0,0,0,
"(org.eclipse.collections.impl.jmh.IntListJMHTest.filterJDKIntStream,4326a12534ac0418531e858dcd0cce992e730639)",0,0,0,0,0,0,0,0,0,0,0,0,0,0,0,0,0,0,0,0,0,0,0,0,0,0,0,
"(org.eclipse.collections.impl.jmh.map.MapGrowthTest.mutableScalaPut,4326a12534ac0418531e858dcd0cce992e730639)",0,0,0,0,0,0,0,0,0,0,0,0,0,0,0,0,0,0,0,0,0,0,0,0,0,0,0,
"(org.eclipse.collections.impl.jmh.AllSatisfyTest.short_circuit_middle_parallel_lazy_streams_ec,4326a12534ac0418531e858dcd0cce992e730639)",0,0,0,0,0,0,0,0,0,0,0,0,0,0,0,0,0,0,0,0,0,0,0,0,0,0,0,
"(org.eclipse.collections.impl.jmh.AllSatisfyTest.short_circuit_middle_serial_lazy_ec,4326a12534ac0418531e858dcd0cce992e730639)",0,0,0,0,0,0,0,0,0,0,0,0,0,0,0,0,0,0,0,0,0,0,0,0,0,0,0,
"(org.eclipse.collections.impl.jmh.SumByBigDecimalTest.sumByBigDecimalAccount_parallel_eager_ec,4326a12534ac0418531e858dcd0cce992e730639)",0,0,0,0,0,0,0,0,0,0,0,0,0,0,0,0,0,0,0,0,0,0,0,0,0,0,0,
"(org.eclipse.collections.impl.jmh.FunctionalInterfaceTest.serial_lazy_scala,4326a12534ac0418531e858dcd0cce992e730639)",0,0,0,0,0,0,0,0,0,0,0,0,0,0,0,0,0,0,0,0,0,0,0,0,0,0,0,
"(org.eclipse.collections.impl.jmh.SumOfIntTest.parallel_lazy_mapToLongSum_jdk,4326a12534ac0418531e858dcd0cce992e730639)",0,0,0,0,0,0,0,0,0,0,0,0,0,0,0,0,0,0,0,0,0,0,0,0,0,0,0,
"(org.eclipse.collections.impl.jmh.CountSetTest.serial_lazy_jdk,4326a12534ac0418531e858dcd0cce992e730639)",0,0,0,0,0,0,0,0,0,0,0,0,0,0,0,0,0,0,0,0,0,0,0,0,0,0,0,
"(org.eclipse.collections.impl.jmh.FunctionalInterfaceTest.parallel_eager_ec_hand_coded,4326a12534ac0418531e858dcd0cce992e730639)",0,0,0,0,0,0,0,0,0,0,0,0,0,0,0,0,0,0,0,0,0,0,0,0,0,0,0,
"(org.eclipse.collections.impl.jmh.AggregateByTest.aggregateByAccount_parallel_lazy_jdk,4326a12534ac0418531e858dcd0cce992e730639)",0,0,0,0,0,0,0,0,0,0,0,0,0,0,0,0,0,0,0,0,0,0,0,0,0,0,0,
"(org.eclipse.collections.impl.jmh.CollectorJoiningTest.parallel_lazy_mapToStringJoining_ec,4326a12534ac0418531e858dcd0cce992e730639)",0,0,0,0,0,0,0,0,0,0,0,0,0,0,0,0,0,0,0,0,0,0,0,0,0,0,0,
"(org.eclipse.collections.impl.jmh.AnySatisfyTest.short_circuit_middle_parallel_lazy_streams_ec,4326a12534ac0418531e858dcd0cce992e730639)",0,0,0,0,0,0,0,0,0,0,0,0,0,0,0,0,0,0,0,0,0,0,0,0,0,0,0,
"(org.eclipse.collections.impl.jmh.CountTest.serial_eager_ec,4326a12534ac0418531e858dcd0cce992e730639)",0,0,0,0,0,0,0,0,0,0,0,0,0,0,0,0,0,0,0,0,0,0,0,0,0,0,0,
"(org.eclipse.collections.impl.jmh.MaxByIntTest.maxByQuantity_parallel_lazy_direct_methodref_jdk,4326a12534ac0418531e858dcd0cce992e730639)",0,0,0,0,0,0,0,0,0,0,0,0,0,0,0,0,0,0,0,0,0,0,0,0,0,0,0,
"(org.eclipse.collections.impl.jmh.AnySatisfyTest.process_all_parallel_lazy_scala,4326a12534ac0418531e858dcd0cce992e730639)",0,0,0,0,0,0,0,0,0,0,0,0,0,0,0,0,0,0,0,0,0,0,0,0,0,0,0,
"(org.eclipse.collections.impl.jmh.MinTest.serial_lazy_reverse_ec,4326a12534ac0418531e858dcd0cce992e730639)",0,0,0,0,0,0,0,0,0,0,0,0,0,0,0,0,0,0,0,0,0,0,0,0,0,0,0,
"(org.eclipse.collections.impl.jmh.NoneSatisfyTest.process_none_serial_lazy_ec,4326a12534ac0418531e858dcd0cce992e730639)",0,0,0,0,0,0,0,0,0,0,0,0,0,0,0,0,0,0,0,0,0,0,0,0,0,0,0,
"(org.eclipse.collections.impl.jmh.SummarizeIntTest.serial_eager_collectIntSummaryStatistics_ec,4326a12534ac0418531e858dcd0cce992e730639)",0,0,0,0,0,0,0,0,0,0,0,0,0,0,0,0,0,0,0,0,0,0,0,0,0,0,0,
"(org.eclipse.collections.impl.jmh.MaxByIntTest.maxByQuantity_parallel_lazy_ec,4326a12534ac0418531e858dcd0cce992e730639)",0,0,0,0,0,0,0,0,0,0,0,0,0,0,0,0,0,0,0,0,0,0,0,0,0,0,0,
"(org.eclipse.collections.impl.jmh.MinByDoubleTest.minByMarketValue_parallel_lazy_collect_lambda_jdk,4326a12534ac0418531e858dcd0cce992e730639)",0,0,0,0,0,0,0,0,0,0,0,0,0,0,0,0,0,0,0,0,0,0,0,0,0,0,0,
"(org.eclipse.collections.impl.jmh.MinByDoubleTest.minByMarketValue_serial_lazy_direct_lambda_jdk,4326a12534ac0418531e858dcd0cce992e730639)",0,0,0,0,0,0,0,0,0,0,0,0,0,0,0,0,0,0,0,0,0,0,0,0,0,0,0,
"(org.eclipse.collections.impl.jmh.MinTest.parallel_lazy_reverse_streams_ec,4326a12534ac0418531e858dcd0cce992e730639)",0,0,0,0,0,0,0,0,0,0,0,0,0,0,0,0,0,0,0,0,0,0,0,0,0,0,0,
"(org.eclipse.collections.impl.jmh.RejectTest.serial_lazy_jdk_lambda_negate,4326a12534ac0418531e858dcd0cce992e730639)",0,0,0,0,0,0,0,0,0,0,0,0,0,0,0,0,0,0,0,0,0,0,0,0,0,0,0,
"(org.eclipse.collections.impl.jmh.RejectTest.serial_eager_ec_select_predicates_not,4326a12534ac0418531e858dcd0cce992e730639)",0,0,0,0,0,0,0,0,0,0,0,0,0,0,0,0,0,0,0,0,0,0,0,0,0,0,0,
"(org.eclipse.collections.impl.jmh.SumByBigDecimalTest.sumByBigDecimalProduct_serial_eager_ec,4326a12534ac0418531e858dcd0cce992e730639)",0,0,0,0,0,0,0,0,0,0,0,0,0,0,0,0,0,0,0,0,0,0,0,0,0,0,0,
"(org.eclipse.collections.impl.jmh.MinByIntTest.minByQuantity_serial_eager_ec,4326a12534ac0418531e858dcd0cce992e730639)",0,0,0,0,0,0,0,0,0,0,0,0,0,0,0,0,0,0,0,0,0,0,0,0,0,0,0,
"(org.eclipse.collections.impl.jmh.LongIntMapTest.presizedPut,4326a12534ac0418531e858dcd0cce992e730639)",0,0,0,0,0,0,0,0,0,0,0,0,0,0,0,0,0,0,0,0,0,0,0,0,0,0,0,
"(org.eclipse.collections.impl.jmh.IntListJMHTest.filterMapSumECParallelLazy,4326a12534ac0418531e858dcd0cce992e730639)",0,0,0,0,0,0,0,0,0,0,0,0,0,0,0,0,0,0,0,0,0,0,0,0,0,0,0,
"(org.eclipse.collections.impl.jmh.MinTest.parallel_lazy_jdk,4326a12534ac0418531e858dcd0cce992e730639)",0,0,0,0,0,0,0,0,0,0,0,0,0,0,0,0,0,0,0,0,0,0,0,0,0,0,0,
"(org.eclipse.collections.impl.jmh.AnagramBagTest.serial_lazy_jdk,4326a12534ac0418531e858dcd0cce992e730639)",0,0,0,0,0,0,0,0,0,0,0,0,0,0,0,0,0,0,0,0,0,0,0,0,0,0,0,
"(org.eclipse.collections.impl.jmh.GroupByListTest.groupBy_10000_keys_serial_eager_scala,4326a12534ac0418531e858dcd0cce992e730639)",0,0,0,0,0,0,0,0,0,0,0,0,0,0,0,0,0,0,0,0,0,0,0,0,0,0,0,
"(org.eclipse.collections.impl.jmh.GroupBySetTest.groupBy_2_keys_serial_lazy_streams_ec,4326a12534ac0418531e858dcd0cce992e730639)",0,0,0,0,0,0,0,0,0,0,0,0,0,0,0,0,0,0,0,0,0,0,0,0,0,0,0,
"(org.eclipse.collections.impl.jmh.IntIntMapLargeStressTest.jdkPut,4326a12534ac0418531e858dcd0cce992e730639)",0,0,0,0,0,0,0,0,0,0,0,0,0,0,0,0,0,0,0,0,0,0,0,0,0,0,0,
"(org.eclipse.collections.impl.jmh.MaxTest.serial_eager_reverse_ec,4326a12534ac0418531e858dcd0cce992e730639)",0,0,0,0,0,0,0,0,0,0,0,0,0,0,0,0,0,0,0,0,0,0,0,0,0,0,0,
"(org.eclipse.collections.impl.jmh.FunctionalInterfaceTest.serial_lazy_jdk,4326a12534ac0418531e858dcd0cce992e730639)",0,0,0,0,0,0,0,0,0,0,0,0,0,0,0,0,0,0,0,0,0,0,0,0,0,0,0,
"(org.eclipse.collections.impl.jmh.IntIntMapLargeStressTest.ecPut,4326a12534ac0418531e858dcd0cce992e730639)",0,0,0,0,0,0,0,0,0,0,0,0,0,0,0,0,0,0,0,0,0,0,0,0,0,0,0,
"(org.eclipse.collections.impl.jmh.SumOfDoubleTest.serial_eager_collectDoubleSum_ec,4326a12534ac0418531e858dcd0cce992e730639)",0,0,0,0,0,0,0,0,0,0,0,0,0,0,0,0,0,0,0,0,0,0,0,0,0,0,0,
"(org.eclipse.collections.impl.jmh.SelectTest.serial_lazy_streams_ec,4326a12534ac0418531e858dcd0cce992e730639)",0,0,0,0,0,0,0,0,0,0,0,0,0,0,0,0,0,0,0,0,0,0,0,0,0,0,0,
"(org.eclipse.collections.impl.jmh.MaxTest.serial_lazy_reverse_jdk,4326a12534ac0418531e858dcd0cce992e730639)",0,0,0,0,0,0,0,0,0,0,0,0,0,0,0,0,0,0,0,0,0,0,0,0,0,0,0,
"(org.eclipse.collections.impl.jmh.CollectTest.parallel_eager_fixed_pool_ec,4326a12534ac0418531e858dcd0cce992e730639)",0,0,0,0,0,0,0,0,0,0,0,0,0,0,0,0,0,0,0,0,0,0,0,0,0,0,0,
"(org.eclipse.collections.impl.jmh.AnySatisfyTest.short_circuit_middle_serial_lazy_jdk,4326a12534ac0418531e858dcd0cce992e730639)",0,0,0,0,0,0,0,0,0,0,0,0,0,0,0,0,0,0,0,0,0,0,0,0,0,0,0,
"(org.eclipse.collections.impl.jmh.IntListJMHTest.filterMapSumECBoxedLazy,4326a12534ac0418531e858dcd0cce992e730639)",0,0,0,0,0,0,0,0,0,0,0,0,0,0,0,0,0,0,0,0,0,0,0,0,0,0,0,
"(org.eclipse.collections.impl.jmh.BagAddAllTest.guava,4326a12534ac0418531e858dcd0cce992e730639)",0,0,0,0,0,0,0,0,0,0,0,0,0,0,0,0,0,0,0,0,0,0,0,0,0,0,0,
"(org.eclipse.collections.impl.jmh.SelectTest.serial_eager_ec,4326a12534ac0418531e858dcd0cce992e730639)",0,0,0,0,0,0,0,0,0,0,0,0,0,0,0,0,0,0,0,0,0,0,0,0,0,0,0,
"(org.eclipse.collections.impl.jmh.list.ListIterationTest.serial_mutable_ec,4326a12534ac0418531e858dcd0cce992e730639)",0,0,0,0,0,0,0,0,0,0,0,0,0,0,0,0,0,0,0,0,0,0,0,0,0,0,0,
"(org.eclipse.collections.impl.jmh.AnySatisfyTest.process_all_parallel_lazy_jdk,4326a12534ac0418531e858dcd0cce992e730639)",0,0,0,0,0,0,0,0,0,0,0,0,0,0,0,0,0,0,0,0,0,0,0,0,0,0,0,
"(org.eclipse.collections.impl.jmh.set.sorted.SortedSetIterationTest.parallel_immutable_scala,4326a12534ac0418531e858dcd0cce992e730639)",0,0,0,0,0,0,0,0,0,0,0,0,0,0,0,0,0,0,0,0,0,0,0,0,0,0,0,
"(org.eclipse.collections.impl.jmh.NoneSatisfyTest.process_all_parallel_lazy_ec,4326a12534ac0418531e858dcd0cce992e730639)",0,0,0,0,0,0,0,0,0,0,0,0,0,0,0,0,0,0,0,0,0,0,0,0,0,0,0,
"(org.eclipse.collections.impl.jmh.CollectTest.serial_lazy_scala,4326a12534ac0418531e858dcd0cce992e730639)",0,0,0,0,0,0,0,0,0,0,0,0,0,0,0,0,0,0,0,0,0,0,0,0,0,0,0,
"(org.eclipse.collections.impl.jmh.IntListJMHTest.filterECPrimitiveLazy,4326a12534ac0418531e858dcd0cce992e730639)",0,0,0,0,0,0,0,0,0,0,0,0,0,0,0,0,0,0,0,0,0,0,0,0,0,0,0,
"(org.eclipse.collections.impl.jmh.IntListJMHTest.sumECBoxedLazy,4326a12534ac0418531e858dcd0cce992e730639)",0,0,0,0,0,0,0,0,0,0,0,0,0,0,0,0,0,0,0,0,0,0,0,0,0,0,0,
"(org.eclipse.collections.impl.jmh.AllSatisfyTest.short_circuit_middle_serial_eager_ec,4326a12534ac0418531e858dcd0cce992e730639)",0,0,0,0,0,0,0,0,0,0,0,0,0,0,0,0,0,0,0,0,0,0,0,0,0,0,0,
"(org.eclipse.collections.impl.jmh.MaxByDoubleTest.maxByMarketValue_serial_lazy_direct_methodref_jdk,4326a12534ac0418531e858dcd0cce992e730639)",0,0,0,0,0,0,0,0,0,0,0,0,0,0,0,0,0,0,0,0,0,0,0,0,0,0,0,
"(org.eclipse.collections.impl.jmh.AggregateByTest.aggregateByProduct_parallel_lazy_streams_ec,4326a12534ac0418531e858dcd0cce992e730639)",0,0,0,0,0,0,0,0,0,0,0,0,0,0,0,0,0,0,0,0,0,0,0,0,0,0,0,
"(org.eclipse.collections.impl.jmh.SelectTest.parallel_lazy_ec,4326a12534ac0418531e858dcd0cce992e730639)",0,0,0,0,0,0,0,0,0,0,0,0,0,0,0,0,0,0,0,0,0,0,0,0,0,0,0,
"(org.eclipse.collections.impl.jmh.AnagramBagTest.serial_eager_ec,4326a12534ac0418531e858dcd0cce992e730639)",0,0,0,0,0,0,0,0,0,0,0,0,0,0,0,0,0,0,0,0,0,0,0,0,0,0,0,
"(org.eclipse.collections.impl.jmh.AnagramSetTest.parallel_eager_ec,4326a12534ac0418531e858dcd0cce992e730639)",0,0,0,0,0,0,0,0,0,0,0,0,0,0,0,0,0,0,0,0,0,0,0,0,0,0,0,
"(org.eclipse.collections.impl.jmh.CollectorJoiningTest.serial_eager_makeString_ec,4326a12534ac0418531e858dcd0cce992e730639)",0,0,0,0,0,0,0,0,0,0,0,0,0,0,0,0,0,0,0,0,0,0,0,0,0,0,0,
"(org.eclipse.collections.impl.jmh.AnySatisfyTest.short_circuit_middle_serial_lazy_streams_ec,4326a12534ac0418531e858dcd0cce992e730639)",0,0,0,0,0,0,0,0,0,0,0,0,0,0,0,0,0,0,0,0,0,0,0,0,0,0,0,
"(org.eclipse.collections.impl.jmh.SumByDoubleTest.sumByCategory_serial_eager_ec,4326a12534ac0418531e858dcd0cce992e730639)",0,0,0,0,0,0,0,0,0,0,0,0,0,0,0,0,0,0,0,0,0,0,0,0,0,0,0,
"(org.eclipse.collections.impl.jmh.GroupBySetTest.groupBy_100_keys_parallel_lazy_ec,4326a12534ac0418531e858dcd0cce992e730639)",0,0,0,0,0,0,0,0,0,0,0,0,0,0,0,0,0,0,0,0,0,0,0,0,0,0,0,
"(org.eclipse.collections.impl.jmh.SumOfDoubleTest.serial_lazy_collectDoubleSum_streams_ec,4326a12534ac0418531e858dcd0cce992e730639)",0,0,0,0,0,0,0,0,0,0,0,0,0,0,0,0,0,0,0,0,0,0,0,0,0,0,0,
"(org.eclipse.collections.impl.jmh.AnagramBagTest.parallel_eager_ec,4326a12534ac0418531e858dcd0cce992e730639)",0,0,0,0,0,0,0,0,0,0,0,0,0,0,0,0,0,0,0,0,0,0,0,0,0,0,0,
"(org.eclipse.collections.impl.jmh.GroupBySetTest.groupBy_10000_keys_serial_eager_scala,4326a12534ac0418531e858dcd0cce992e730639)",0,0,0,0,0,0,0,0,0,0,0,0,0,0,0,0,0,0,0,0,0,0,0,0,0,0,0,
"(org.eclipse.collections.impl.jmh.IntListJMHTest.sumJDKIntStream,4326a12534ac0418531e858dcd0cce992e730639)",0,0,0,0,0,0,0,0,0,0,0,0,0,0,0,0,0,0,0,0,0,0,0,0,0,0,0,
"(org.eclipse.collections.impl.jmh.MinByIntTest.minByQuantity_serial_lazy_collect_methodref_jdk,4326a12534ac0418531e858dcd0cce992e730639)",0,0,0,0,0,0,0,0,0,0,0,0,0,0,0,0,0,0,0,0,0,0,0,0,0,0,0,
"(org.eclipse.collections.impl.jmh.BagAddAllTest.ec,4326a12534ac0418531e858dcd0cce992e730639)",0,0,0,0,0,0,0,0,0,0,0,0,0,0,0,0,0,0,0,0,0,0,0,0,0,0,0,
"(org.eclipse.collections.impl.jmh.SummarizeIntTest.parallel_lazy_mapToIntSum_streams_ec,4326a12534ac0418531e858dcd0cce992e730639)",0,0,0,0,0,0,0,0,0,0,0,0,0,0,0,0,0,0,0,0,0,0,0,0,0,0,0,
"(org.eclipse.collections.impl.jmh.list.ListIterationTest.serial_immutable_ec,4326a12534ac0418531e858dcd0cce992e730639)",0,0,0,0,0,0,0,0,0,0,0,0,0,0,0,0,0,0,0,0,0,0,0,0,0,0,0,
"(org.eclipse.collections.impl.jmh.RejectTest.serial_lazy_streams_ec_lambda_not,4326a12534ac0418531e858dcd0cce992e730639)",0,0,0,0,0,0,0,0,0,0,0,0,0,0,0,0,0,0,0,0,0,0,0,0,0,0,0,
"(org.eclipse.collections.impl.jmh.AnySatisfyTest.process_all_parallel_lazy_ec,4326a12534ac0418531e858dcd0cce992e730639)",0,0,0,0,0,0,0,0,0,0,0,0,0,0,0,0,0,0,0,0,0,0,0,0,0,0,0,
"(org.eclipse.collections.impl.jmh.MaxTest.serial_eager_ec,4326a12534ac0418531e858dcd0cce992e730639)",0,0,0,0,0,0,0,0,0,0,0,0,0,0,0,0,0,0,0,0,0,0,0,0,0,0,0,
"(org.eclipse.collections.impl.jmh.GroupBySetTest.groupBy_10000_keys_parallel_lazy_streams_ec,4326a12534ac0418531e858dcd0cce992e730639)",0,0,0,0,0,0,0,0,0,0,0,0,0,0,0,0,0,0,0,0,0,0,0,0,0,0,0,
"(org.eclipse.collections.impl.jmh.MinByDoubleTest.minByMarketValue_serial_lazy_direct_methodref_jdk,4326a12534ac0418531e858dcd0cce992e730639)",0,0,0,0,0,0,0,0,0,0,0,0,0,0,0,0,0,0,0,0,0,0,0,0,0,0,0,
"(org.eclipse.collections.impl.jmh.MinByDoubleTest.minByMarketValue_serial_eager_ec,4326a12534ac0418531e858dcd0cce992e730639)",0,0,0,0,0,0,0,0,0,0,0,0,0,0,0,0,0,0,0,0,0,0,0,0,0,0,0,
"(org.eclipse.collections.impl.jmh.NoneSatisfyTest.process_all_parallel_lazy_jdk,4326a12534ac0418531e858dcd0cce992e730639)",0,0,0,0,0,0,0,0,0,0,0,0,0,0,0,0,0,0,0,0,0,0,0,0,0,0,0,
"(org.eclipse.collections.impl.jmh.NoneSatisfyTest.process_none_serial_lazy_streams_ec,4326a12534ac0418531e858dcd0cce992e730639)",0,0,0,0,0,0,0,0,0,0,0,0,0,0,0,0,0,0,0,0,0,0,0,0,0,0,0,
"(org.eclipse.collections.impl.jmh.MinByIntTest.minByQuantity_serial_lazy_direct_methodref_jdk,4326a12534ac0418531e858dcd0cce992e730639)",0,0,0,0,0,0,0,0,0,0,0,0,0,0,0,0,0,0,0,0,0,0,0,0,0,0,0,
"(org.eclipse.collections.impl.jmh.AnySatisfyTest.process_all_serial_lazy_scala,4326a12534ac0418531e858dcd0cce992e730639)",0,0,0,0,0,0,0,0,0,0,0,0,0,0,0,0,0,0,0,0,0,0,0,0,0,0,0,
"(org.eclipse.collections.impl.jmh.LongLongMapSmallStressTest.kolobokeRemove,4326a12534ac0418531e858dcd0cce992e730639)",0,0,0,0,0,0,0,0,0,0,0,0,0,0,0,0,0,0,0,0,0,0,0,0,0,0,0,
"(org.eclipse.collections.impl.jmh.RejectTest.serial_lazy_ec,4326a12534ac0418531e858dcd0cce992e730639)",0,0,0,0,0,0,0,0,0,0,0,0,0,0,0,0,0,0,0,0,0,0,0,0,0,0,0,
"(org.eclipse.collections.impl.jmh.MinByDoubleTest.minByMarketValue_parallel_lazy_direct_lambda_jdk,4326a12534ac0418531e858dcd0cce992e730639)",0,0,0,0,0,0,0,0,0,0,0,0,0,0,0,0,0,0,0,0,0,0,0,0,0,0,0,
"(org.eclipse.collections.impl.jmh.GroupBySetTest.groupBy_100_keys_serial_eager_scala,4326a12534ac0418531e858dcd0cce992e730639)",0,0,0,0,0,0,0,0,0,0,0,0,0,0,0,0,0,0,0,0,0,0,0,0,0,0,0,
"(org.eclipse.collections.impl.jmh.AnagramListTest.serial_lazy_jdk,4326a12534ac0418531e858dcd0cce992e730639)",0,0,0,0,0,0,0,0,0,0,0,0,0,0,0,0,0,0,0,0,0,0,0,0,0,0,0,
"(org.eclipse.collections.impl.jmh.FlatCollectTest.serial_lazy_streams_ec,4326a12534ac0418531e858dcd0cce992e730639)",0,0,0,0,0,0,0,0,0,0,0,0,0,0,0,0,0,0,0,0,0,0,0,0,0,0,0,
"(org.eclipse.collections.impl.jmh.SetAddAllTest.jdk,4326a12534ac0418531e858dcd0cce992e730639)",0,0,0,0,0,0,0,0,0,0,0,0,0,0,0,0,0,0,0,0,0,0,0,0,0,0,0,
"(org.eclipse.collections.impl.jmh.AnySatisfyTest.process_all_serial_eager_ec,4326a12534ac0418531e858dcd0cce992e730639)",0,0,0,0,0,0,0,0,0,0,0,0,0,0,0,0,0,0,0,0,0,0,0,0,0,0,0,
"(org.eclipse.collections.impl.jmh.IntIntMapSmallStressTest.kolobokePut,4326a12534ac0418531e858dcd0cce992e730639)",0,0,0,0,0,0,0,0,0,0,0,0,0,0,0,0,0,0,0,0,0,0,0,0,0,0,0,
"(org.eclipse.collections.impl.jmh.SummarizeIntTest.parallel_lazy_mapToIntSum_jdk,4326a12534ac0418531e858dcd0cce992e730639)",0,0,0,0,0,0,0,0,0,0,0,0,0,0,0,0,0,0,0,0,0,0,0,0,0,0,0,
"(org.eclipse.collections.impl.jmh.IntListJMHTest.filterMapSumJDKIntStream,4326a12534ac0418531e858dcd0cce992e730639)",0,0,0,0,0,0,0,0,0,0,0,0,0,0,0,0,0,0,0,0,0,0,0,0,0,0,0,
"(org.eclipse.collections.impl.jmh.IntListJMHTest.mapECPrimitiveEager,4326a12534ac0418531e858dcd0cce992e730639)",0,0,0,0,0,0,0,0,0,0,0,0,0,0,0,0,0,0,0,0,0,0,0,0,0,0,0,
"(org.eclipse.collections.impl.jmh.SummarizeIntTest.serial_eager_summarizeInt_ec,4326a12534ac0418531e858dcd0cce992e730639)",0,0,0,0,0,0,0,0,0,0,0,0,0,0,0,0,0,0,0,0,0,0,0,0,0,0,0,
"(org.eclipse.collections.impl.jmh.GroupBySetTest.groupBy_2_keys_parallel_lazy_jdk,4326a12534ac0418531e858dcd0cce992e730639)",0,0,0,0,0,0,0,0,0,0,0,0,0,0,0,0,0,0,0,0,0,0,0,0,0,0,0,
"(org.eclipse.collections.impl.jmh.SumOfIntTest.serial_lazy_mapToLongSum_streams_ec,4326a12534ac0418531e858dcd0cce992e730639)",0,0,0,0,0,0,0,0,0,0,0,0,0,0,0,0,0,0,0,0,0,0,0,0,0,0,0,
"(org.eclipse.collections.impl.jmh.MinByDoubleTest.minByMarketValue_parallel_lazy_direct_methodref_jdk,4326a12534ac0418531e858dcd0cce992e730639)",0,0,0,0,0,0,0,0,0,0,0,0,0,0,0,0,0,0,0,0,0,0,0,0,0,0,0,
"(org.eclipse.collections.impl.jmh.AllSatisfyTest.process_all_serial_lazy_jdk,4326a12534ac0418531e858dcd0cce992e730639)",0,0,0,0,0,0,0,0,0,0,0,0,0,0,0,0,0,0,0,0,0,0,0,0,0,0,0,
"(org.eclipse.collections.impl.jmh.CountTest.parallel_lazy_scala,4326a12534ac0418531e858dcd0cce992e730639)",0,0,0,0,0,0,0,0,0,0,0,0,0,0,0,0,0,0,0,0,0,0,0,0,0,0,0,
"(org.eclipse.collections.impl.jmh.MinByDoubleTest.minByMarketValue_serial_lazy_ec,4326a12534ac0418531e858dcd0cce992e730639)",0,0,0,0,0,0,0,0,0,0,0,0,0,0,0,0,0,0,0,0,0,0,0,0,0,0,0,
"(org.eclipse.collections.impl.jmh.MinByIntTest.minByQuantity_parallel_lazy_ec,4326a12534ac0418531e858dcd0cce992e730639)",0,0,0,0,0,0,0,0,0,0,0,0,0,0,0,0,0,0,0,0,0,0,0,0,0,0,0,
"(org.eclipse.collections.impl.jmh.ListEqualTest.jdk,4326a12534ac0418531e858dcd0cce992e730639)",0,0,0,0,0,0,0,0,0,0,0,0,0,0,0,0,0,0,0,0,0,0,0,0,0,0,0,
"(org.eclipse.collections.impl.jmh.AnagramSetTest.serial_lazy_scala,4326a12534ac0418531e858dcd0cce992e730639)",0,0,0,0,0,0,0,0,0,0,0,0,0,0,0,0,0,0,0,0,0,0,0,0,0,0,0,
"(org.eclipse.collections.impl.jmh.AllSatisfyTest.process_all_parallel_lazy_ec,4326a12534ac0418531e858dcd0cce992e730639)",0,0,0,0,0,0,0,0,0,0,0,0,0,0,0,0,0,0,0,0,0,0,0,0,0,0,0,
"(org.eclipse.collections.impl.jmh.FunctionalInterfaceTest.parallel_lazy_jdk,4326a12534ac0418531e858dcd0cce992e730639)",0,0,0,0,0,0,0,0,0,0,0,0,0,0,0,0,0,0,0,0,0,0,0,0,0,0,0,
"(org.eclipse.collections.impl.jmh.SelectTest.parallel_lazy_streams_ec,4326a12534ac0418531e858dcd0cce992e730639)",0,0,0,0,0,0,0,0,0,0,0,0,0,0,0,0,0,0,0,0,0,0,0,0,0,0,0,
"(org.eclipse.collections.impl.jmh.IntListJMHTest.filterMapSumECPrimitiveLazy,4326a12534ac0418531e858dcd0cce992e730639)",0,0,0,0,0,0,0,0,0,0,0,0,0,0,0,0,0,0,0,0,0,0,0,0,0,0,0,
"(org.eclipse.collections.impl.jmh.IntListJMHTest.filterMapSumJDKBoxedStream,4326a12534ac0418531e858dcd0cce992e730639)",0,0,0,0,0,0,0,0,0,0,0,0,0,0,0,0,0,0,0,0,0,0,0,0,0,0,0,
"(org.eclipse.collections.impl.jmh.MinTest.serial_lazy_intstream_streams_ec,4326a12534ac0418531e858dcd0cce992e730639)",0,0,0,0,0,0,0,0,0,0,0,0,0,0,0,0,0,0,0,0,0,0,0,0,0,0,0,
"(org.eclipse.collections.impl.jmh.MinTest.serial_lazy_streams_ec,4326a12534ac0418531e858dcd0cce992e730639)",0,0,0,0,0,0,0,0,0,0,0,0,0,0,0,0,0,0,0,0,0,0,0,0,0,0,0,
"(org.eclipse.collections.impl.jmh.AllSatisfyTest.process_all_serial_lazy_streams_ec,4326a12534ac0418531e858dcd0cce992e730639)",0,0,0,0,0,0,0,0,0,0,0,0,0,0,0,0,0,0,0,0,0,0,0,0,0,0,0,
"(org.eclipse.collections.impl.jmh.map.HppcMutableMapGetTest.get,4326a12534ac0418531e858dcd0cce992e730639)",0,0,0,0,0,0,0,0,0,0,0,0,0,0,0,0,0,0,0,0,0,0,0,0,0,0,0,
"(org.eclipse.collections.impl.jmh.LongLongMapLargeStressTest.ecRemove,4326a12534ac0418531e858dcd0cce992e730639)",0,0,0,0,0,0,0,0,0,0,0,0,0,0,0,0,0,0,0,0,0,0,0,0,0,0,0,
"(org.eclipse.collections.impl.jmh.CountTest.parallel_lazy_ec,4326a12534ac0418531e858dcd0cce992e730639)",0,0,0,0,0,0,0,0,0,0,0,0,0,0,0,0,0,0,0,0,0,0,0,0,0,0,0,
"(org.eclipse.collections.impl.jmh.SumOfDoubleTest.parallel_lazy_collectDoubleSum_streams_ec,4326a12534ac0418531e858dcd0cce992e730639)",0,0,0,0,0,0,0,0,0,0,0,0,0,0,0,0,0,0,0,0,0,0,0,0,0,0,0,
"(org.eclipse.collections.impl.jmh.set.sorted.SortedSetIterationTest.serial_immutable_scala,4326a12534ac0418531e858dcd0cce992e730639)",0,0,0,0,0,0,0,0,0,0,0,0,0,0,0,0,0,0,0,0,0,0,0,0,0,0,0,
"(org.eclipse.collections.impl.jmh.IntListJMHTest.filterMapSumJDKIntStreamParallel,4326a12534ac0418531e858dcd0cce992e730639)",0,0,0,0,0,0,0,0,0,0,0,0,0,0,0,0,0,0,0,0,0,0,0,0,0,0,0,
"(org.eclipse.collections.impl.jmh.IntIntMapLargeStressTest.ecRemove,4326a12534ac0418531e858dcd0cce992e730639)",0,0,0,0,0,0,0,0,0,0,0,0,0,0,0,0,0,0,0,0,0,0,0,0,0,0,0,
"(org.eclipse.collections.impl.jmh.CollectIfTest.parallel_lazy_jdk,4326a12534ac0418531e858dcd0cce992e730639)",0,0,0,0,0,0,0,0,0,0,0,0,0,0,0,0,0,0,0,0,0,0,0,0,0,0,0,
"(org.eclipse.collections.impl.jmh.SumByDoubleTest.sumByCategory_parallel_eager_ec,4326a12534ac0418531e858dcd0cce992e730639)",0,0,0,0,0,0,0,0,0,0,0,0,0,0,0,0,0,0,0,0,0,0,0,0,0,0,0,
"(org.eclipse.collections.impl.jmh.IntListJMHTest.filterECBoxedEager,4326a12534ac0418531e858dcd0cce992e730639)",0,0,0,0,0,0,0,0,0,0,0,0,0,0,0,0,0,0,0,0,0,0,0,0,0,0,0,
"(org.eclipse.collections.impl.jmh.SumOfIntTest.serial_lazy_mapToIntSum_streams_ec,4326a12534ac0418531e858dcd0cce992e730639)",0,0,0,0,0,0,0,0,0,0,0,0,0,0,0,0,0,0,0,0,0,0,0,0,0,0,0,
"(org.eclipse.collections.impl.jmh.SumOfIntTest.serial_lazy_mapToLongSum_jdk,4326a12534ac0418531e858dcd0cce992e730639)",0,0,0,0,0,0,0,0,0,0,0,0,0,0,0,0,0,0,0,0,0,0,0,0,0,0,0,
"(org.eclipse.collections.impl.jmh.GroupByListTest.groupBy_2_keys_serial_eager_scala,4326a12534ac0418531e858dcd0cce992e730639)",0,0,0,0,0,0,0,0,0,0,0,0,0,0,0,0,0,0,0,0,0,0,0,0,0,0,0,
"(org.eclipse.collections.impl.jmh.MaxByDoubleTest.maxByMarketValue_parallel_lazy_collect_methodref_jdk,4326a12534ac0418531e858dcd0cce992e730639)",0,0,0,0,0,0,0,0,0,0,0,0,0,0,0,0,0,0,0,0,0,0,0,0,0,0,0,
"(org.eclipse.collections.impl.jmh.NoneSatisfyTest.short_circuit_middle_serial_lazy_streams_ec,4326a12534ac0418531e858dcd0cce992e730639)",0,0,0,0,0,0,0,0,0,0,0,0,0,0,0,0,0,0,0,0,0,0,0,0,0,0,0,
"(org.eclipse.collections.impl.jmh.IntListJMHTest.filterECBoxedLazy,4326a12534ac0418531e858dcd0cce992e730639)",0,0,0,0,0,0,0,0,0,0,0,0,0,0,0,0,0,0,0,0,0,0,0,0,0,0,0,
"(org.eclipse.collections.impl.jmh.MinTest.parallel_lazy_ec,4326a12534ac0418531e858dcd0cce992e730639)",0,0,0,0,0,0,0,0,0,0,0,0,0,0,0,0,0,0,0,0,0,0,0,0,0,0,0,
"(org.eclipse.collections.impl.jmh.GroupBySetTest.groupBy_2_keys_serial_lazy_jdk,4326a12534ac0418531e858dcd0cce992e730639)",0,0,0,0,0,0,0,0,0,0,0,0,0,0,0,0,0,0,0,0,0,0,0,0,0,0,0,
"(org.eclipse.collections.impl.jmh.map.ChainMapPutTest.jdk,4326a12534ac0418531e858dcd0cce992e730639)",0,0,0,0,0,0,0,0,0,0,0,0,0,0,0,0,0,0,0,0,0,0,0,0,0,0,0,
"(org.eclipse.collections.impl.jmh.SummarizeIntTest.serial_lazy_collectIntSummaryStatistics_ec,4326a12534ac0418531e858dcd0cce992e730639)",0,0,0,0,0,0,0,0,0,0,0,0,0,0,0,0,0,0,0,0,0,0,0,0,0,0,0,
"(org.eclipse.collections.impl.jmh.LongIntMapTest.get,4326a12534ac0418531e858dcd0cce992e730639)",0,0,0,0,0,0,0,0,0,0,0,0,0,0,0,0,0,0,0,0,0,0,0,0,0,0,0,
"(org.eclipse.collections.impl.jmh.map.EcMutableMapGetTest.get,4326a12534ac0418531e858dcd0cce992e730639)",0,0,0,0,0,0,0,0,0,0,0,0,0,0,0,0,0,0,0,0,0,0,0,0,0,0,0,
"(org.eclipse.collections.impl.jmh.AnySatisfyTest.process_all_parallel_lazy_streams_ec,4326a12534ac0418531e858dcd0cce992e730639)",0,0,0,0,0,0,0,0,0,0,0,0,0,0,0,0,0,0,0,0,0,0,0,0,0,0,0,
"(org.eclipse.collections.impl.jmh.AggregateByTest.aggregateInPlaceByProduct_parallel_eager_ec,4326a12534ac0418531e858dcd0cce992e730639)",0,0,0,0,0,0,0,0,0,0,0,0,0,0,0,0,0,0,0,0,0,0,0,0,0,0,0,
"(org.eclipse.collections.impl.jmh.AnySatisfyTest.short_circuit_middle_parallel_lazy_ec,4326a12534ac0418531e858dcd0cce992e730639)",0,0,0,0,0,0,0,0,0,0,0,0,0,0,0,0,0,0,0,0,0,0,0,0,0,0,0,
"(org.eclipse.collections.impl.jmh.CollectTest.parallel_lazy_ec,4326a12534ac0418531e858dcd0cce992e730639)",0,0,0,0,0,0,0,0,0,0,0,0,0,0,0,0,0,0,0,0,0,0,0,0,0,0,0,
"(org.eclipse.collections.impl.jmh.LongIntMapTest.copyTest,4326a12534ac0418531e858dcd0cce992e730639)",0,0,0,0,0,0,0,0,0,0,0,0,0,0,0,0,0,0,0,0,0,0,0,0,0,0,0,
"(org.eclipse.collections.impl.jmh.MaxByIntTest.maxByQuantity_parallel_lazy_collect_lambda_jdk,4326a12534ac0418531e858dcd0cce992e730639)",0,0,0,0,0,0,0,0,0,0,0,0,0,0,0,0,0,0,0,0,0,0,0,0,0,0,0,
"(org.eclipse.collections.impl.jmh.AggregateByTest.aggregateInPlaceByAccount_parallel_eager_ec,4326a12534ac0418531e858dcd0cce992e730639)",0,0,0,0,0,0,0,0,0,0,0,0,0,0,0,0,0,0,0,0,0,0,0,0,0,0,0,
"(org.eclipse.collections.impl.jmh.AggregateByTest.aggregateByCategory_parallel_lazy_jdk,4326a12534ac0418531e858dcd0cce992e730639)",0,0,0,0,0,0,0,0,0,0,0,0,0,0,0,0,0,0,0,0,0,0,0,0,0,0,0,
"(org.eclipse.collections.impl.jmh.IntListJMHTest.mapECParallelEager,4326a12534ac0418531e858dcd0cce992e730639)",0,0,0,0,0,0,0,0,0,0,0,0,0,0,0,0,0,0,0,0,0,0,0,0,0,0,0,
"(org.eclipse.collections.impl.jmh.AnySatisfyTest.short_circuit_middle_serial_lazy_ec,4326a12534ac0418531e858dcd0cce992e730639)",0,0,0,0,0,0,0,0,0,0,0,0,0,0,0,0,0,0,0,0,0,0,0,0,0,0,0,
"(org.eclipse.collections.impl.jmh.CountSetTest.parallel_lazy_scala,4326a12534ac0418531e858dcd0cce992e730639)",0,0,0,0,0,0,0,0,0,0,0,0,0,0,0,0,0,0,0,0,0,0,0,0,0,0,0,
"(org.eclipse.collections.impl.jmh.IntListJMHTest.mapECBoxedLazy,4326a12534ac0418531e858dcd0cce992e730639)",0,0,0,0,0,0,0,0,0,0,0,0,0,0,0,0,0,0,0,0,0,0,0,0,0,0,0,
"(org.eclipse.collections.impl.jmh.SummarizeIntTest.serial_lazy_mapToIntSum_streams_ec,4326a12534ac0418531e858dcd0cce992e730639)",0,0,0,0,0,0,0,0,0,0,0,0,0,0,0,0,0,0,0,0,0,0,0,0,0,0,0,
"(org.eclipse.collections.impl.jmh.AllSatisfyTest.process_all_serial_eager_ec,4326a12534ac0418531e858dcd0cce992e730639)",0,0,0,0,0,0,0,0,0,0,0,0,0,0,0,0,0,0,0,0,0,0,0,0,0,0,0,
"(org.eclipse.collections.impl.jmh.AnagramSetTest.serial_eager_ec,4326a12534ac0418531e858dcd0cce992e730639)",0,0,0,0,0,0,0,0,0,0,0,0,0,0,0,0,0,0,0,0,0,0,0,0,0,0,0,
"(org.eclipse.collections.impl.jmh.SumOfIntTest.serial_eager_collectIntSum_ec,4326a12534ac0418531e858dcd0cce992e730639)",0,0,0,0,0,0,0,0,0,0,0,0,0,0,0,0,0,0,0,0,0,0,0,0,0,0,0,
"(org.eclipse.collections.impl.jmh.CollectTest.serial_eager_scala,4326a12534ac0418531e858dcd0cce992e730639)",0,0,0,0,0,0,0,0,0,0,0,0,0,0,0,0,0,0,0,0,0,0,0,0,0,0,0,
"(org.eclipse.collections.impl.jmh.IntListJMHTest.mapECBoxedEager,4326a12534ac0418531e858dcd0cce992e730639)",0,0,0,0,0,0,0,0,0,0,0,0,0,0,0,0,0,0,0,0,0,0,0,0,0,0,0,
"(org.eclipse.collections.impl.jmh.PartitionTest.serial_lazy_jdk,4326a12534ac0418531e858dcd0cce992e730639)",0,0,0,0,0,0,0,0,0,0,0,0,0,0,0,0,0,0,0,0,0,0,0,0,0,0,0,
"(org.eclipse.collections.impl.jmh.IntIntMapSmallStressTest.jdkPut,4326a12534ac0418531e858dcd0cce992e730639)",0,0,0,0,0,0,0,0,0,0,0,0,0,0,0,0,0,0,0,0,0,0,0,0,0,0,0,
"(org.eclipse.collections.impl.jmh.MaxByDoubleTest.maxByMarketValue_parallel_lazy_ec,4326a12534ac0418531e858dcd0cce992e730639)",0,0,0,0,0,0,0,0,0,0,0,0,0,0,0,0,0,0,0,0,0,0,0,0,0,0,0,
"(org.eclipse.collections.impl.jmh.IntIntMapLargeStressTest.ecGet,4326a12534ac0418531e858dcd0cce992e730639)",0,0,0,0,0,0,0,0,0,0,0,0,0,0,0,0,0,0,0,0,0,0,0,0,0,0,0,
"(org.eclipse.collections.impl.jmh.SummarizeIntTest.serial_eager_summaryStatistics_intList,4326a12534ac0418531e858dcd0cce992e730639)",0,0,0,0,0,0,0,0,0,0,0,0,0,0,0,0,0,0,0,0,0,0,0,0,0,0,0,
"(org.eclipse.collections.impl.jmh.IntListJMHTest.mapJDKBoxedStream,4326a12534ac0418531e858dcd0cce992e730639)",0,0,0,0,0,0,0,0,0,0,0,0,0,0,0,0,0,0,0,0,0,0,0,0,0,0,0,
"(org.eclipse.collections.impl.jmh.MinByDoubleTest.minByMarketValue_serial_lazy_collect_methodref_jdk,4326a12534ac0418531e858dcd0cce992e730639)",0,0,0,0,0,0,0,0,0,0,0,0,0,0,0,0,0,0,0,0,0,0,0,0,0,0,0,
"(org.eclipse.collections.impl.jmh.MaxByDoubleTest.maxByMarketValue_parallel_lazy_direct_lambda_jdk,4326a12534ac0418531e858dcd0cce992e730639)",0,0,0,0,0,0,0,0,0,0,0,0,0,0,0,0,0,0,0,0,0,0,0,0,0,0,0,
"(org.eclipse.collections.impl.jmh.AggregateByTest.aggregateByCategory_serial_lazy_ec,4326a12534ac0418531e858dcd0cce992e730639)",0,0,0,0,0,0,0,0,0,0,0,0,0,0,0,0,0,0,0,0,0,0,0,0,0,0,0,
"(org.eclipse.collections.impl.jmh.IntIntMapSmallStressTest.jdkRemove,4326a12534ac0418531e858dcd0cce992e730639)",0,0,0,0,0,0,0,0,0,0,0,0,0,0,0,0,0,0,0,0,0,0,0,0,0,0,0,
"(org.eclipse.collections.impl.jmh.GroupByListTest.groupBy_10000_keys_serial_lazy_streams_ec,4326a12534ac0418531e858dcd0cce992e730639)",0,0,0,0,0,0,0,0,0,0,0,0,0,0,0,0,0,0,0,0,0,0,0,0,0,0,0,
"(org.eclipse.collections.impl.jmh.MinTest.parallel_lazy_reverse_ec,4326a12534ac0418531e858dcd0cce992e730639)",0,0,0,0,0,0,0,0,0,0,0,0,0,0,0,0,0,0,0,0,0,0,0,0,0,0,0,
"(org.eclipse.collections.impl.jmh.AnagramBagTest.parallel_lazy_jdk,4326a12534ac0418531e858dcd0cce992e730639)",0,0,0,0,0,0,0,0,0,0,0,0,0,0,0,0,0,0,0,0,0,0,0,0,0,0,0,
"(org.eclipse.collections.impl.jmh.RejectTest.serial_lazy_jdk_lambda_not,4326a12534ac0418531e858dcd0cce992e730639)",0,0,0,0,0,0,0,0,0,0,0,0,0,0,0,0,0,0,0,0,0,0,0,0,0,0,0,
"(org.eclipse.collections.impl.jmh.SumByDoubleTest.sumByAccount_parallel_lazy_jdk,4326a12534ac0418531e858dcd0cce992e730639)",0,0,0,0,0,0,0,0,0,0,0,0,0,0,0,0,0,0,0,0,0,0,0,0,0,0,0,
"(org.eclipse.collections.impl.jmh.CollectorJoiningTest.serial_eager_primitiveMakeString_ec,4326a12534ac0418531e858dcd0cce992e730639)",0,0,0,0,0,0,0,0,0,0,0,0,0,0,0,0,0,0,0,0,0,0,0,0,0,0,0,
"(org.eclipse.collections.impl.jmh.set.sorted.SortedSetContainsTest.contains_immutable_ec,4326a12534ac0418531e858dcd0cce992e730639)",0,0,0,0,0,0,0,0,0,0,0,0,0,0,0,0,0,0,0,0,0,0,0,0,0,0,0,
"(org.eclipse.collections.impl.jmh.IntListJMHTest.filterMapSumECPrimitiveEager,4326a12534ac0418531e858dcd0cce992e730639)",0,0,0,0,0,0,0,0,0,0,0,0,0,0,0,0,0,0,0,0,0,0,0,0,0,0,0,
"(org.eclipse.collections.impl.jmh.NoneSatisfyTest.short_circuit_middle_parallel_lazy_ec,4326a12534ac0418531e858dcd0cce992e730639)",0,0,0,0,0,0,0,0,0,0,0,0,0,0,0,0,0,0,0,0,0,0,0,0,0,0,0,
"(org.eclipse.collections.impl.jmh.NoneSatisfyTest.short_circuit_middle_serial_eager_ec,4326a12534ac0418531e858dcd0cce992e730639)",0,0,0,0,0,0,0,0,0,0,0,0,0,0,0,0,0,0,0,0,0,0,0,0,0,0,0,
"(org.eclipse.collections.impl.jmh.MaxTest.serial_lazy_ec,4326a12534ac0418531e858dcd0cce992e730639)",0,0,0,0,0,0,0,0,0,0,0,0,0,0,0,0,0,0,0,0,0,0,0,0,0,0,0,
"(org.eclipse.collections.impl.jmh.SumOfIntTest.parallel_lazy_mapToIntSum_streams_ec,4326a12534ac0418531e858dcd0cce992e730639)",0,0,0,0,0,0,0,0,0,0,0,0,0,0,0,0,0,0,0,0,0,0,0,0,0,0,0,
"(org.eclipse.collections.impl.jmh.MinByIntTest.minByQuantity_serial_lazy_collect_lambda_jdk,4326a12534ac0418531e858dcd0cce992e730639)",0,0,0,0,0,0,0,0,0,0,0,0,0,0,0,0,0,0,0,0,0,0,0,0,0,0,0,
"(org.eclipse.collections.impl.jmh.GroupBySetTest.groupBy_10000_keys_parallel_lazy_jdk,4326a12534ac0418531e858dcd0cce992e730639)",0,0,0,0,0,0,0,0,0,0,0,0,0,0,0,0,0,0,0,0,0,0,0,0,0,0,0,
"(org.eclipse.collections.impl.jmh.CollectTest.serial_eager_ec,4326a12534ac0418531e858dcd0cce992e730639)",0,0,0,0,0,0,0,0,0,0,0,0,0,0,0,0,0,0,0,0,0,0,0,0,0,0,0,
"(org.eclipse.collections.impl.jmh.CountSetTest.parallel_lazy_jdk,4326a12534ac0418531e858dcd0cce992e730639)",0,0,0,0,0,0,0,0,0,0,0,0,0,0,0,0,0,0,0,0,0,0,0,0,0,0,0,
"(org.eclipse.collections.impl.jmh.IntListJMHTest.filterJDKIntStreamParallelToEC,4326a12534ac0418531e858dcd0cce992e730639)",0,0,0,0,0,0,0,0,0,0,0,0,0,0,0,0,0,0,0,0,0,0,0,0,0,0,0,
"(org.eclipse.collections.impl.jmh.list.ListIterationTest.parallel_immutable_ec,4326a12534ac0418531e858dcd0cce992e730639)",0,0,0,0,0,0,0,0,0,0,0,0,0,0,0,0,0,0,0,0,0,0,0,0,0,0,0,
"(org.eclipse.collections.impl.jmh.LongIntMapTest.put,4326a12534ac0418531e858dcd0cce992e730639)",0,0,0,0,0,0,0,0,0,0,0,0,0,0,0,0,0,0,0,0,0,0,0,0,0,0,0,
"(org.eclipse.collections.impl.jmh.AnySatisfyTest.process_all_serial_lazy_jdk,4326a12534ac0418531e858dcd0cce992e730639)",0,0,0,0,0,0,0,0,0,0,0,0,0,0,0,0,0,0,0,0,0,0,0,0,0,0,0,
"(org.eclipse.collections.impl.jmh.FunctionalInterfaceSetTest.parallel_lazy_ec,4326a12534ac0418531e858dcd0cce992e730639)",0,0,0,0,0,0,0,0,0,0,0,0,0,0,0,0,0,0,0,0,0,0,0,0,0,0,0,
"(org.eclipse.collections.impl.jmh.IntListJMHTest.mapECPrimitiveLazy,4326a12534ac0418531e858dcd0cce992e730639)",0,0,0,0,0,0,0,0,0,0,0,0,0,0,0,0,0,0,0,0,0,0,0,0,0,0,0,
"(org.eclipse.collections.impl.jmh.AllSatisfyTest.short_circuit_middle_parallel_lazy_ec,4326a12534ac0418531e858dcd0cce992e730639)",0,0,0,0,0,0,0,0,0,0,0,0,0,0,0,0,0,0,0,0,0,0,0,0,0,0,0,
"(org.eclipse.collections.impl.jmh.list.ListIterationTest.serial_mutable_scala,4326a12534ac0418531e858dcd0cce992e730639)",0,0,0,0,0,0,0,0,0,0,0,0,0,0,0,0,0,0,0,0,0,0,0,0,0,0,0,
"(org.eclipse.collections.impl.jmh.PartitionTest.serial_eager_ec,4326a12534ac0418531e858dcd0cce992e730639)",0,0,0,0,0,0,0,0,0,0,0,0,0,0,0,0,0,0,0,0,0,0,0,0,0,0,0,
"(org.eclipse.collections.impl.jmh.IntListJMHTest.filterECParallelLazy,4326a12534ac0418531e858dcd0cce992e730639)",0,0,0,0,0,0,0,0,0,0,0,0,0,0,0,0,0,0,0,0,0,0,0,0,0,0,0,
"(org.eclipse.collections.impl.jmh.AggregateByTest.aggregateByCategory_serial_lazy_jdk,4326a12534ac0418531e858dcd0cce992e730639)",0,0,0,0,0,0,0,0,0,0,0,0,0,0,0,0,0,0,0,0,0,0,0,0,0,0,0,
"(org.eclipse.collections.impl.jmh.AnagramListTest.serial_lazy_streams_ec,4326a12534ac0418531e858dcd0cce992e730639)",0,0,0,0,0,0,0,0,0,0,0,0,0,0,0,0,0,0,0,0,0,0,0,0,0,0,0,
"(org.eclipse.collections.impl.jmh.GroupBySetTest.groupBy_2_keys_serial_eager_scala,4326a12534ac0418531e858dcd0cce992e730639)",0,0,0,0,0,0,0,0,0,0,0,0,0,0,0,0,0,0,0,0,0,0,0,0,0,0,0,
"(org.eclipse.collections.impl.jmh.map.TroveMapPutTest.trove,4326a12534ac0418531e858dcd0cce992e730639)",0,0,0,0,0,0,0,0,0,0,0,0,0,0,0,0,0,0,0,0,0,0,0,0,0,0,0,
"(org.eclipse.collections.impl.jmh.FlatCollectTest.serial_lazy_ec,4326a12534ac0418531e858dcd0cce992e730639)",0,0,0,0,0,0,0,0,0,0,0,0,0,0,0,0,0,0,0,0,0,0,0,0,0,0,0,
"(org.eclipse.collections.impl.jmh.GroupBySetTest.groupBy_10000_keys_serial_lazy_streams_ec,4326a12534ac0418531e858dcd0cce992e730639)",0,0,0,0,0,0,0,0,0,0,0,0,0,0,0,0,0,0,0,0,0,0,0,0,0,0,0,
"(org.eclipse.collections.impl.jmh.map.KolobokeMutableMapGetTest.get,4326a12534ac0418531e858dcd0cce992e730639)",0,0,0,0,0,0,0,0,0,0,0,0,0,0,0,0,0,0,0,0,0,0,0,0,0,0,0,
"(org.eclipse.collections.impl.jmh.GroupBySetTest.groupBy_10000_keys_parallel_lazy_scala,4326a12534ac0418531e858dcd0cce992e730639)",0,0,0,0,0,0,0,0,0,0,0,0,0,0,0,0,0,0,0,0,0,0,0,0,0,0,0,
"(org.eclipse.collections.impl.jmh.map.ChainMapPutTest.scala,4326a12534ac0418531e858dcd0cce992e730639)",0,0,0,0,0,0,0,0,0,0,0,0,0,0,0,0,0,0,0,0,0,0,0,0,0,0,0,
"(org.eclipse.collections.impl.jmh.FunctionalInterfaceTest.parallel_lazy_scala,4326a12534ac0418531e858dcd0cce992e730639)",0,0,0,0,0,0,0,0,0,0,0,0,0,0,0,0,0,0,0,0,0,0,0,0,0,0,0,
"(org.eclipse.collections.impl.jmh.FunctionalInterfaceTest.serial_eager_ec,4326a12534ac0418531e858dcd0cce992e730639)",0,0,0,0,0,0,0,0,0,0,0,0,0,0,0,0,0,0,0,0,0,0,0,0,0,0,0,
"(org.eclipse.collections.impl.jmh.SumByDoubleTest.sumByAccount_serial_eager_ec,4326a12534ac0418531e858dcd0cce992e730639)",0,0,0,0,0,0,0,0,0,0,0,0,0,0,0,0,0,0,0,0,0,0,0,0,0,0,0,
"(org.eclipse.collections.impl.jmh.SumByDoubleTest.sumByProduct_parallel_lazy_jdk,4326a12534ac0418531e858dcd0cce992e730639)",0,0,0,0,0,0,0,0,0,0,0,0,0,0,0,0,0,0,0,0,0,0,0,0,0,0,0,
"(org.eclipse.collections.impl.jmh.SumOfDoubleTest.parallel_lazy_collectDoubleSum_jdk,4326a12534ac0418531e858dcd0cce992e730639)",0,0,0,0,0,0,0,0,0,0,0,0,0,0,0,0,0,0,0,0,0,0,0,0,0,0,0,
"(org.eclipse.collections.impl.jmh.map.TroveMutableMapGetTest.get,4326a12534ac0418531e858dcd0cce992e730639)",0,0,0,0,0,0,0,0,0,0,0,0,0,0,0,0,0,0,0,0,0,0,0,0,0,0,0,
"(org.eclipse.collections.impl.jmh.MinTest.parallel_lazy_intstream_jdk,4326a12534ac0418531e858dcd0cce992e730639)",0,0,0,0,0,0,0,0,0,0,0,0,0,0,0,0,0,0,0,0,0,0,0,0,0,0,0,
"(org.eclipse.collections.impl.jmh.SumOfIntTest.serial_eager_sum_intList,4326a12534ac0418531e858dcd0cce992e730639)",0,0,0,0,0,0,0,0,0,0,0,0,0,0,0,0,0,0,0,0,0,0,0,0,0,0,0,
"(org.eclipse.collections.impl.jmh.IntListJMHTest.sumJDKIntStreamParallel,4326a12534ac0418531e858dcd0cce992e730639)",0,0,0,0,0,0,0,0,0,0,0,0,0,0,0,0,0,0,0,0,0,0,0,0,0,0,0,
"(org.eclipse.collections.impl.jmh.set.sorted.SortedSetIterationTest.parallel_mutable_ec,4326a12534ac0418531e858dcd0cce992e730639)",0,0,0,0,0,0,0,0,0,0,0,0,0,0,0,0,0,0,0,0,0,0,0,0,0,0,0,
"(org.eclipse.collections.impl.jmh.MaxByDoubleTest.maxByMarketValue_serial_lazy_collect_lambda_jdk,4326a12534ac0418531e858dcd0cce992e730639)",0,0,0,0,0,0,0,0,0,0,0,0,0,0,0,0,0,0,0,0,0,0,0,0,0,0,0,
"(org.eclipse.collections.impl.jmh.NoneSatisfyTest.process_none_serial_lazy_jdk,4326a12534ac0418531e858dcd0cce992e730639)",0,0,0,0,0,0,0,0,0,0,0,0,0,0,0,0,0,0,0,0,0,0,0,0,0,0,0,
"(org.eclipse.collections.impl.jmh.GroupByListTest.groupBy_100_keys_serial_lazy_scala,4326a12534ac0418531e858dcd0cce992e730639)",0,0,0,0,0,0,0,0,0,0,0,0,0,0,0,0,0,0,0,0,0,0,0,0,0,0,0,
"(org.eclipse.collections.impl.jmh.LongLongMapSmallStressTest.ecRemove,4326a12534ac0418531e858dcd0cce992e730639)",0,0,0,0,0,0,0,0,0,0,0,0,0,0,0,0,0,0,0,0,0,0,0,0,0,0,0,
"(org.eclipse.collections.impl.jmh.map.MapGrowthTest.mutableEcPut,4326a12534ac0418531e858dcd0cce992e730639)",0,0,0,0,0,0,0,0,0,0,0,0,0,0,0,0,0,0,0,0,0,0,0,0,0,0,0,
"(org.eclipse.collections.impl.jmh.FunctionalInterfaceSetTest.serial_eager_ec,4326a12534ac0418531e858dcd0cce992e730639)",0,0,0,0,0,0,0,0,0,0,0,0,0,0,0,0,0,0,0,0,0,0,0,0,0,0,0,
"(org.eclipse.collections.impl.jmh.MaxByDoubleTest.maxByMarketValue_serial_eager_ec,4326a12534ac0418531e858dcd0cce992e730639)",0,0,0,0,0,0,0,0,0,0,0,0,0,0,0,0,0,0,0,0,0,0,0,0,0,0,0,
"(org.eclipse.collections.impl.jmh.MaxByIntTest.maxByQuantity_parallel_lazy_collect_methodref_jdk,4326a12534ac0418531e858dcd0cce992e730639)",0,0,0,0,0,0,0,0,0,0,0,0,0,0,0,0,0,0,0,0,0,0,0,0,0,0,0,
"(org.eclipse.collections.impl.jmh.CollectorJoiningTest.serial_eager_collectToStringJoining_ec,4326a12534ac0418531e858dcd0cce992e730639)",0,0,0,0,0,0,0,0,0,0,0,0,0,0,0,0,0,0,0,0,0,0,0,0,0,0,0,
"(org.eclipse.collections.impl.jmh.GroupByListTest.groupBy_100_keys_serial_eager_scala,4326a12534ac0418531e858dcd0cce992e730639)",0,0,0,0,0,0,0,0,0,0,0,0,0,0,0,0,0,0,0,0,0,0,0,0,0,0,0,
"(org.eclipse.collections.impl.jmh.SummarizeIntTest.serial_lazy_summarizeInt_ec,4326a12534ac0418531e858dcd0cce992e730639)",0,0,0,0,0,0,0,0,0,0,0,0,0,0,0,0,0,0,0,0,0,0,0,0,0,0,0,
"(org.eclipse.collections.impl.jmh.map.MapGrowthTest.immutableScalaPut,4326a12534ac0418531e858dcd0cce992e730639)",0,0,0,0,0,0,0,0,0,0,0,0,0,0,0,0,0,0,0,0,0,0,0,0,0,0,0,
"(org.eclipse.collections.impl.jmh.GroupByListTest.groupBy_2_keys_serial_lazy_jdk,4326a12534ac0418531e858dcd0cce992e730639)",0,0,0,0,0,0,0,0,0,0,0,0,0,0,0,0,0,0,0,0,0,0,0,0,0,0,0,
"(org.eclipse.collections.impl.jmh.MaxByDoubleTest.maxByMarketValue_serial_lazy_collect_methodref_jdk,4326a12534ac0418531e858dcd0cce992e730639)",0,0,0,0,0,0,0,0,0,0,0,0,0,0,0,0,0,0,0,0,0,0,0,0,0,0,0,
"(org.eclipse.collections.impl.jmh.SumByDoubleTest.sumByProduct_serial_lazy_jdk,4326a12534ac0418531e858dcd0cce992e730639)",0,0,0,0,0,0,0,0,0,0,0,0,0,0,0,0,0,0,0,0,0,0,0,0,0,0,0,
"(org.eclipse.collections.impl.jmh.IntListJMHTest.filterJDKIntStreamParallel,4326a12534ac0418531e858dcd0cce992e730639)",0,0,0,0,0,0,0,0,0,0,0,0,0,0,0,0,0,0,0,0,0,0,0,0,0,0,0,
"(org.eclipse.collections.impl.jmh.AggregateByTest.aggregateByProduct_parallel_eager_ec,4326a12534ac0418531e858dcd0cce992e730639)",0,0,0,0,0,0,0,0,0,0,0,0,0,0,0,0,0,0,0,0,0,0,0,0,0,0,0,
"(org.eclipse.collections.impl.jmh.AnagramSetTest.serial_lazy_streams_ec,4326a12534ac0418531e858dcd0cce992e730639)",0,0,0,0,0,0,0,0,0,0,0,0,0,0,0,0,0,0,0,0,0,0,0,0,0,0,0,
"(org.eclipse.collections.impl.jmh.MaxTest.serial_lazy_jdk,4326a12534ac0418531e858dcd0cce992e730639)",0,0,0,0,0,0,0,0,0,0,0,0,0,0,0,0,0,0,0,0,0,0,0,0,0,0,0,
"(org.eclipse.collections.impl.jmh.AnagramBagTest.parallel_lazy_ec,4326a12534ac0418531e858dcd0cce992e730639)",0,0,0,0,0,0,0,0,0,0,0,0,0,0,0,0,0,0,0,0,0,0,0,0,0,0,0,
"(org.eclipse.collections.impl.jmh.GroupByListTest.groupBy_2_keys_serial_lazy_ec,4326a12534ac0418531e858dcd0cce992e730639)",0,0,0,0,0,0,0,0,0,0,0,0,0,0,0,0,0,0,0,0,0,0,0,0,0,0,0,
"(org.eclipse.collections.impl.jmh.CollectIfTest.serial_lazy_ec,4326a12534ac0418531e858dcd0cce992e730639)",0,0,0,0,0,0,0,0,0,0,0,0,0,0,0,0,0,0,0,0,0,0,0,0,0,0,0,
"(org.eclipse.collections.impl.jmh.AggregateByTest.aggregateByProduct_parallel_lazy_ec,4326a12534ac0418531e858dcd0cce992e730639)",0,0,0,0,0,0,0,0,0,0,0,0,0,0,0,0,0,0,0,0,0,0,0,0,0,0,0,
"(org.eclipse.collections.impl.jmh.SumByDoubleTest.sumByAccount_serial_lazy_jdk,4326a12534ac0418531e858dcd0cce992e730639)",0,0,0,0,0,0,0,0,0,0,0,0,0,0,0,0,0,0,0,0,0,0,0,0,0,0,0,
"(org.eclipse.collections.impl.jmh.AnySatisfyTest.process_all_serial_lazy_streams_ec,4326a12534ac0418531e858dcd0cce992e730639)",0,0,0,0,0,0,0,0,0,0,0,0,0,0,0,0,0,0,0,0,0,0,0,0,0,0,0,
"(org.eclipse.collections.impl.jmh.GroupBySetTest.groupBy_unordered_lists_10000_keys_serial_eager_guava,4326a12534ac0418531e858dcd0cce992e730639)",0,0,0,0,0,0,0,0,0,0,0,0,0,0,0,0,0,0,0,0,0,0,0,0,0,0,0,
"(org.eclipse.collections.impl.jmh.MaxByIntTest.maxByQuantity_serial_lazy_collect_lambda_jdk,4326a12534ac0418531e858dcd0cce992e730639)",0,0,0,0,0,0,0,0,0,0,0,0,0,0,0,0,0,0,0,0,0,0,0,0,0,0,0,
"(org.eclipse.collections.impl.jmh.FunctionalInterfaceTest.serial_eager_scala,4326a12534ac0418531e858dcd0cce992e730639)",0,0,0,0,0,0,0,0,0,0,0,0,0,0,0,0,0,0,0,0,0,0,0,0,0,0,0,
"(org.eclipse.collections.impl.jmh.MinTest.serial_lazy_jdk,4326a12534ac0418531e858dcd0cce992e730639)",0,0,0,0,0,0,0,0,0,0,0,0,0,0,0,0,0,0,0,0,0,0,0,0,0,0,0,
"(org.eclipse.collections.impl.jmh.IntIntMapLargeStressTest.kolobokeRemove,4326a12534ac0418531e858dcd0cce992e730639)",0,0,0,0,0,0,0,0,0,0,0,0,0,0,0,0,0,0,0,0,0,0,0,0,0,0,0,
"(org.eclipse.collections.impl.jmh.SelectTest.parallel_lazy_jdk,4326a12534ac0418531e858dcd0cce992e730639)",0,0,0,0,0,0,0,0,0,0,0,0,0,0,0,0,0,0,0,0,0,0,0,0,0,0,0,
"(org.eclipse.collections.impl.jmh.IntListJMHTest.sumECBoxedEager,4326a12534ac0418531e858dcd0cce992e730639)",0,0,0,0,0,0,0,0,0,0,0,0,0,0,0,0,0,0,0,0,0,0,0,0,0,0,0,
"(org.eclipse.collections.impl.jmh.IntIntMapSmallStressTest.kolobokeRemove,4326a12534ac0418531e858dcd0cce992e730639)",0,0,0,0,0,0,0,0,0,0,0,0,0,0,0,0,0,0,0,0,0,0,0,0,0,0,0,
"(org.eclipse.collections.impl.jmh.GroupBySetTest.groupBy_unordered_lists_10000_keys_serial_lazy_ec,4326a12534ac0418531e858dcd0cce992e730639)",0,0,0,0,0,0,0,0,0,0,0,0,0,0,0,0,0,0,0,0,0,0,0,0,0,0,0,
"(org.eclipse.collections.impl.jmh.SumOfIntTest.parallel_lazy_mapToIntSum_jdk,4326a12534ac0418531e858dcd0cce992e730639)",0,0,0,0,0,0,0,0,0,0,0,0,0,0,0,0,0,0,0,0,0,0,0,0,0,0,0,
"(org.eclipse.collections.impl.jmh.GroupBySetTest.groupBy_100_keys_parallel_lazy_scala,4326a12534ac0418531e858dcd0cce992e730639)",0,0,0,0,0,0,0,0,0,0,0,0,0,0,0,0,0,0,0,0,0,0,0,0,0,0,0,
"(org.eclipse.collections.impl.jmh.AggregateByTest.aggregateInPlaceByCategory_parallel_eager_ec,4326a12534ac0418531e858dcd0cce992e730639)",0,0,0,0,0,0,0,0,0,0,0,0,0,0,0,0,0,0,0,0,0,0,0,0,0,0,0,
"(org.eclipse.collections.impl.jmh.AggregateByTest.aggregateByAccount_serial_lazy_ec,4326a12534ac0418531e858dcd0cce992e730639)",0,0,0,0,0,0,0,0,0,0,0,0,0,0,0,0,0,0,0,0,0,0,0,0,0,0,0,
"(org.eclipse.collections.impl.jmh.CollectIfTest.parallel_lazy_streams_ec,4326a12534ac0418531e858dcd0cce992e730639)",0,0,0,0,0,0,0,0,0,0,0,0,0,0,0,0,0,0,0,0,0,0,0,0,0,0,0,
"(org.eclipse.collections.impl.jmh.GroupBySetTest.groupBy_10000_keys_parallel_lazy_ec,4326a12534ac0418531e858dcd0cce992e730639)",0,0,0,0,0,0,0,0,0,0,0,0,0,0,0,0,0,0,0,0,0,0,0,0,0,0,0,
"(org.eclipse.collections.impl.jmh.set.sorted.SortedSetIterationTest.parallel_immutable_ec,4326a12534ac0418531e858dcd0cce992e730639)",0,0,0,0,0,0,0,0,0,0,0,0,0,0,0,0,0,0,0,0,0,0,0,0,0,0,0,
"(org.eclipse.collections.impl.jmh.ListAddAllTest.jdk,4326a12534ac0418531e858dcd0cce992e730639)",0,0,0,0,0,0,0,0,0,0,0,0,0,0,0,0,0,0,0,0,0,0,0,0,0,0,0,
"(org.eclipse.collections.impl.jmh.SumOfDoubleTest.serial_eager_directSumOfDouble_ec,4326a12534ac0418531e858dcd0cce992e730639)",0,0,0,0,0,0,0,0,0,0,0,0,0,0,0,0,0,0,0,0,0,0,0,0,0,0,0,
"(org.eclipse.collections.impl.jmh.AnagramBagTest.parallel_eager_forkjoin_ec,4326a12534ac0418531e858dcd0cce992e730639)",0,0,0,0,0,0,0,0,0,0,0,0,0,0,0,0,0,0,0,0,0,0,0,0,0,0,0,
"(org.eclipse.collections.impl.jmh.CountSetTest.serial_lazy_scala,4326a12534ac0418531e858dcd0cce992e730639)",0,0,0,0,0,0,0,0,0,0,0,0,0,0,0,0,0,0,0,0,0,0,0,0,0,0,0,
"(org.eclipse.collections.impl.jmh.GroupByListTest.groupBy_10000_keys_serial_eager_ec,4326a12534ac0418531e858dcd0cce992e730639)",0,0,0,0,0,0,0,0,0,0,0,0,0,0,0,0,0,0,0,0,0,0,0,0,0,0,0,
"(org.eclipse.collections.impl.jmh.CollectTest.serial_lazy_jdk,4326a12534ac0418531e858dcd0cce992e730639)",0,0,0,0,0,0,0,0,0,0,0,0,0,0,0,0,0,0,0,0,0,0,0,0,0,0,0,
"(org.eclipse.collections.impl.jmh.AnySatisfyTest.short_circuit_middle_parallel_lazy_scala,4326a12534ac0418531e858dcd0cce992e730639)",0,0,0,0,0,0,0,0,0,0,0,0,0,0,0,0,0,0,0,0,0,0,0,0,0,0,0,
"(org.eclipse.collections.impl.jmh.MinByIntTest.minByQuantity_serial_lazy_ec,4326a12534ac0418531e858dcd0cce992e730639)",0,0,0,0,0,0,0,0,0,0,0,0,0,0,0,0,0,0,0,0,0,0,0,0,0,0,0,
"(org.eclipse.collections.impl.jmh.IntIntMapSmallStressTest.ecPut,4326a12534ac0418531e858dcd0cce992e730639)",0,0,0,0,0,0,0,0,0,0,0,0,0,0,0,0,0,0,0,0,0,0,0,0,0,0,0,
"(org.eclipse.collections.impl.jmh.IntListJMHTest.filterMapSumECBoxedEager,4326a12534ac0418531e858dcd0cce992e730639)",0,0,0,0,0,0,0,0,0,0,0,0,0,0,0,0,0,0,0,0,0,0,0,0,0,0,0,
"(org.eclipse.collections.impl.jmh.SumByDoubleTest.sumByCategory_parallel_lazy_jdk,4326a12534ac0418531e858dcd0cce992e730639)",0,0,0,0,0,0,0,0,0,0,0,0,0,0,0,0,0,0,0,0,0,0,0,0,0,0,0,
"(org.eclipse.collections.impl.jmh.SelectTest.parallel_eager_ec,4326a12534ac0418531e858dcd0cce992e730639)",0,0,0,0,0,0,0,0,0,0,0,0,0,0,0,0,0,0,0,0,0,0,0,0,0,0,0,
"(org.eclipse.collections.impl.jmh.set.sorted.SortedSetIterationTest.serial_mutable_ec,4326a12534ac0418531e858dcd0cce992e730639)",0,0,0,0,0,0,0,0,0,0,0,0,0,0,0,0,0,0,0,0,0,0,0,0,0,0,0,
"(org.eclipse.collections.impl.jmh.CountSetTest.parallel_lazy_streams_ec,4326a12534ac0418531e858dcd0cce992e730639)",0,0,0,0,0,0,0,0,0,0,0,0,0,0,0,0,0,0,0,0,0,0,0,0,0,0,0,
"(org.eclipse.collections.impl.jmh.set.sorted.SortedSetIterationTest.serial_immutable_ec,4326a12534ac0418531e858dcd0cce992e730639)",0,0,0,0,0,0,0,0,0,0,0,0,0,0,0,0,0,0,0,0,0,0,0,0,0,0,0,
"(org.eclipse.collections.impl.jmh.CollectorJoiningTest.parallel_lazy_makeString_ec,4326a12534ac0418531e858dcd0cce992e730639)",0,0,0,0,0,0,0,0,0,0,0,0,0,0,0,0,0,0,0,0,0,0,0,0,0,0,0,
"(org.eclipse.collections.impl.jmh.AggregateByTest.aggregateInPlaceByAccount_parallel_lazy_ec,4326a12534ac0418531e858dcd0cce992e730639)",0,0,0,0,0,0,0,0,0,0,0,0,0,0,0,0,0,0,0,0,0,0,0,0,0,0,0,
"(org.eclipse.collections.impl.jmh.MinByIntTest.minByQuantity_serial_lazy_direct_lambda_jdk,4326a12534ac0418531e858dcd0cce992e730639)",0,0,0,0,0,0,0,0,0,0,0,0,0,0,0,0,0,0,0,0,0,0,0,0,0,0,0,
"(org.eclipse.collections.impl.jmh.CollectorJoiningTest.serial_lazy_mapToStringJoining_jdk,4326a12534ac0418531e858dcd0cce992e730639)",0,0,0,0,0,0,0,0,0,0,0,0,0,0,0,0,0,0,0,0,0,0,0,0,0,0,0,
"(org.eclipse.collections.impl.jmh.GroupByListTest.groupBy_100_keys_serial_lazy_jdk,4326a12534ac0418531e858dcd0cce992e730639)",0,0,0,0,0,0,0,0,0,0,0,0,0,0,0,0,0,0,0,0,0,0,0,0,0,0,0,
"(org.eclipse.collections.impl.jmh.SumByDoubleTest.sumByAccount_parallel_eager_ec,4326a12534ac0418531e858dcd0cce992e730639)",0,0,0,0,0,0,0,0,0,0,0,0,0,0,0,0,0,0,0,0,0,0,0,0,0,0,0,
"(org.eclipse.collections.impl.jmh.FunctionalInterfaceTest.serial_lazy_ec,4326a12534ac0418531e858dcd0cce992e730639)",0,0,0,0,0,0,0,0,0,0,0,0,0,0,0,0,0,0,0,0,0,0,0,0,0,0,0,
"(org.eclipse.collections.impl.jmh.SumByBigDecimalTest.sumByBigDecimalCategory_serial_eager_ec,4326a12534ac0418531e858dcd0cce992e730639)",0,0,0,0,0,0,0,0,0,0,0,0,0,0,0,0,0,0,0,0,0,0,0,0,0,0,0,
"(org.eclipse.collections.impl.jmh.CollectTest.parallel_lazy_scala,4326a12534ac0418531e858dcd0cce992e730639)",0,0,0,0,0,0,0,0,0,0,0,0,0,0,0,0,0,0,0,0,0,0,0,0,0,0,0,
"(org.eclipse.collections.impl.jmh.NoneSatisfyTest.short_circuit_middle_serial_lazy_ec,4326a12534ac0418531e858dcd0cce992e730639)",0,0,0,0,0,0,0,0,0,0,0,0,0,0,0,0,0,0,0,0,0,0,0,0,0,0,0,
"(org.eclipse.collections.impl.jmh.IntIntMapSmallStressTest.kolobokeGet,4326a12534ac0418531e858dcd0cce992e730639)",0,0,0,0,0,0,0,0,0,0,0,0,0,0,0,0,0,0,0,0,0,0,0,0,0,0,0,
"(org.eclipse.collections.impl.jmh.IntListJMHTest.filterECParallelEager,4326a12534ac0418531e858dcd0cce992e730639)",0,0,0,0,0,0,0,0,0,0,0,0,0,0,0,0,0,0,0,0,0,0,0,0,0,0,0,
"(org.eclipse.collections.impl.jmh.CollectTest.serial_lazy_ec,4326a12534ac0418531e858dcd0cce992e730639)",0,0,0,0,0,0,0,0,0,0,0,0,0,0,0,0,0,0,0,0,0,0,0,0,0,0,0,
"(org.eclipse.collections.impl.jmh.LongIntMapTest.remove,4326a12534ac0418531e858dcd0cce992e730639)",0,0,0,0,0,0,0,0,0,0,0,0,0,0,0,0,0,0,0,0,0,0,0,0,0,0,0,
"(org.eclipse.collections.impl.jmh.AnagramBagTest.serial_lazy_streams_ec,4326a12534ac0418531e858dcd0cce992e730639)",0,0,0,0,0,0,0,0,0,0,0,0,0,0,0,0,0,0,0,0,0,0,0,0,0,0,0,
"(org.eclipse.collections.impl.jmh.CountSetTest.serial_lazy_ec,4326a12534ac0418531e858dcd0cce992e730639)",0,0,0,0,0,0,0,0,0,0,0,0,0,0,0,0,0,0,0,0,0,0,0,0,0,0,0,
"(org.eclipse.collections.impl.jmh.CollectIfTest.serial_lazy_streams_ec,4326a12534ac0418531e858dcd0cce992e730639)",0,0,0,0,0,0,0,0,0,0,0,0,0,0,0,0,0,0,0,0,0,0,0,0,0,0,0,
"(org.eclipse.collections.impl.jmh.CountSetTest.parallel_lazy_ec,4326a12534ac0418531e858dcd0cce992e730639)",0,0,0,0,0,0,0,0,0,0,0,0,0,0,0,0,0,0,0,0,0,0,0,0,0,0,0,
"(org.eclipse.collections.impl.jmh.map.ScalaImmutableMapGetTest.get,4326a12534ac0418531e858dcd0cce992e730639)",0,0,0,0,0,0,0,0,0,0,0,0,0,0,0,0,0,0,0,0,0,0,0,0,0,0,0,
"(org.eclipse.collections.impl.jmh.AnySatisfyTest.short_circuit_middle_serial_eager_scala,4326a12534ac0418531e858dcd0cce992e730639)",0,0,0,0,0,0,0,0,0,0,0,0,0,0,0,0,0,0,0,0,0,0,0,0,0,0,0,
"(org.eclipse.collections.impl.jmh.map.ChainMapPutTest.ec,4326a12534ac0418531e858dcd0cce992e730639)",0,0,0,0,0,0,0,0,0,0,0,0,0,0,0,0,0,0,0,0,0,0,0,0,0,0,0,
"(org.eclipse.collections.impl.jmh.AggregateByTest.aggregateByAccount_parallel_eager_ec,4326a12534ac0418531e858dcd0cce992e730639)",0,0,0,0,0,0,0,0,0,0,0,0,0,0,0,0,0,0,0,0,0,0,0,0,0,0,0,
"(org.eclipse.collections.impl.jmh.FunctionalInterfaceTest.parallel_lazy_ec_hand_coded,4326a12534ac0418531e858dcd0cce992e730639)",0,0,0,0,0,0,0,0,0,0,0,0,0,0,0,0,0,0,0,0,0,0,0,0,0,0,0,
"(org.eclipse.collections.impl.jmh.SumByDoubleTest.sumByProduct_parallel_lazy_streams_ec,4326a12534ac0418531e858dcd0cce992e730639)",0,0,0,0,0,0,0,0,0,0,0,0,0,0,0,0,0,0,0,0,0,0,0,0,0,0,0,
"(org.eclipse.collections.impl.jmh.AnagramListTest.parallel_lazy_streams_ec,4326a12534ac0418531e858dcd0cce992e730639)",0,0,0,0,0,0,0,0,0,0,0,0,0,0,0,0,0,0,0,0,0,0,0,0,0,0,0,
"(org.eclipse.collections.impl.jmh.CountSetTest.serial_eager_scala,4326a12534ac0418531e858dcd0cce992e730639)",0,0,0,0,0,0,0,0,0,0,0,0,0,0,0,0,0,0,0,0,0,0,0,0,0,0,0,
"(org.eclipse.collections.impl.jmh.LongLongMapLargeStressTest.ecPut,4326a12534ac0418531e858dcd0cce992e730639)",0,0,0,0,0,0,0,0,0,0,0,0,0,0,0,0,0,0,0,0,0,0,0,0,0,0,0,
"(org.eclipse.collections.impl.jmh.GroupBySetTest.groupBy_10000_keys_serial_lazy_jdk,4326a12534ac0418531e858dcd0cce992e730639)",0,0,0,0,0,0,0,0,0,0,0,0,0,0,0,0,0,0,0,0,0,0,0,0,0,0,0,
"(org.eclipse.collections.impl.jmh.GroupBySetTest.groupBy_100_keys_serial_lazy_jdk,4326a12534ac0418531e858dcd0cce992e730639)",0,0,0,0,0,0,0,0,0,0,0,0,0,0,0,0,0,0,0,0,0,0,0,0,0,0,0,
"(org.eclipse.collections.impl.jmh.MaxTest.parallel_lazy_ec,4326a12534ac0418531e858dcd0cce992e730639)",0,0,0,0,0,0,0,0,0,0,0,0,0,0,0,0,0,0,0,0,0,0,0,0,0,0,0,
"(org.eclipse.collections.impl.jmh.AggregateByTest.aggregateByAccount_parallel_lazy_streams_ec,4326a12534ac0418531e858dcd0cce992e730639)",0,0,0,0,0,0,0,0,0,0,0,0,0,0,0,0,0,0,0,0,0,0,0,0,0,0,0,
"(org.eclipse.collections.impl.jmh.GroupBySetTest.groupBy_100_keys_parallel_lazy_jdk,4326a12534ac0418531e858dcd0cce992e730639)",0,0,0,0,0,0,0,0,0,0,0,0,0,0,0,0,0,0,0,0,0,0,0,0,0,0,0,
"(org.eclipse.collections.impl.jmh.AnySatisfyTest.short_circuit_middle_serial_eager_ec,4326a12534ac0418531e858dcd0cce992e730639)",0,0,0,0,0,0,0,0,0,0,0,0,0,0,0,0,0,0,0,0,0,0,0,0,0,0,0,
"(org.eclipse.collections.impl.jmh.AllSatisfyTest.short_circuit_middle_serial_lazy_streams_ec,4326a12534ac0418531e858dcd0cce992e730639)",0,0,0,0,0,0,0,0,0,0,0,0,0,0,0,0,0,0,0,0,0,0,0,0,0,0,0,
"(org.eclipse.collections.impl.jmh.GroupByListTest.groupBy_10000_keys_serial_lazy_scala,4326a12534ac0418531e858dcd0cce992e730639)",0,0,0,0,0,0,0,0,0,0,0,0,0,0,0,0,0,0,0,0,0,0,0,0,0,0,0,
"(org.eclipse.collections.impl.jmh.GroupByListTest.groupBy_100_keys_serial_lazy_ec,4326a12534ac0418531e858dcd0cce992e730639)",0,0,0,0,0,0,0,0,0,0,0,0,0,0,0,0,0,0,0,0,0,0,0,0,0,0,0,
"(org.eclipse.collections.impl.jmh.GroupBySetTest.groupBy_unordered_lists_100_keys_serial_lazy_ec,4326a12534ac0418531e858dcd0cce992e730639)",0,0,0,0,0,0,0,0,0,0,0,0,0,0,0,0,0,0,0,0,0,0,0,0,0,0,0,
"(org.eclipse.collections.impl.jmh.MinByIntTest.minByQuantity_parallel_lazy_collect_lambda_jdk,4326a12534ac0418531e858dcd0cce992e730639)",0,0,0,0,0,0,0,0,0,0,0,0,0,0,0,0,0,0,0,0,0,0,0,0,0,0,0,
"(org.eclipse.collections.impl.jmh.NoneSatisfyTest.process_none_serial_eager_ec,4326a12534ac0418531e858dcd0cce992e730639)",0,0,0,0,0,0,0,0,0,0,0,0,0,0,0,0,0,0,0,0,0,0,0,0,0,0,0,
"(org.eclipse.collections.impl.jmh.CountTest.parallel_lazy_jdk,4326a12534ac0418531e858dcd0cce992e730639)",0,0,0,0,0,0,0,0,0,0,0,0,0,0,0,0,0,0,0,0,0,0,0,0,0,0,0,
"(org.eclipse.collections.impl.jmh.PartitionTest.serial_lazy_streams_ec,4326a12534ac0418531e858dcd0cce992e730639)",0,0,0,0,0,0,0,0,0,0,0,0,0,0,0,0,0,0,0,0,0,0,0,0,0,0,0,
"(org.eclipse.collections.impl.jmh.SumByBigDecimalTest.sumByBigDecimalCategory_parallel_eager_ec,4326a12534ac0418531e858dcd0cce992e730639)",0,0,0,0,0,0,0,0,0,0,0,0,0,0,0,0,0,0,0,0,0,0,0,0,0,0,0,
"(org.eclipse.collections.impl.jmh.IntIntMapLargeStressTest.kolobokePut,4326a12534ac0418531e858dcd0cce992e730639)",0,0,0,0,0,0,0,0,0,0,0,0,0,0,0,0,0,0,0,0,0,0,0,0,0,0,0,
"(org.eclipse.collections.impl.jmh.MaxByDoubleTest.maxByMarketValue_serial_lazy_ec,4326a12534ac0418531e858dcd0cce992e730639)",0,0,0,0,0,0,0,0,0,0,0,0,0,0,0,0,0,0,0,0,0,0,0,0,0,0,0,
"(org.eclipse.collections.impl.jmh.MinTest.parallel_lazy_streams_ec,4326a12534ac0418531e858dcd0cce992e730639)",0,0,0,0,0,0,0,0,0,0,0,0,0,0,0,0,0,0,0,0,0,0,0,0,0,0,0,
"(org.eclipse.collections.impl.jmh.CollectTest.parallel_lazy_streams_ec,4326a12534ac0418531e858dcd0cce992e730639)",0,0,0,0,0,0,0,0,0,0,0,0,0,0,0,0,0,0,0,0,0,0,0,0,0,0,0,
"(org.eclipse.collections.impl.jmh.CountTest.serial_lazy_scala,4326a12534ac0418531e858dcd0cce992e730639)",0,0,0,0,0,0,0,0,0,0,0,0,0,0,0,0,0,0,0,0,0,0,0,0,0,0,0,
"(org.eclipse.collections.impl.jmh.MaxTest.parallel_lazy_reverse_ec,4326a12534ac0418531e858dcd0cce992e730639)",0,0,0,0,0,0,0,0,0,0,0,0,0,0,0,0,0,0,0,0,0,0,0,0,0,0,0,
"(org.eclipse.collections.impl.jmh.MinByDoubleTest.minByMarketValue_parallel_lazy_collect_methodref_jdk,4326a12534ac0418531e858dcd0cce992e730639)",0,0,0,0,0,0,0,0,0,0,0,0,0,0,0,0,0,0,0,0,0,0,0,0,0,0,0,
"(org.eclipse.collections.impl.jmh.MinTest.serial_lazy_intstream_jdk,4326a12534ac0418531e858dcd0cce992e730639)",0,0,0,0,0,0,0,0,0,0,0,0,0,0,0,0,0,0,0,0,0,0,0,0,0,0,0,
"(org.eclipse.collections.impl.jmh.PartitionTest.serial_lazy_ec,4326a12534ac0418531e858dcd0cce992e730639)",0,0,0,0,0,0,0,0,0,0,0,0,0,0,0,0,0,0,0,0,0,0,0,0,0,0,0,
"(org.eclipse.collections.impl.jmh.SelectTest.serial_lazy_ec,4326a12534ac0418531e858dcd0cce992e730639)",0,0,0,0,0,0,0,0,0,0,0,0,0,0,0,0,0,0,0,0,0,0,0,0,0,0,0,
"(org.eclipse.collections.impl.jmh.SumOfIntTest.serial_lazy_collectIntSum_ec,4326a12534ac0418531e858dcd0cce992e730639)",0,0,0,0,0,0,0,0,0,0,0,0,0,0,0,0,0,0,0,0,0,0,0,0,0,0,0,
"(org.eclipse.collections.impl.jmh.AnySatisfyTest.short_circuit_middle_parallel_lazy_jdk,4326a12534ac0418531e858dcd0cce992e730639)",0,0,0,0,0,0,0,0,0,0,0,0,0,0,0,0,0,0,0,0,0,0,0,0,0,0,0,
"(org.eclipse.collections.impl.jmh.MaxByDoubleTest.maxByMarketValue_serial_lazy_direct_lambda_jdk,4326a12534ac0418531e858dcd0cce992e730639)",0,0,0,0,0,0,0,0,0,0,0,0,0,0,0,0,0,0,0,0,0,0,0,0,0,0,0,
"(org.eclipse.collections.impl.jmh.CountTest.serial_lazy_ec,4326a12534ac0418531e858dcd0cce992e730639)",0,0,0,0,0,0,0,0,0,0,0,0,0,0,0,0,0,0,0,0,0,0,0,0,0,0,0,
"(org.eclipse.collections.impl.jmh.GroupBySetTest.groupBy_100_keys_serial_lazy_streams_ec,4326a12534ac0418531e858dcd0cce992e730639)",0,0,0,0,0,0,0,0,0,0,0,0,0,0,0,0,0,0,0,0,0,0,0,0,0,0,0,
"(org.eclipse.collections.impl.jmh.SumByDoubleTest.sumByCategory_serial_lazy_streams_ec,4326a12534ac0418531e858dcd0cce992e730639)",0,0,0,0,0,0,0,0,0,0,0,0,0,0,0,0,0,0,0,0,0,0,0,0,0,0,0,
"(org.eclipse.collections.impl.jmh.ListEqualTest.ec,4326a12534ac0418531e858dcd0cce992e730639)",0,0,0,0,0,0,0,0,0,0,0,0,0,0,0,0,0,0,0,0,0,0,0,0,0,0,0,
"(org.eclipse.collections.impl.jmh.AnagramSetTest.parallel_lazy_jdk,4326a12534ac0418531e858dcd0cce992e730639)",0,0,0,0,0,0,0,0,0,0,0,0,0,0,0,0,0,0,0,0,0,0,0,0,0,0,0,
"(org.eclipse.collections.impl.jmh.SumByBigDecimalTest.sumByBigDecimalAccount_serial_eager_ec,4326a12534ac0418531e858dcd0cce992e730639)",0,0,0,0,0,0,0,0,0,0,0,0,0,0,0,0,0,0,0,0,0,0,0,0,0,0,0,
"(org.eclipse.collections.impl.jmh.CountSetTest.parallel_eager_ec,4326a12534ac0418531e858dcd0cce992e730639)",0,0,0,0,0,0,0,0,0,0,0,0,0,0,0,0,0,0,0,0,0,0,0,0,0,0,0,
"(org.eclipse.collections.impl.jmh.MaxByIntTest.maxByQuantity_serial_eager_ec,4326a12534ac0418531e858dcd0cce992e730639)",0,0,0,0,0,0,0,0,0,0,0,0,0,0,0,0,0,0,0,0,0,0,0,0,0,0,0,
"(org.eclipse.collections.impl.jmh.SumByDoubleTest.sumByAccount_parallel_lazy_streams_ec,4326a12534ac0418531e858dcd0cce992e730639)",0,0,0,0,0,0,0,0,0,0,0,0,0,0,0,0,0,0,0,0,0,0,0,0,0,0,0,
"(org.eclipse.collections.impl.jmh.set.sorted.SortedSetContainsTest.contains_mutable_scala,4326a12534ac0418531e858dcd0cce992e730639)",0,0,0,0,0,0,0,0,0,0,0,0,0,0,0,0,0,0,0,0,0,0,0,0,0,0,0,
"(org.eclipse.collections.impl.jmh.map.KolobokeMapPutTest.koloboke,4326a12534ac0418531e858dcd0cce992e730639)",0,0,0,0,0,0,0,0,0,0,0,0,0,0,0,0,0,0,0,0,0,0,0,0,0,0,0,
